0.0000000000,0.3122214377,0.6901969314,0.7702620625,-5.6314420700,-0.9200544953,4.1091556549
0.0098719597,0.2787346542,0.6116893888,0.7068077326,-4.9029054642,-1.3133066893,4.0100269318
0.0199699402,0.2350652516,0.5132830143,0.7031304836,-4.1894054413,-1.5910583735,3.906712532
0.0300149918,0.1978590786,0.3919543326,0.6885810494,-3.5138235092,-1.8197997808,3.7206022739
0.0400869846,0.2064626515,0.2854128182,0.7282634377,-2.9648625851,-1.9798578024,3.4984650612
0.0501890182,0.1847804487,0.2153123915,0.7217976451,-2.5025265217,-2.121588707,3.2742373943
0.0602849722,0.1323917508,0.1474557221,0.7217931151,-2.0163376331,-2.1893923283,3.1275537014
0.0705939531,0.078881532,0.0720109567,0.7136716247,-1.5229569674,-2.1270036697,2.9214704037
0.0805369616,0.0405444764,-0.0098676449,0.6416733861,-1.1143529415,-2.1259753704,2.6941411495
0.0905709267,0.0543509983,-0.0420748964,0.6143316627,-0.8048990369,-2.131841898,2.5188627243
0.1005870104,0.0639868677,-0.0885396972,0.5736274123,-0.5375968218,-2.1923236847,2.3233938217
0.1109969616,0.0693684518,-0.1619954407,0.5418376327,-0.2910677493,-2.2006752491,2.1767988205
0.1208269596,0.0699235499,-0.2151840031,0.5025430322,-0.1477084011,-2.1377515793,2.0334501266
0.130851984,0.0742898881,-0.2420660555,0.4548590183,-0.1045606583,-2.0864534378,1.8688857555
0.1409109831,0.0974529088,-0.2751409709,0.4549587369,-0.1260933578,-2.0772235394,1.6862692833
0.1539219618,0.0823383033,-0.2855663598,0.471041739,-0.1422496885,-1.9636244774,1.554666996
0.1630339622,0.0644271076,-0.3121041358,0.4292078018,-0.1404144019,-1.8325494528,1.4750952721
0.1728489399,0.0990202427,-0.3067177832,0.4182178974,-0.146928221,-1.718367815,1.4199404716
0.1817899942,0.1444794834,-0.2891361415,0.4058392644,-0.1776029617,-1.6462731361,1.2893848419
0.1919490099,0.1719763279,-0.2995899618,0.3627337217,-0.2410104424,-1.6082514524,1.1843018532
0.2017760277,0.1867426634,-0.3068628013,0.3772037625,-0.3361696899,-1.4885379076,1.1196142435
0.2118469477,0.1540937722,-0.3022635281,0.3322041631,-0.3305203319,-1.3106256723,1.0581173897
0.2223249674,0.1678600013,-0.2890474498,0.2733339071,-0.3135951757,-1.1931676865,0.9859703183
0.2315199375,0.1976516843,-0.2154838741,0.2822769284,-0.2949469388,-1.0354204178,0.9064094424
0.2415009737,0.2392766178,-0.2062223852,0.2358744144,-0.2260706276,-0.9919499755,0.8087277412
0.2515310049,0.2976334691,-0.248178035,0.2230203748,-0.1510278136,-0.722548604,0.527466476
0.2615939379,0.2493682802,-0.2468679845,0.2315610647,-0.0238825642,-0.4418981075,0.1113484204
0.2716510296,0.1734346151,-0.2197459042,0.2111891508,0.1135533229,-0.4064197242,0.3236910403
0.2818009853,0.259195298,-0.1966046989,0.1802099347,0.2523900568,-0.6159810424,0.5454679728
0.2918019295,0.3504760861,-0.214297086,0.1776761413,0.3951440156,-0.5974773765,0.4254576862
0.3018809557,0.3436944187,-0.2342312634,0.2243005037,0.4475306273,-0.6125462651,0.3224422634
0.3119080067,0.3026864231,-0.2715325058,0.2029605508,0.3895013928,-0.3689500988,0.1675560325
0.3219989538,0.2019453347,-0.4696118534,0.0488218628,0.2266274095,-0.1974492073,0.1623745859
0.3320859671,0.2342010736,-0.4986661375,0.0502131544,-0.0200787727,-0.0781177431,0.0796765015
0.3422489166,0.249707669,-0.4873980582,0.0496844612,-0.1471378356,0.0306892321,0.0128710419
0.3524099588,0.2816690505,-0.4476554692,0.0434061848,-0.1768200994,0.1138898432,-0.0433552116
0.3623809814,0.2404166162,-0.3987925351,0.0054925038,-0.0870446786,0.203392297,-0.1070425808
0.3724780083,0.2478349209,-0.3672994673,0.0121424748,0.050166972,0.2479504496,-0.1293529421
0.3825700283,0.2610751092,-0.3555637896,0.0439792834,0.1406548172,0.2686655223,-0.1654658765
0.3927149773,0.2481610179,-0.3632854521,0.0847096965,0.1274908185,0.2998782992,-0.2429582775
0.4026880264,0.1813942194,-0.3958859742,0.0627248213,0.0618225895,0.3519048691,-0.3129963577
0.4127650261,0.1427784264,-0.4049901068,0.0728271529,0.0205489211,0.4201212227,-0.3734743297
0.4228409529,0.0906439126,-0.3882392347,0.0784807727,0.0515158139,0.5194898248,-0.4721784592
0.4330220222,0.0322949849,-0.3669702113,0.0763899609,0.1307616383,0.5891003013,-0.6431134939
0.4429929256,-0.0601647533,-0.3835971057,0.0381352864,0.2596435547,0.7111725807,-0.8087257743
0.4530780315,-0.1188194454,-0.3998081982,0.0115262223,0.4436951578,0.8667454123,-0.9552230239
0.463138938,-0.1485524476,-0.3953579962,-0.0189826544,0.6959708333,1.0279347897,-1.1452674866
0.4731999636,-0.135337621,-0.3719238341,-0.041922871,1.0456585884,1.1579703093,-1.361898303
0.4832749367,-0.1278683543,-0.3355123699,-0.0805464461,1.5352767706,1.2742278576,-1.600869894
0.493283987,-0.1040785909,-0.3082930148,-0.0857083276,2.1093912125,1.3709237576,-1.8611080647
0.5033899546,-0.0807209313,-0.3025614321,-0.0758636668,2.7244381905,1.4285504818,-2.1468594074
0.513455987,-0.0555533506,-0.3160593808,-0.0361335315,3.2964234352,1.4156095982,-2.4570565224
0.5235409737,-0.074760288,-0.3096732199,0.0510311089,3.8335072994,1.3704406023,-2.7810635567
0.5336049795,-0.0712354183,-0.3180862367,0.1572719216,4.3369336128,1.3834768534,-3.0837976933
0.5436059237,-0.0664371252,-0.3035121262,0.2469556928,4.7524504662,1.4384801388,-3.3418931961
0.5537059307,-0.0225172359,-0.283298403,0.3137426972,5.0842814445,1.4311875105,-3.6031837463
0.5637339354,-0.0018792473,-0.2464150488,0.3525352478,5.269048214,1.2939488888,-3.9059128761
0.573884964,0.0704503357,-0.2554191649,0.3728896379,5.3938970566,1.0672129393,-4.1842489243
0.5841629505,0.1471453011,-0.2730300725,0.3790361285,5.5038118362,0.7378824949,-4.3914909363
0.5939439535,0.2076627612,-0.2674194872,0.3816124201,5.6172785759,0.3772081733,-4.5286722183
0.6040920019,0.2135219276,-0.1863298118,0.3870066404,5.5202975273,0.0381714515,-4.645614624
0.6140860319,0.2122697532,-0.0850283876,0.3914220929,5.5010457039,-0.2856148779,-4.8061032295
0.6244169474,0.2311536372,-0.0551813617,0.3627374768,5.4598841667,-0.659478128,-4.9687347412
0.6342099905,0.2768226564,0.0062381262,0.4033331871,5.3325858116,-1.0565727949,-4.9986310005
0.6443560123,0.2889342606,0.0644957647,0.4318432212,5.2934331894,-1.4056625366,-4.9446434975
0.6543380022,0.3077893555,0.092670165,0.4743000269,5.136121273,-1.6722854376,-4.778034687
0.6646389961,0.3230495155,0.1335870624,0.4587966204,4.9991240501,-1.9382117987,-4.5317950249
0.6745399237,0.3285287619,0.1515386403,0.3700095415,4.9359436035,-2.3287789822,-4.2973165512
0.6845549345,0.3124898076,0.2166416347,0.2550321221,4.8144783974,-2.6528754234,-4.0426154137
0.6946259737,0.2927207053,0.3911243379,0.1352066398,4.6260447502,-2.8992493153,-3.8207747936
0.7049329281,0.2691066563,0.5363715887,0.0579298101,4.4639897346,-3.015597105,-3.7093036175
0.7147599459,0.2813523114,0.6217213273,-0.0097965645,4.2198266983,-3.1414837837,-3.6487817764
0.7248849869,0.3042000532,0.6814414859,-0.0594800152,3.7913031578,-3.2956666946,-3.6126494408
0.7348619699,0.3121815026,0.5861108899,-0.0534988083,3.5175385475,-3.3397059441,-3.4904949665
0.7451579571,0.3044777215,0.4839040935,-0.0709036663,3.2780585289,-3.38530159,-3.1644835472
0.7550829649,0.2775350213,0.5028364658,-0.0211290773,3.1046440601,-3.3122606277,-2.7959589958
0.7650889158,0.1892750412,0.4869997501,-0.0160371121,3.1802864075,-3.1687538624,-2.3690629005
0.775167942,0.0957974195,0.5616465807,-0.088116236,2.9570944309,-2.9246513844,-2.0620245934
0.7854670286,-0.0142308492,0.5651408434,-0.1993105412,2.3869683743,-2.5742359161,-1.9098670483
0.7953369617,-0.0216854084,0.4496897161,-0.3659112453,1.5327323675,-2.408166647,-1.6589826345
0.8051799536,0.0194919091,0.3871056437,-0.5037212372,0.4980280101,-2.3357748985,-1.3751834631
0.8152489662,-0.0158990193,0.4211854637,-0.6019361019,-0.377525866,-2.1731719971,-1.1391605139
0.8255779743,-0.0662463307,0.4898335636,-0.6090969443,-0.798261106,-1.9228184223,-0.9106419086
0.8372550011,-0.0546156801,0.56122154,-0.5940527916,-0.9740697742,-1.619385004,-0.6810979247
0.8457289934,-0.0586531498,0.5797458291,-0.5582473874,-0.9415792823,-1.2257720232,-0.4069649279
0.8556979895,-0.3311015964,0.4704781473,-0.5059456825,-1.1422849894,-0.2414807081,-0.0369162895
0.865860939,-0.2631194592,0.522773087,-0.6183391809,-1.4028679132,0.2151328474,0.2022825032
0.8758490086,-0.148571074,0.5937538743,-0.7313358784,-1.5310373306,0.6572655439,0.321457386
0.885890007,-0.1251692474,0.7197989821,-0.7854323983,-1.2985688448,0.9945672154,0.3162584901
0.8960289955,0.0170169752,0.6631983519,-0.7058669925,-1.0532253981,1.114741087,0.3544809818
0.9061909914,0.1284629107,0.4574264586,-0.518891871,-1.0326248407,1.1976355314,0.5095400214
0.916162014,0.1715966016,0.2990824282,-0.3586770296,-1.3737190962,1.2745820284,0.7252102494
0.9262000322,0.1492100507,0.2569455504,-0.2353301644,-1.9734925032,1.3880175352,0.8623911142
0.9361900091,0.0791493207,0.2416778207,-0.1848360896,-2.5037205219,1.5937092304,1.0601229668
0.9464880228,0.055622872,0.2808463275,-0.1808840632,-2.8437907696,1.7857819796,1.3554855585
0.9564219713,0.0599222742,0.3365371227,-0.1477916837,-3.065089941,1.9470661879,1.651864171
0.9664449692,0.0439792983,0.3532113135,-0.0995358303,-3.2738780975,2.1358411312,1.9163988829
0.9765880108,0.027174158,0.3284763396,-0.0695818737,-3.5976045132,2.29165411,2.1618344784
0.9868140221,0.0382236354,0.3062368333,-0.0334178247,-4.0619258881,2.4173486233,2.3701267242
0.9966210127,0.0645614564,0.312079668,-0.0085735964,-4.5492243767,2.4917216301,2.5497317314
1.0067080259,0.0949726552,0.3498082757,0.0101355864,-4.9643478394,2.4999308586,2.7377800941
1.0167559385,0.1146600991,0.3984267712,0.0039581014,-5.2160549164,2.3862109184,2.8843154907
1.0270450115,0.1357067525,0.4134945869,-0.0022342848,-5.3295388222,2.3222932816,2.9979255199
1.0368999243,0.1886303574,0.4282021523,0.0250183288,-5.3914766312,2.1234009266,3.1719770432
1.0469639301,0.2436984032,0.4222462475,0.0628972575,-5.3574662209,1.8324764967,3.4234685898
1.0570579767,0.2580061853,0.4185501635,0.1516180634,-5.387114048,1.5025808811,3.6420419216
1.067381978,0.2357806861,0.4198346436,0.2514753342,-5.3797402382,1.2011322975,3.7799232006
1.0771579742,0.2032208145,0.4246745408,0.3525076509,-5.3315601349,0.978256762,3.8711144924
1.0872089863,0.1610805541,0.4663304389,0.4025747776,-5.1911497116,0.8153995275,3.9304592609
1.0973069668,0.1268359125,0.4612284601,0.3692521453,-4.8537483215,0.6955154538,3.9696004391
1.1076139212,0.1190250516,0.4520333707,0.3240148425,-4.4329638481,0.5603128076,3.9885377884
1.1174119711,0.1303933263,0.4359317124,0.3021450639,-3.9613964558,0.3593149781,3.9384126663
1.1274960041,0.1425459981,0.4141996801,0.3004886508,-3.5013520718,0.0285129622,3.8500020504
1.1375730038,0.1433355808,0.4174368083,0.3090722561,-3.0216758251,-0.3421686888,3.8029761314
1.1477519274,0.1158504188,0.3897720277,0.3068181276,-2.5702331066,-0.6630734801,3.7793416977
1.1577110291,0.0771275461,0.3017601669,0.3200804591,-2.1168978214,-0.8534189463,3.7600193024
1.1677689552,0.0335452817,0.2166627944,0.3339136839,-1.8357994556,-0.8991765976,3.6887843609
1.1778470278,-0.0108306129,0.1381745636,0.3071964383,-1.6069684029,-0.9499049783,3.5761501789
1.1881599426,-0.0263943095,0.036720477,0.305113852,-1.450560689,-1.0162608624,3.442291975
1.1979990005,-0.0510069467,-0.0241045132,0.2803530693,-1.3002135754,-1.1165682077,3.316911459
1.2080370188,-0.0622087456,-0.0749099627,0.2742007375,-1.1890569925,-1.246976614,3.1840927601
1.2181220055,-0.0891102254,-0.1044264212,0.2773608565,-1.0380601883,-1.3083223104,3.0120122433
1.2284920216,-0.1141893566,-0.1416648328,0.2547434568,-0.936418891,-1.343542695,2.8442034721
1.2385189533,-0.1202176511,-0.1584506333,0.2594959736,-0.8327284455,-1.3679002523,2.7125017643
1.2483199835,-0.1259280145,-0.1986918151,0.2382932305,-0.7204698324,-1.3942233324,2.5935399532
1.2583889961,-0.1294802129,-0.1998600662,0.2653560638,-0.7024032474,-1.3950343132,2.4448831081
1.2686610222,-0.1404731572,-0.2220527232,0.2344810367,-0.6480457187,-1.3954246044,2.3121445179
1.2785329819,-0.1326783597,-0.2322285473,0.2029308677,-0.6652572155,-1.3901633024,2.165623188
1.2885819674,-0.1311759651,-0.2355141938,0.1872474551,-0.6535195708,-1.3984854221,2.0127174854
1.2986819744,-0.1202246845,-0.2539022267,0.2086273432,-0.6687805653,-1.3752030134,1.8608956337
1.3089439869,-0.1279673874,-0.2683345377,0.1908044219,-0.6311352253,-1.3045208454,1.7473087311
1.3188380003,-0.1058989465,-0.2918702066,0.1740548015,-0.6016481519,-1.2697799206,1.6655600071
1.328856945,-0.1032378972,-0.2614804804,0.1687662005,-0.4859586954,-1.2145116329,1.5243378878
1.338925004,-0.1169565618,-0.2399259508,0.1174839661,-0.3584401608,-1.1687947512,1.3671821356
1.3492109776,-0.1300316155,-0.1991120875,0.1123598143,-0.1919011772,-1.077200532,1.1962366104
1.3590619564,-0.1512914598,-0.2178993523,0.0589494072,-0.0584144965,-0.9866993427,1.0645848513
1.3691109419,-0.1303282678,-0.2559479773,0.0410900675,-0.007917555,-0.9189226627,0.9764767885
1.3791879416,-0.0916132629,-0.2945659459,0.0364208184,-0.0319328755,-0.8697522283,0.901119709
1.3894870281,-0.065333873,-0.2853615582,0.0611702763,-0.1018847749,-0.8168426156,0.8098494411
1.3993040323,-0.0446672179,-0.2808573544,0.0629445836,-0.1311542392,-0.7750557661,0.7482933998
1.4093669653,-0.03370497,-0.268992573,0.0910447165,-0.1831482053,-0.7027717233,0.6750785708
1.4194619656,-0.0404685475,-0.2473032176,0.0981532857,-0.2056215554,-0.5941110253,0.608245194
1.429858923,-0.0356098153,-0.233063966,0.0752691552,-0.2353915423,-0.5024001002,0.5552071333
1.4395840168,-0.0249689538,-0.2299673259,0.042123016,-0.2402826846,-0.4433605075,0.5032097101
1.4496769905,-0.0223548133,-0.2301351726,0.0450543724,-0.2186103463,-0.3724319339,0.4490891695
1.4597200155,-0.0335110165,-0.216701597,0.035480734,-0.162911132,-0.2895397246,0.3939028978
1.4700379372,-0.0455612876,-0.1997748911,0.0265949313,-0.1329146624,-0.2032997608,0.2357312292
1.4798719883,-0.0845223367,-0.2452217638,-0.0246132668,-0.0933571383,-0.1127032787,0.0818055645
1.4899579287,-0.0905457437,-0.32942608,-0.042969767,-0.1455391496,-0.0212157778,0.0245258342
1.5000050068,-0.1084549129,-0.3323192298,-0.0287547763,-0.2419431955,0.1177024245,-0.0220994595
1.5118379593,-0.1013881266,-0.3078872263,-0.0100858854,-0.3244186938,0.2502932847,-0.0814736411
1.521247983,-0.0376447178,-0.2920416296,-0.0106976675,-0.394079268,0.2758109272,-0.143027544
1.5302109718,0.0200590175,-0.2519807518,-0.0052085565,-0.3970820904,0.2519058287,-0.2247953713
1.540323019,0.0299397986,-0.2001234591,-9.31668e-05,-0.2871715724,0.2492189705,-0.2959651649
1.5505369902,0.0195980351,-0.1586532295,0.004681523,-0.1103852093,0.2821473181,-0.365011543
1.5603979826,0.013326792,-0.1643039286,0.0249354187,0.0854897574,0.3268442154,-0.4446738958
1.5705039501,0.0093068164,-0.2161365449,0.048513528,0.2225577533,0.3791855574,-0.5752853155
1.5805410147,-0.0184748489,-0.2863859236,0.0443238579,0.3242436349,0.4457880259,-0.7494128942
1.5907919407,-0.0660938323,-0.351629585,0.0206032936,0.4098370671,0.5206676722,-0.9341484308
1.6006569862,-0.1550452411,-0.3857344687,-0.0170541462,0.5312183499,0.6422801018,-1.1602816582
1.6107369661,-0.2573992908,-0.4056880772,-0.0826752856,0.7270445228,0.7888019681,-1.4087184668
1.6208029985,-0.3299898207,-0.3964368999,-0.1315069199,1.0649164915,0.9237283468,-1.6731247902
1.6312459707,-0.3771585524,-0.3769622147,-0.160969317,1.6142169237,1.046700716,-1.9386531115
1.6409269571,-0.3960268199,-0.3345122635,-0.1649783254,2.3171508312,1.1753697395,-2.1872282028
1.6510000229,-0.4045805633,-0.2591383755,-0.162455678,3.1374495029,1.3072067499,-2.4326462746
1.6610759497,-0.3836556971,-0.1998406351,-0.1321777701,3.9857237339,1.4134967327,-2.7279887199
1.6713349819,-0.329262346,-0.1833744347,-0.0769737437,4.7269835472,1.4388692379,-3.0849292278
1.6812720299,-0.257274121,-0.2006717026,0.0193115417,5.2975883484,1.3445464373,-3.5066554546
1.6913279295,-0.1759063303,-0.2663857639,0.1259772182,5.6625275612,1.11251688,-3.9422016144
1.7013700008,-0.0850104988,-0.353526026,0.2415483594,5.8089866638,0.7461702228,-4.3427200317
1.7116910219,-0.043121729,-0.3878816664,0.3472556472,5.7570490837,0.3720418811,-4.6943488121
1.7215019464,-0.0691777766,-0.3812423646,0.3689218163,5.6592130661,0.1082547307,-4.9864501953
1.7315369844,-0.1017637551,-0.3586376607,0.3515605927,5.4601483345,-0.0579858422,-5.1542472839
1.7416290045,-0.0794330537,-0.2952794731,0.3390913606,5.1794838905,-0.2739391923,-5.1882610321
1.7518939972,-0.0310623962,-0.2137866914,0.322840035,4.8294215202,-0.5922326446,-5.2021350861
1.7617639303,0.0175590795,-0.1563083529,0.3145531416,4.4895124435,-0.9656695724,-5.2245330811
1.7718049288,0.0724570453,-0.1149762645,0.3001073003,4.1666426659,-1.331017971,-5.1683578491
1.7818909883,0.1245495677,-0.0638245717,0.27455163,3.9470319748,-1.6663511992,-5.041053772
1.7920659781,0.146938324,-0.0117425388,0.2626094818,3.7635300159,-1.9808131456,-4.8532266617
1.8020459414,0.1389610469,0.0562611148,0.2844839692,3.6507599354,-2.2146675587,-4.6027302742
1.8120909929,0.1158350408,0.1737877131,0.2514616847,3.2611997128,-2.4082546234,-4.3149795532
1.8221780062,0.0675727725,0.399526149,0.1809404492,2.6374697685,-2.5643463135,-4.1471347809
1.8325039148,0.0061259544,0.4359140098,0.0815267488,2.3704493046,-2.6470372677,-4.1035752296
1.8423680067,-0.0036954456,0.4191206992,-0.0411458053,2.2285616398,-2.6441521645,-3.9591329098
1.8523769379,0.0413804241,0.4751524925,-0.1187248304,2.2769567966,-2.664075613,-3.6618511677
1.8624290228,0.1180661172,0.5433179736,-0.1345873475,2.4891047478,-2.7266635895,-3.2924301624
1.8727189302,0.1783070564,0.6961123943,-0.1546176076,2.5157887936,-2.816849947,-3.0015490055
1.8825329542,0.1726804078,0.8166621327,-0.0945450738,2.5884745121,-2.9315216541,-2.9474730492
1.8926519156,0.1284119934,0.7679206133,-0.0529930033,2.8544154167,-2.950240612,-2.9199433327
1.9027220011,0.1268261969,0.7418299913,-0.0632708147,2.9642183781,-2.9219398499,-2.6322095394
1.9130020142,0.1214968562,0.7079301476,-0.0958411172,2.9438493252,-2.89092803,-2.2425091267
1.9228339195,0.0749620497,0.5329198241,-0.1097182706,2.8149731159,-2.7911643982,-1.9037128687
1.9328650236,0.0541494302,0.3896384537,-0.1341421604,2.3542764187,-2.7019979954,-1.6062465906
1.9429249763,0.0575823747,0.3477661908,-0.1463359594,1.6104983091,-2.5914788246,-1.3978898525
1.9534109831,0.0296677034,0.280595541,-0.1698847413,0.9928982258,-2.4016342163,-1.2351826429
1.963351965,0.0133716445,0.2642658055,-0.2840542793,0.3530135751,-2.2199401855,-0.9907155633
1.9732149839,-0.0018786214,0.3937286437,-0.3753919601,-0.103845343,-1.988224268,-0.8057309985
1.983348012,-0.0391568877,0.4144207537,-0.4492362142,-0.2301641256,-1.6234593391,-0.6749154925
1.9933609962,-0.3164029419,0.3081490099,-0.5785096884,-0.7135943174,-0.6527881622,-0.3876223266
2.0033988953,-0.4279886782,0.3263736665,-0.8008518815,-1.3775656223,0.228055045,-0.1279348135
2.013479948,-0.3625822961,0.3150238097,-0.9790663123,-1.7202695608,0.6785410643,0.0953557342
2.0235509872,-0.1117074788,0.5392869711,-1.1579121351,-1.5018362999,0.7229666114,0.2694574893
2.0338129997,0.1277285516,0.7891530395,-0.9917261004,-0.8892778158,0.6141776443,0.1768711656
2.0436899662,0.22945261,0.7213969231,-0.6571478248,-0.2705658674,0.6346818805,0.0514320172
2.0537490845,0.2415323555,0.477022469,-0.3654771447,-0.0154425828,0.7404033542,0.1384882927
2.0638189316,0.1964972317,0.3105219007,-0.1935042739,-0.0363260247,0.919972837,0.3668700755
2.0741050243,0.1446199417,0.206352517,-0.0867328718,-0.2055573761,1.104065299,0.6738637686
2.0839080811,0.06763044,0.1891836524,-0.0425356068,-0.5765759349,1.3983373642,0.8992063403
2.0939908028,-0.0420836546,0.1697675586,-0.1019430831,-1.1395616531,1.7805448771,1.0354501009
2.1040320396,-0.062787652,0.1245056912,-0.1724986434,-1.8598006964,2.0958538055,1.2120491266
2.1142930984,0.0055928803,0.1251907349,-0.2476341724,-2.6541795731,2.2517240047,1.4459244013
2.1241660118,0.0523356013,0.1680858284,-0.2848252654,-3.3805594444,2.3318238258,1.6850537062
2.1342520714,0.0512489043,0.2187829912,-0.2836332917,-3.9531731606,2.4013237953,1.8827295303
2.1442718506,0.0434898175,0.2851716876,-0.2542058825,-4.5428533554,2.4660162926,2.016698122
2.1546020508,0.0451159291,0.308462292,-0.2078503966,-5.0741062164,2.4529061317,2.1824667454
2.1644458771,0.0652120635,0.2939538956,-0.1176834181,-5.4720625877,2.3504180908,2.4575226307
2.1745250225,0.1116933972,0.3222717941,-0.0139450477,-5.7083659172,2.2044405937,2.8440051079
2.1845769882,0.146081537,0.3837323487,0.0522745214,-5.7706236839,2.0493662357,3.2293765545
2.1948869228,0.1549636722,0.456004113,0.0818932578,-5.6756248474,1.8491889238,3.4840826988
2.2046849728,0.1448796988,0.500064671,0.1251477599,-5.4010906219,1.6202931404,3.6506011486
2.2148218155,0.1182957292,0.5056324005,0.1712297797,-4.9513659477,1.3736610413,3.7915837765
2.224822998,0.0867542922,0.4935027659,0.2203729153,-4.5342717171,1.1871302128,3.9177389145
2.2351717949,0.062289115,0.483371824,0.2379608154,-4.1203007698,0.9884305,3.9716854095
2.2449529171,0.0514353774,0.431727916,0.2311899066,-3.7962501049,0.8104456067,3.9056828022
2.2550649643,0.0548336469,0.346347779,0.2263057828,-3.5486798286,0.5955693722,3.8173840046
2.2651050091,0.0616661869,0.2818587124,0.2229121923,-3.3604183197,0.3404699862,3.8235795498
2.2754049301,0.0481310748,0.2344197929,0.2253119349,-3.1173648834,0.052239731,3.8828349113
2.2852430344,0.0062079704,0.1895776093,0.2332299352,-2.864218235,-0.1798299849,3.9166321754
2.2952880859,-0.0456666686,0.1848646104,0.2727583647,-2.6170334816,-0.3517042696,3.914359808
2.3054070473,-0.0945101082,0.1559533775,0.282311976,-2.2573719025,-0.4625359774,3.8473198414
2.3156571388,-0.1176074445,0.1207434162,0.2840189338,-2.0563249588,-0.5103783011,3.7261986732
2.3255610466,-0.1217494607,0.1161949262,0.2786897421,-1.8806248903,-0.5838330984,3.6167521477
2.3355808258,-0.1037493646,0.0222029313,0.2206450701,-1.6935315132,-0.7293847799,3.5008964539
2.3456411362,-0.0830034912,-0.0314038172,0.2128710747,-1.6471040249,-0.8940096498,3.4147965908
2.3559219837,-0.07819435,-0.0541559234,0.2105634809,-1.5749293566,-1.0722458363,3.3223130703
2.3657870293,-0.0978730619,-0.0735992566,0.2089895606,-1.4678630829,-1.2207844257,3.1809923649
2.3758320808,-0.1247601807,-0.0881555453,0.1986956596,-1.2942546606,-1.2997226715,3.0471229553
2.3859491348,-0.1647755802,-0.0577732697,0.1970297694,-1.0403563976,-1.296123147,2.9334478378
2.3961858749,-0.1919492185,-0.0535523668,0.1694610119,-0.7099439502,-1.2599869967,2.8250775337
2.4061009884,-0.172146529,-0.0879884735,0.1550346017,-0.4368314445,-1.2561434507,2.7230772972
2.4160981178,-0.131998688,-0.145573765,0.152923584,-0.249748677,-1.2933956385,2.6178946495
2.4262349606,-0.0988986194,-0.2247350514,0.1700060964,-0.19697842,-1.3478602171,2.4936237335
2.4364609718,-0.1092661321,-0.2716114819,0.1638143659,-0.2376721203,-1.3440085649,2.3248081207
2.446395874,-0.1426614225,-0.2869805396,0.1402733922,-0.3652740121,-1.2943195105,2.1422359943
2.4563729763,-0.1705821455,-0.2929463089,0.0957465693,-0.435181886,-1.2480818033,2.0042443275
2.4664587975,-0.1875607669,-0.267847389,0.0776336119,-0.4552876651,-1.1651574373,1.892802
2.4767029285,-0.1962638795,-0.2568047345,0.040850874,-0.3707184792,-1.0896053314,1.81212008
2.4865860939,-0.1724151671,-0.2427772582,0.0597900115,-0.3316970468,-1.0484906435,1.7186923027
2.4966340065,-0.1622508466,-0.2179827392,0.06176221,-0.2394831926,-0.9922639132,1.5934051275
2.5067439079,-0.1351655424,-0.2603732646,0.0293490235,-0.2101868242,-0.9408100247,1.4713164568
2.5170030594,-0.0997141898,-0.2761529386,0.0259582344,-0.1989072114,-0.9011313319,1.357722044
2.52688694,-0.0901444852,-0.275991708,0.008718784,-0.1471414864,-0.8547036648,1.2483667135
2.536919117,-0.0955533087,-0.2412857711,0.0137535883,-0.0702182651,-0.7647300959,1.1114189625
2.5471739769,-0.1097702682,-0.2059595287,-0.0038433718,0.0685566589,-0.6688011289,0.991448462
2.5572690964,-0.0934740007,-0.1949312985,0.004130776,0.1543935537,-0.6135118008,0.8937696218
2.5671200752,-0.0809368789,-0.1821472943,0.0334332548,0.2092179209,-0.5509195328,0.8183991909
2.577229023,-0.064781636,-0.2311273217,0.0211965982,0.1534820795,-0.5306067467,0.7536539435
2.5872650146,-0.0391013362,-0.2703371048,0.0457978807,0.0037117507,-0.4983680546,0.691061914
2.5975561142,-0.0250121672,-0.2933262885,0.0430219732,-0.1482925862,-0.4554052949,0.6486488581
2.6073849201,-0.0246284325,-0.2569992244,0.0469728671,-0.2363036722,-0.4075781405,0.6157792807
2.617442131,-0.0376335122,-0.2025883496,0.0362718664,-0.2253091931,-0.3356263041,0.5701562762
2.6275258064,-0.0442706086,-0.1466323733,0.0324047767,-0.1927997172,-0.2827926576,0.4926630557
2.6377680302,-0.0431704856,-0.1160272136,0.0372175537,-0.1209664047,-0.2113142759,0.4555179179
2.6477098465,-0.0166714508,-0.134914428,0.0217569415,-0.0858187973,-0.2058886141,0.4268431365
2.6577148438,0.0066348589,-0.1635121405,0.0267971102,-0.0770465285,-0.2326908708,0.3726743758
2.6678509712,-0.0025457465,-0.1770677269,0.0562528335,-0.0942936912,-0.2194970399,0.3036684096
2.6779360771,-0.0351291038,-0.1824308932,0.0589454137,-0.0855238289,-0.1390953511,0.2548635006
2.6879889965,-0.0512441136,-0.2058474422,0.0230514351,-0.1175155789,-0.0389996357,0.189090088
2.697988987,-0.0503575541,-0.2199329436,-0.0038324641,-0.1534372866,0.0270790514,0.1190534085
2.7081108093,-0.0403312184,-0.209454447,-0.0010458279,-0.142370522,0.0904194042,0.0543124899
2.7182650566,-0.0283450801,-0.1865623891,-0.0238040145,-0.0671080649,0.1396574676,0.0192800071
2.7282280922,0.0049469746,-0.1680418551,-0.0219839271,0.0487839133,0.1819279492,0.0001593083
2.7382588387,0.0397300981,-0.1544162631,-0.0040246891,0.2032917589,0.201977089,-0.0614553913
2.7483258247,0.0684603751,-0.1535871327,-0.0040368484,0.3505661786,0.1974044442,-0.1464389861
2.7585480213,0.0759914219,-0.1633057892,-0.005501275,0.4570898414,0.21384947,-0.2080416232
2.7684941292,0.0778732598,-0.1983383596,0.000156815,0.4858874083,0.2115082741,-0.2802524567
2.7785148621,0.059978988,-0.2624477446,0.0117946817,0.4279763401,0.2337038666,-0.3789747655
2.788672924,0.0312347692,-0.3403674662,0.0205053035,0.2875992358,0.2824761868,-0.5222575665
2.7988710403,-0.0204949696,-0.3922562599,0.0229765717,0.1011003032,0.3517484665,-0.7143604755
2.8087599277,-0.0882624686,-0.415355891,0.0191817824,-0.034192007,0.4224953651,-0.9117854238
2.8187949657,-0.1687047184,-0.4101076722,0.0196439568,-0.0821634755,0.5119947195,-1.1166553497
2.8289299011,-0.2655803859,-0.362634927,0.0236995164,-0.0203906558,0.6182519197,-1.3395956755
2.839138031,-0.3431734145,-0.3344872892,0.0111896349,0.1578279734,0.7139850855,-1.542396307
2.8490581512,-0.384844929,-0.3112929761,-0.0035326527,0.4270253479,0.7840898633,-1.729306221
2.8590531349,-0.4111582935,-0.2799655497,-0.0191346463,0.8105345964,0.8401246667,-1.9491692781
2.8691759109,-0.4185193479,-0.2535324395,-0.0234916862,1.3147751093,0.8822672963,-2.182872057
2.8794329166,-0.4041844904,-0.2227389514,-0.0270026382,1.9000355005,0.9336692095,-2.4070351124
2.8892960548,-0.3681854904,-0.2133390009,-0.0233011898,2.5112674236,0.9491786957,-2.6375930309
2.8993339539,-0.3112165034,-0.2300263345,0.0055168224,3.1028923988,0.8976119161,-2.8766732216
2.9094719887,-0.2475889623,-0.2553678453,0.0673445389,3.5853433609,0.7683678865,-3.1656696796
2.9196848869,-0.195199579,-0.2950388491,0.1373952627,3.920999527,0.5887188911,-3.5024340153
2.9296159744,-0.1477592885,-0.3391516507,0.2226698399,4.0509147644,0.3837151229,-3.8720753193
2.9396009445,-0.1048203409,-0.3856904805,0.2805047631,4.0355420113,0.1933653653,-4.2406105995
2.9497470856,-0.0743093193,-0.4195991457,0.2950893641,3.93186903,-0.0242135637,-4.5985188484
2.9599490166,-0.0571699478,-0.4054361284,0.3082262278,3.8059139252,-0.2499082237,-4.8693585396
2.9699239731,-0.0656538904,-0.3188044131,0.2984500527,3.8067939281,-0.4525052607,-5.0223588943
2.9801588058,-0.0829219222,-0.1890853345,0.2740786672,3.9890408516,-0.6432468295,-5.064974308
2.9901609421,-0.0822215676,-0.0148173934,0.2392209172,4.3303542137,-0.8342247605,-5.0311789513
3.0002589226,-0.0464149155,0.1488346159,0.2174661756,4.7292904854,-1.0223708153,-4.9655413628
3.01009202,0.0315965675,0.2276069224,0.2473484278,5.0779447556,-1.1933684349,-4.8064451218
3.0201468468,0.1440911889,0.2083900273,0.2715417743,5.2810144424,-1.5285696983,-4.5741295815
3.0303039551,0.2571506798,0.0946845338,0.3172472715,5.1783852577,-2.0335099697,-4.4150862694
3.0404868126,0.3213624358,-0.016605027,0.3090823889,4.606654644,-2.6993312836,-4.379172802
3.0503599644,0.2935511768,-0.0527676418,0.2233277559,3.7332744598,-3.1895098686,-4.340970993
3.0604529381,0.2076045424,0.031768702,0.092733793,2.7244887352,-3.4695425034,-4.1136293411
3.0704908371,0.1107147634,0.2398361564,-0.0183509048,1.8637230396,-3.3920743465,-3.7725348473
3.0807738304,0.0596427955,0.4028633833,-0.1197856739,1.5222809315,-3.1643955708,-3.3847775459
3.0905969143,0.0820840597,0.5573475957,-0.1927366853,1.6633788347,-2.9515116215,-2.9833471775
3.1007270813,0.1474721432,0.6867782474,-0.204665184,2.0489459038,-2.8592853546,-2.699899435
3.1107709408,0.1888339967,0.7001494765,-0.1784754395,2.4619641304,-2.8527667522,-2.5789558887
3.1211109161,0.2146833986,0.6314606667,-0.1480879188,2.5282251835,-2.8557133675,-2.4685468674
3.1308708191,0.2366652489,0.5321869254,-0.1407867074,2.4518506527,-2.7923133373,-2.4069113731
3.140941143,0.2487797886,0.4259257317,-0.2287325263,2.4199898243,-2.6977183819,-2.3399624825
3.1510009766,0.252448231,0.5121290684,-0.37215662,2.3000636101,-2.64888978,-2.1763906479
3.1613731384,0.209436208,0.6875298023,-0.4307212234,2.3299987316,-2.5381572247,-1.9958387613
3.1711740494,0.1174785197,0.6636462808,-0.400957942,2.757133007,-2.3305761814,-1.6518206596
3.1812610626,0.0656819493,0.6158977151,-0.3841995001,2.9319038391,-2.0696427822,-1.2493118048
3.191341877,0.0206345599,0.4731477499,-0.4174684286,2.4696557522,-1.7217956781,-0.9846327305
3.2016558647,-0.0136156399,0.2197481096,-0.4500974417,1.5104814768,-1.4132428169,-0.710291028
3.2115068436,-0.0338674821,0.0184223838,-0.4478734732,0.3421492875,-0.9980498552,-0.3997417092
3.2215518951,-0.1550396979,-0.0474741086,-0.5497698784,-0.8437209129,-0.2156220675,-0.0507792383
3.2316198349,-0.2294515967,0.0545981638,-0.6724075675,-1.7561340332,0.4378747642,0.3373354673
3.24187994,-0.0902338624,0.3003025651,-0.7598739862,-2.1739804745,0.7129510641,0.4480068684
3.2517340183,0.0171080511,0.4187862575,-0.7829099894,-2.174882412,0.9128652811,0.5150002837
3.2617850304,0.0460327528,0.4690265656,-0.6915593147,-2.1186444759,1.1681556702,0.6988046765
3.2718610764,0.0763369501,0.4535710514,-0.5458687544,-2.1985490322,1.374119997,0.8231583238
3.2821378708,0.1134227216,0.3729948699,-0.4305839539,-2.2610142231,1.5406309366,0.8943971992
3.2919859886,0.164627105,0.3222017288,-0.3567047119,-2.2235627174,1.6423710585,0.9878768325
3.3020410538,0.1951869875,0.3165703118,-0.325063467,-2.1273601055,1.7381886244,1.0707205534
3.3121240139,0.1783427745,0.3197698295,-0.3078926802,-2.0332694054,1.8306868076,1.1355125904
3.3224079609,0.1622137874,0.2938159108,-0.2648254037,-1.9732266665,1.9133719206,1.2056180239
3.3322649002,0.1437979043,0.2253498435,-0.2067437768,-2.0412197113,1.9964153767,1.3394634724
3.3423259258,0.1205951124,0.1700863838,-0.1450681686,-2.2837758064,2.1430559158,1.5339068174
3.3523869514,0.0933041573,0.1102640852,-0.0745474175,-2.6561174393,2.2482061386,1.7230540514
3.3626079559,0.0807723552,0.087505661,-0.0068225311,-3.1809678078,2.3423764706,1.8973704576
3.372535944,0.0815929919,0.0951759741,0.0046064211,-3.7359743118,2.3566260338,2.0599737167
3.3824179173,0.090349488,0.123470597,-0.0055760788,-4.1913089752,2.3293368816,2.2278399467
3.3924520016,0.1131361574,0.1960062087,-0.0452713408,-4.5653457642,2.281314373,2.3616974354
3.4028270245,0.1479920596,0.2590977252,-0.0731929615,-4.751074791,2.1873743534,2.5241529942
3.4127898216,0.1863011271,0.2991994917,-0.0612675585,-4.8027849197,2.0344705582,2.7396328449
3.4229869843,0.2012362331,0.3125863373,-0.0273134764,-4.644739151,1.8274617195,3.0017549992
3.4329938889,0.1937979907,0.3055142462,0.0450580083,-4.444111824,1.6279286146,3.2139642239
3.4431548119,0.1640834212,0.3250044882,0.1209245846,-4.2296295166,1.422290802,3.2849476337
3.4531140327,0.1393202692,0.3211054504,0.1726844907,-4.0302829742,1.2307671309,3.262503624
3.4631769657,0.137455225,0.2952170074,0.1810788512,-3.7757241726,1.0673360825,3.2432439327
3.4732439518,0.1460179389,0.2509233654,0.1858876348,-3.6193835735,0.9096548557,3.2611761093
3.4834918976,0.1425005198,0.240637809,0.1950408816,-3.4830920696,0.7307139635,3.3003396988
3.4933049679,0.114351511,0.2031216919,0.180888474,-3.3306908607,0.5400905013,3.3161327839
3.503412962,0.0755236745,0.2001554072,0.1899793744,-3.1717362404,0.3335258663,3.319173336
3.5134568214,0.0443568192,0.183745116,0.1925231814,-2.959679842,0.1540690213,3.3402659893
3.5237598419,0.0226566773,0.1516804993,0.1797120571,-2.7520048618,-0.0125560444,3.3826034069
3.5336050987,0.0034320629,0.1172739491,0.1717805266,-2.6063072681,-0.1723624915,3.4143404961
3.5436758995,-0.0218111891,0.0556178913,0.1703438759,-2.4713373184,-0.3294119537,3.3951158524
3.5537438393,-0.0324122049,-0.0013438829,0.2087082267,-2.4403195381,-0.4474970698,3.3069198132
3.5640101433,-0.0434969999,-0.0033482083,0.2397812009,-2.4596595764,-0.5482243896,3.1815810204
3.5738458633,-0.0434214212,0.0002935164,0.2390998006,-2.2601151466,-0.6562794447,3.103965044
3.5839800835,-0.0388278104,-0.0074859625,0.1777852774,-1.9259542227,-0.7814808488,2.9827721119
3.5939860344,-0.0438273884,0.0333323702,0.1451945901,-1.5785467625,-0.8403428197,2.9285027981
3.604352951,-0.0373304822,0.0511996374,0.1106595322,-1.1067769527,-0.953004539,2.9187703133
3.6141119003,-0.0561884977,0.0244310126,0.1345092654,-0.7632864714,-1.0505154133,2.8007745743
3.6242527962,-0.1026780903,-0.0407399908,0.1431041956,-0.5142560601,-1.0960950851,2.637172699
3.6342458725,-0.1261380017,-0.1356560886,0.1236049458,-0.4267866015,-1.0969872475,2.5458352566
3.6445989609,-0.1194990575,-0.2216692865,0.1231356189,-0.429036051,-1.0888700485,2.4916870594
3.6543807983,-0.1079699695,-0.2771036923,0.1360716224,-0.5315634608,-1.089645505,2.3473081589
3.6644489765,-0.1038389504,-0.3032113016,0.1565063596,-0.6883327961,-1.1113469601,2.1583375931
3.6745300293,-0.1186030805,-0.2956341803,0.1467552185,-0.7724175453,-1.1428300142,1.999073267
3.6847829819,-0.1488117278,-0.2649149597,0.1308302879,-0.820684135,-1.1260429621,1.8716777563
3.6947188377,-0.1812382638,-0.2201568782,0.1061690375,-0.7027697563,-1.0768114328,1.7782341242
3.7047250271,-0.1869357526,-0.217379421,0.0641311929,-0.5431066751,-1.0363512039,1.7484843731
3.7148590088,-0.1680048406,-0.1987369359,0.062701039,-0.3504437804,-0.9882222414,1.7112965584
3.7250680923,-0.1515910923,-0.201030761,0.063180618,-0.1757990569,-0.9566303492,1.6029640436
3.7349879742,-0.1519268453,-0.1968529522,0.0709727332,-0.08982981,-0.918780148,1.4341350794
3.7450470924,-0.1601157486,-0.2312570512,0.0487719141,-0.0432997793,-0.8854911327,1.2695609331
3.7550930977,-0.1537712514,-0.3019719422,0.0341383182,-0.1569725424,-0.8385454416,1.1358265877
3.7653398514,-0.1470013559,-0.3323471248,0.0425571762,-0.3093320727,-0.7630383968,1.0403405428
3.7752680779,-0.1341067851,-0.359169811,0.0449115001,-0.4560352266,-0.7181228399,0.9650125504
3.7852630615,-0.117240876,-0.3155880868,0.0590750538,-0.5046909451,-0.6572256684,0.9310777187
3.7954001427,-0.0964230001,-0.249235183,0.0492809974,-0.4285516739,-0.5900090933,0.8854346275
3.805629015,-0.0666490495,-0.1885780394,0.0291284863,-0.2571277618,-0.5551314354,0.7972796559
3.8155078888,-0.0441874005,-0.1618286073,0.0118066622,-0.0705187246,-0.5469041467,0.6698204875
3.8255329132,-0.0446778275,-0.1650125682,0.0070963455,0.0411441587,-0.5138042569,0.5519503355
3.835670948,-0.0693580806,-0.1862886846,0.0137703968,0.0936824605,-0.4364111722,0.4712789059
3.8458929062,-0.0851914585,-0.2440516055,-0.0150384353,0.0778390318,-0.3510482609,0.4023064077
3.8558020592,-0.0726511776,-0.2821264267,-0.0377374925,-0.00810917,-0.2981328666,0.3333377242
3.8658018112,-0.0656529963,-0.2820335031,-0.0530158319,-0.0967556536,-0.2975124121,0.2218725234
3.8758659363,-0.1010769904,-0.2779519856,-0.0615989603,-0.1573138088,-0.2292545289,0.0307981782
3.8861899376,-0.1421122253,-0.3481648564,-0.1138970926,-0.1992166638,-0.0996595845,-0.0540700406
3.8960161209,-0.1279632747,-0.3672651947,-0.0972297266,-0.2646734416,0.0407353416,-0.0784046799
3.9061419964,-0.1240850389,-0.3348166347,-0.0940293744,-0.2788625956,0.1761829853,-0.116558522
3.9161410332,-0.085305959,-0.3031630814,-0.0910403803,-0.2731895447,0.2459189147,-0.169615075
3.9265050888,-0.038691137,-0.2629930079,-0.0804913715,-0.2138762027,0.2873898149,-0.2354400307
3.9362699986,-0.0201866943,-0.2288800776,-0.0708787516,-0.1288819611,0.3204311132,-0.326759845
3.9464111328,-0.0170509536,-0.219489187,-0.0545156635,0.0061154133,0.368765533,-0.4180856645
3.9563951492,-0.026341768,-0.2245133221,-0.0336666144,0.1185418218,0.4303639233,-0.5603645444
3.966714859,-0.0644274652,-0.2390713394,-0.038298849,0.2061204612,0.5201944709,-0.7334154248
3.9767618179,-0.1011051238,-0.2747040689,-0.0517758168,0.305498451,0.6061117649,-0.8714315891
3.9866418839,-0.1509629786,-0.2799705565,-0.0576909222,0.4412413538,0.6826309562,-1.0349450111
3.9967570305,-0.2139179409,-0.2777023017,-0.0641276911,0.6334472895,0.7668009996,-1.2398790121
4.0068998337,-0.2681643069,-0.2837128937,-0.0786135867,0.8885729313,0.8545933366,-1.4618160725
4.0167827606,-0.2991010249,-0.29951033,-0.0998072103,1.2289909124,0.9517092109,-1.6699665785
4.0268678665,-0.3046202362,-0.3082074821,-0.1202697232,1.6486375332,1.0240772963,-1.8739013672
4.0370121002,-0.2898672521,-0.2963727415,-0.1219823435,2.1133186817,1.0756872892,-2.0672409534
4.0472230911,-0.2506827414,-0.285285145,-0.1103353575,2.5900950432,1.0912635326,-2.2701580524
4.0570650101,-0.1994914114,-0.2809420526,-0.0647370294,2.9851839542,1.0547989607,-2.5336027145
4.0671391487,-0.1472192705,-0.2977970541,0.0147113157,3.2739601135,0.9734234214,-2.8703069687
4.0771942139,-0.1013532579,-0.3325910866,0.0952794477,3.4182443619,0.8247002363,-3.2526655197
4.0875091553,-0.0710860193,-0.3480335176,0.1697123647,3.4657173157,0.647777319,-3.5989115238
4.0973229408,-0.0625564754,-0.3522513211,0.2155624032,3.5653259754,0.4921358228,-3.8432283401
4.1074171066,-0.0762995183,-0.3158811629,0.2174215913,3.7349131107,0.3876635432,-3.9824206829
4.1175179482,-0.0949902236,-0.2345277369,0.210191071,3.9968934059,0.333312422,-4.0440983772
4.1277928352,-0.0955756009,-0.1409681737,0.2033696771,4.3829946518,0.2495633215,-4.0612268448
4.1376609802,-0.0633739531,-0.0478470698,0.2024368644,4.8049502373,0.1024971753,-4.0730872154
4.1476588249,-0.0046910369,0.0335065946,0.2299685478,5.1850190163,-0.1269231588,-4.1285114288
4.157834053,0.0712909997,0.0955845341,0.2714411616,5.3494033813,-0.4551399052,-4.2380824089
4.168035984,0.1599208713,0.1028847918,0.3113386035,5.3333816528,-0.8893542886,-4.4145550728
4.1779642105,0.2465997636,0.024159275,0.3215860128,5.1483249664,-1.3875683546,-4.5782737732
4.1879620552,0.3052907288,-0.0619294718,0.3655593991,4.6627573967,-1.81171453,-4.5337657928
4.1980876923,0.3140684962,-0.1001571789,0.4015936255,4.0879802704,-2.1609156132,-4.2672829628
4.2083072662,0.2630442381,-0.1236429885,0.3573428392,3.6057977676,-2.3740158081,-3.9189968109
4.218225956,0.1927441359,-0.128167063,0.3155832291,3.131616354,-2.4267582893,-3.5610764027
4.2282238007,0.1503977329,-0.0490563288,0.26218611,2.522413969,-2.4291908741,-3.2806088924
4.2383537292,0.1228381097,0.0385374352,0.2061188817,1.9685250521,-2.4226706028,-3.1657905579
4.2485637665,0.1105478704,0.0947425291,0.1265166998,1.4869011641,-2.3930475712,-3.1847653389
4.2585172653,0.1091073751,0.2138182819,0.0439450108,0.9929984212,-2.4154417515,-3.1910219193
4.2684907913,0.1122957915,0.3678739369,-0.0403744616,0.6223269105,-2.3756484985,-3.1006541252
4.2786259651,0.1116803437,0.4744377732,-0.1486928463,0.5791251063,-2.3155665398,-2.9413433075
4.2888650894,0.1253365129,0.5224035382,-0.1801665425,0.8787457943,-2.277664423,-2.7375361919
4.298760891,0.1532750726,0.525822401,-0.1425552964,1.3835088015,-2.2611150742,-2.5029985905
4.3087587357,0.1908912957,0.4992003739,-0.0881787613,1.9273048639,-2.3058321476,-2.2780563831
4.318898201,0.2116228342,0.4662265778,-0.0517072119,2.3484640121,-2.3660914898,-2.1571483612
4.3290882111,0.2078756243,0.4529785812,-0.0731929019,2.4578995705,-2.4197916985,-2.0775702
4.3390388489,0.1667393744,0.5362319946,-0.1295651197,2.3478720188,-2.4066333771,-2.0276310444
4.3490371704,0.0998421609,0.5372382998,-0.179348588,2.4541842937,-2.2568898201,-1.9872335196
4.3591651917,0.0825729668,0.5176354647,-0.2500157952,2.5338959694,-2.1075246334,-1.8066732883
4.3693671227,0.1116496474,0.5244095325,-0.2387678027,2.4269433022,-1.9670858383,-1.6058965921
4.3793010712,0.1232717186,0.3897751272,-0.2401300669,2.197876215,-1.8906371593,-1.4539630413
4.3893008232,0.1409122944,0.2179131955,-0.2702340484,1.6214306355,-1.8694521189,-1.3380693197
4.3994369507,0.146119684,0.1114390865,-0.3138492107,0.8701146245,-1.861168623,-1.1764810085
4.4096550941,0.1056212485,0.1019932553,-0.3241379857,0.2329012752,-1.8397462368,-0.9427124262
4.4195561409,0.0344084166,0.2001187652,-0.2965738177,-0.0856807157,-1.6635822058,-0.6749702096
4.4295659065,-0.0374846198,0.298301667,-0.29123348,-0.1917629391,-1.2871507406,-0.4093054831
4.4397649765,-0.1253884137,0.319632411,-0.2882891893,-0.2684364021,-0.6528304815,-0.1764352471
4.4500041008,-0.2949256003,0.2584140897,-0.3759552836,-0.7377390265,0.0767358914,0.0555199049
4.4598417282,-0.1779208481,0.2150367945,-0.5444037318,-1.2364531755,0.4374706149,0.229961738
4.4698410034,-0.0495533682,0.2693068683,-0.681276083,-1.4990864992,0.5577080846,0.3075996339
4.479970932,0.0137872975,0.403285116,-0.6778900623,-1.3975151777,0.6432130933,0.2662063837
4.4901900291,0.0947606266,0.3801424801,-0.5539839268,-1.1781750917,0.6951525807,0.2895363271
4.500041008,0.1738912165,0.286845535,-0.3947108984,-1.2073923349,0.7448149323,0.4594563842
4.5101442337,0.2024953961,0.2291144729,-0.2666984797,-1.4916604757,0.7897392511,0.5699786544
4.5202112198,0.140995115,0.1866647452,-0.1939314008,-1.819740057,0.9456135035,0.6678253412
4.530424118,0.0981886983,0.177486673,-0.1703727245,-1.960047245,1.1109991074,0.8335835934
4.5403757095,0.1148889661,0.2157773376,-0.17617625,-2.002199173,1.2805492878,1.0184319019
4.5503740311,0.1178585291,0.2533356547,-0.168812871,-2.0824689865,1.416485548,1.1438120604
4.5605120659,0.1003124565,0.2197032571,-0.15041852,-2.2693350315,1.5421894789,1.3074393272
4.5707187653,0.0836930722,0.1932935119,-0.1343809962,-2.5886254311,1.6786159277,1.5029598475
4.5806541443,0.0735986829,0.1695512235,-0.118333526,-2.9581956863,1.8261857033,1.6846950054
4.5906219482,0.0895436704,0.1670621932,-0.0949100927,-3.3244538307,1.9619795084,1.8462505341
4.6007618904,0.1105793417,0.1949125826,-0.088031359,-3.6639931202,1.9865028858,1.9939390421
4.6109981537,0.1246696785,0.2445073128,-0.0832332447,-3.854799509,1.9707983732,2.11927104
4.6209201813,0.129230395,0.2781033218,-0.1045617536,-3.993350029,1.9574847221,2.2159233093
4.6309137344,0.145517379,0.3074360788,-0.1097553447,-4.0389962196,1.9422072172,2.3751974106
4.6410417557,0.1604278386,0.3514619768,-0.0783820227,-4.1270384789,1.9003367424,2.5811879635
4.6512598991,0.1705744267,0.3606378138,-0.0522827543,-4.1788754463,1.7600793839,2.7839348316
4.6611146927,0.1783368587,0.3187256157,-0.0031989859,-4.3007082939,1.5744928122,2.9633171558
4.6712508202,0.1831365228,0.308373183,0.0715528056,-4.3985452652,1.3371162415,3.1416046619
4.6812477112,0.178047657,0.2953073084,0.1560794115,-4.3985075951,1.1302349567,3.3092656136
4.6915721893,0.1609994173,0.2849126756,0.1935941577,-4.3339676857,0.9810020328,3.4440228939
4.7014732361,0.1504220366,0.286360234,0.2060436606,-4.2900562286,0.8641712666,3.5310208797
4.7115039825,0.1369029582,0.3167009056,0.2037981153,-4.2535700798,0.7394818068,3.5617408752
4.7215847969,0.1247337312,0.3056710064,0.1950444579,-4.0958800316,0.5518940687,3.5478036404
4.7317962646,0.1183876693,0.2769339383,0.168305099,-3.8354887962,0.3409433067,3.556126833
4.7416648865,0.1195776463,0.2869465053,0.1600579619,-3.5844902992,0.1098743975,3.5835545063
4.7516946793,0.0952242017,0.2755992115,0.1608093381,-3.1219890118,-0.1417679638,3.5896816254
4.7618427277,0.0523526035,0.2517774999,0.186407268,-2.7316191196,-0.3339251578,3.5395820141
4.772110939,-0.001160296,0.2224889696,0.1869269013,-2.2330400944,-0.4603362679,3.5011696815
4.7819800377,-0.0254776794,0.1255212724,0.1979902387,-1.8490047455,-0.5527711511,3.4564304352
4.7920680046,-0.0479648449,0.0851649866,0.2370581627,-1.6147044897,-0.613681376,3.4021878242
4.8020768166,-0.0634631813,0.0249032602,0.2200749516,-1.453941226,-0.6860256195,3.3203523159
4.8123607635,-0.062856257,-0.0529608503,0.1921143532,-1.4071733952,-0.7797484994,3.2045581341
4.8221969604,-0.0704934895,-0.1091962829,0.1579896212,-1.4361134768,-0.8793475032,3.1025831699
4.8322467804,-0.0835523307,-0.1420959532,0.1280575395,-1.469275713,-0.9831722379,3.0091011524
4.8423500061,-0.1021067798,-0.1609421074,0.1024014279,-1.3603681326,-1.0995159149,2.9208860397
4.8526129723,-0.1146796644,-0.1604910195,0.1087925956,-1.2114317417,-1.1623308659,2.8518004417
4.8624782562,-0.1447431743,-0.1146170273,0.1315125227,-0.9555973411,-1.1396977901,2.72539258
4.8725171089,-0.1558425725,-0.1140373126,0.1056475565,-0.6783800125,-1.1223422289,2.5745551586
4.8825969696,-0.1304178536,-0.1293802559,0.1054778621,-0.5129814744,-1.1269780397,2.4555895329
4.8929157257,-0.0999518335,-0.1679032147,0.1104288623,-0.4230246246,-1.1640219688,2.3493676186
4.9027018547,-0.0914024413,-0.2633543909,0.0976568386,-0.4643155932,-1.2069140673,2.1730978489
4.9128289223,-0.1067947447,-0.3320315778,0.0859731361,-0.5881726742,-1.2089592218,2.0255396366
4.9228830338,-0.1142804325,-0.3773050606,0.0680149719,-0.742975533,-1.2076123953,1.9512537718
4.9331688881,-0.1299869716,-0.3456993997,0.0576758347,-0.8556557298,-1.1507816315,1.8674273491
4.9430322647,-0.1342820227,-0.2915454209,0.0398998819,-0.8542511463,-1.0846815109,1.7506620884
4.9530930519,-0.112267822,-0.2566302121,0.0172929708,-0.7060152888,-1.0834258795,1.5817991495
4.9631609917,-0.0927364528,-0.2355879247,-0.0045137452,-0.5289294124,-1.0862249136,1.4033706188
4.9734392166,-0.0881967247,-0.1989714205,0.0075982166,-0.3631234169,-1.0226917267,1.3237262964
4.9834032059,-0.0929562747,-0.1894954741,0.0048335744,-0.2015712559,-0.9613724947,1.235586524
4.9933538437,-0.1014277637,-0.2161966264,-0.0009491491,-0.0915711448,-0.8663603663,1.1761440039
5.0034217834,-0.0951384008,-0.2046940625,0.0169184748,-0.095486261,-0.7977000475,1.1337072849
5.0137190819,-0.0847952068,-0.193397671,0.0198973361,-0.0585748702,-0.7551072836,1.1071747541
5.0235557556,-0.0400199629,-0.230714947,0.001757915,-0.0403537899,-0.7635061145,1.0965479612
5.0336236954,-0.0008235894,-0.2362615764,0.0038618993,-0.017728772,-0.7880869508,1.0391925573
5.0437002182,-0.00595245,-0.2236348689,0.0004091215,-0.0244910717,-0.7580316067,0.9383382797
5.0539860725,-0.0244325716,-0.2184205353,-0.0054092454,-0.0368622281,-0.699195981,0.8651069403
5.0638041496,-0.0358145572,-0.2333804667,-0.0001298237,-0.1069952399,-0.628242135,0.7749072313
5.0739388466,-0.0441105105,-0.2407179177,0.0155909611,-0.1781838536,-0.5582949519,0.6942620873
5.0840058327,-0.0345654227,-0.2515187562,-0.0011448908,-0.2181448638,-0.5132659674,0.656069994
5.0942239761,-0.0034708702,-0.2577110827,-0.0074207829,-0.2215137333,-0.4975610971,0.6284741163
5.1040210724,0.015086202,-0.2397823036,-0.0108536528,-0.1621087193,-0.4656590819,0.5594580173
5.1141381264,0.0065904534,-0.2194483578,-0.0368862189,-0.0674526766,-0.4377622008,0.4798124731
5.1242051125,-0.0094811637,-0.2008739412,-0.0516766943,0.0226865336,-0.3843628764,0.4118610919
5.1345510483,-0.0332904793,-0.1989570558,-0.0577102937,0.081832841,-0.3270313144,0.3375486732
5.1443338394,-0.0461524464,-0.2393160164,-0.0502760448,0.0194541477,-0.2847009003,0.2409619242
5.1544489861,-0.0851655304,-0.2547967732,-0.0451101698,-0.0446082726,-0.1820272952,0.1252934635
5.1669249535,-0.0948323309,-0.319642812,-0.0590958036,-0.1468744576,-0.09611132,0.0945701674
5.1754388809,-0.0735778511,-0.3276282847,-0.0450267829,-0.2245998979,-0.0088159004,0.0797681138
5.1851859093,-0.0495134927,-0.3050718606,-0.0435459055,-0.2488138974,0.0605621077,0.0118537806
5.1953458786,-0.0272004325,-0.2724355757,-0.054175321,-0.1704074293,0.1115361378,-0.0868880451
5.2052717209,-0.0173325259,-0.2457170784,-0.0762190893,-0.0344077758,0.1673959494,-0.1644060016
5.2148690224,-0.0191230495,-0.2255404294,-0.0900853351,0.1314214319,0.2289059758,-0.2291882634
5.2249360085,-0.0189236123,-0.2333033979,-0.0850117281,0.249303326,0.2825130224,-0.3024555445
5.2347941399,-0.0205677468,-0.2645060122,-0.0701018646,0.3000129759,0.3302122951,-0.3778306544
5.2449240685,-0.0278193671,-0.296222955,-0.056379322,0.2803221047,0.3729501665,-0.4691190124
5.2551259995,-0.0580413081,-0.3057580292,-0.0472515263,0.2135097682,0.4274906218,-0.6400244832
5.2650380135,-0.1158953011,-0.314961046,-0.0468057431,0.1699324548,0.5054813623,-0.8257892728
5.2750530243,-0.1722733676,-0.33698228,-0.045035366,0.1668127775,0.5958230495,-0.9616540074
5.2851309776,-0.2341102064,-0.3229236901,-0.0429244079,0.247856766,0.7006661296,-1.1017796993
5.2954730988,-0.2895482481,-0.2996461093,-0.0582894124,0.4271847904,0.7945637703,-1.2621096373
5.3052549362,-0.3101206124,-0.2763414681,-0.0737013295,0.7251797318,0.8683247566,-1.4150475264
5.3153948784,-0.3083541095,-0.2378483117,-0.0813451484,1.1459671259,0.9333323836,-1.6104935408
5.3253889084,-0.3007495105,-0.2016399205,-0.0848785713,1.6647570133,1.0149111748,-1.8367476463
5.335726738,-0.2793466151,-0.1828700006,-0.0738068894,2.2254428864,1.0680960417,-2.0800161362
5.3455200195,-0.2536554039,-0.17669788,-0.0352640189,2.7086453438,1.0768288374,-2.3646965027
5.3556518555,-0.232044071,-0.1863071024,0.0337309204,3.1238467693,1.0551441908,-2.6663618088
5.3656640053,-0.191957742,-0.2462469637,0.094487004,3.4018244743,0.9888134003,-2.9595220089
5.375992775,-0.1272402704,-0.3169930279,0.1601778865,3.5031180382,0.8753755689,-3.2431058884
5.3857970238,-0.0671221316,-0.3862289488,0.1970942616,3.5491406918,0.7414728999,-3.4990780354
5.3960700035,-0.0340169407,-0.4233311117,0.2043437958,3.6037709713,0.6025684476,-3.7200155258
5.4060988426,-0.0362742878,-0.3937973678,0.1960575581,3.7617447376,0.4851701856,-3.873013258
5.4163889885,-0.0479721166,-0.3261798918,0.1781509519,4.0361232758,0.3639472425,-3.9549024105
5.4262938499,-0.0449687578,-0.2072118223,0.2031863928,4.1880989075,0.2109728456,-4.0229725838
5.4362459183,-0.0310273487,-0.0717739835,0.2516583204,4.4107017517,0.0383782461,-4.1027498245
5.4463968277,0.009174196,0.0147099132,0.2544187307,4.5633773804,-0.1894618422,-4.2621722221
5.4566321373,0.0918517709,0.0490775928,0.2608141899,4.6430234909,-0.4784846008,-4.4311628342
5.4665598869,0.1976096928,0.0200296268,0.2667876482,4.7574734688,-0.8270561695,-4.5035681725
5.4765758514,0.272290051,-0.0319905654,0.2549136281,5.0333685875,-1.1977494955,-4.442240715
5.486661911,0.2868696451,-0.0627760664,0.241422236,5.3002948761,-1.5189925432,-4.2704572678
5.4969239235,0.2607337534,-0.0103604263,0.3006989956,5.33634758,-1.800386548,-4.0242681503
5.5067620277,0.1999448836,0.0843438134,0.3221663833,5.2122292519,-2.074855566,-3.8035197258
5.5168628693,0.1516049504,0.1513214707,0.2888536453,4.5819263458,-2.3212513924,-3.6442146301
5.5268659592,0.1474564373,0.2276016474,0.22958529,3.4508416653,-2.5447738171,-3.5367972851
5.5372481346,0.1676264554,0.1319294274,0.1385480762,2.4093704224,-2.6594502926,-3.4548289776
5.5470280647,0.2045170516,-0.0334142521,0.0560380779,1.3627429008,-2.6848499775,-3.3441488743
5.5570449829,0.2463442683,-0.1118408814,0.0307747666,0.4915263355,-2.6405928135,-3.2005627155
5.567155838,0.2787853181,-0.1241687015,0.0027509881,0.0002996288,-2.7003076077,-2.9127204418
5.5775547028,0.2646180391,0.0751137063,-0.0268745478,-0.0204547327,-2.7347822189,-2.476334095
5.5872778893,0.1927905828,0.3587598801,-0.0723168924,0.5827310085,-2.6272723675,-2.0931241512
5.5973639488,0.115391545,0.6719638705,-0.139058888,1.5578683615,-2.4783117771,-1.8724433184
5.6075119972,0.052272737,0.9331118464,-0.1815128922,2.4956991673,-2.353120327,-1.9926022291
5.6177210808,0.0044205314,1.0426431894,-0.2332226634,2.8352985382,-2.1718945503,-2.1561148167
5.6276378632,0.0510307662,0.891897738,-0.305990994,3.0291149616,-2.1274325848,-2.1062371731
5.6376047134,0.1770578176,0.5902996659,-0.3854171038,2.830124855,-2.1758835316,-1.9469397068
5.647758007,0.3050189316,0.3908521235,-0.3827920556,2.3429996967,-2.3378195763,-1.8821271658
5.6579751968,0.3821853995,0.2342068702,-0.3246536851,1.9169380665,-2.5213253498,-1.7897342443
5.6678390503,0.3509977758,0.1928811073,-0.2195775509,1.6548126936,-2.5461587906,-1.5040560961
5.6779141426,0.190227598,0.1915303618,-0.1422531009,1.6059281826,-2.2280461788,-1.1460596323
5.6880512238,0.0162353795,0.2279125601,-0.1507883072,1.3569031954,-1.7532932758,-0.9068545103
5.6982598305,-0.0635465086,0.2435919791,-0.2162653804,0.8342240453,-1.3475281,-0.7918449044
5.708176136,-0.0607895888,0.2418293506,-0.3048210144,0.2366994023,-1.0336157084,-0.6683676839
5.7181749344,-0.0396955349,0.2152419388,-0.3853572607,-0.1953163445,-0.7253829837,-0.498214066
5.7283110619,-0.086258173,0.1844908595,-0.4303749204,-0.535820961,-0.2788030803,-0.2260840088
5.7385129929,-0.1063300371,0.1974912584,-0.5161665082,-0.8202877641,0.2227009386,0.0949015319
5.7483849525,-0.0246732552,0.2808893621,-0.5650041699,-1.096820116,0.4581486285,0.2851513624
5.7584519386,0.0316722356,0.3651756942,-0.5495526791,-1.2167975903,0.6088740826,0.2905641198
5.7685527802,0.0313113593,0.3613425791,-0.502699554,-1.2836933136,0.7900071144,0.3320817351
5.7787771225,0.0464011095,0.2806565464,-0.4193609953,-1.4039295912,0.9780788422,0.5328860879
5.7887067795,0.1034089029,0.2357839346,-0.334120512,-1.5974018574,1.1262708902,0.73687464
5.7987089157,0.1563656628,0.2319611907,-0.2798496485,-1.8736619949,1.2219411135,0.8081343174
5.8088102341,0.1412266791,0.2195748836,-0.2616000175,-2.1482930183,1.3662849665,0.8560571074
5.8190588951,0.1204247177,0.1727457047,-0.2549096942,-2.3491904736,1.5077610016,1.0165114403
5.8289642334,0.130766809,0.149322331,-0.2277048826,-2.5234639645,1.6559963226,1.2013827562
5.8389968872,0.1305265278,0.1552224457,-0.2038000226,-2.7334439754,1.7418721914,1.3087195158
5.8490719795,0.1338790953,0.1779401302,-0.1844547391,-2.913574934,1.8287711143,1.3703930378
5.8593320847,0.1378011703,0.1997270584,-0.1521006227,-3.0263004303,1.9005353451,1.4617727995
5.8692498207,0.142539829,0.2474670112,-0.1193977073,-3.0671341419,1.9360874891,1.5987730026
5.8792700768,0.1470594704,0.2897658646,-0.0958607867,-3.0546495914,1.9763766527,1.7400099039
5.8893871307,0.1447053552,0.3103616834,-0.09118063,-3.0567941666,1.9834234715,1.8472557068
5.8996162415,0.141625762,0.3060905933,-0.0861173943,-3.1569998264,1.9767359495,1.932221055
5.9095392227,0.1339044273,0.2655756176,-0.0967459157,-3.3050632477,1.9573255777,2.0830242634
5.9195160866,0.1270959973,0.1917826235,-0.0843318179,-3.5022420883,1.9419382811,2.2656960487
5.9295859337,0.1426472366,0.1629041731,-0.0399598517,-3.839687109,1.8670691252,2.4643006325
5.9398579597,0.1683583856,0.1695964038,0.0374301635,-4.2521905899,1.7204245329,2.6586399078
5.9497070312,0.1840534508,0.1850260198,0.100926213,-4.6025195122,1.5455336571,2.8317148685
5.9596090317,0.177159965,0.2383434474,0.1584086418,-4.8539614677,1.4040753841,2.9548766613
5.9696979523,0.1553598642,0.276725322,0.2033490539,-4.9143238068,1.2567130327,3.0556893349
5.9799981117,0.1423017085,0.318908602,0.1922421455,-4.8158111572,1.1246711016,3.1777052879
5.9901719093,0.1367327869,0.3315581381,0.1719027162,-4.4598808289,0.9703817964,3.2858419418
6.0000638962,0.1342104822,0.3337843716,0.1360714436,-4.0672078133,0.7684290409,3.3578441143
6.0101041794,0.1205826998,0.3605113328,0.1284360886,-3.6050636768,0.5517023206,3.3491241932
6.0203738213,0.1025459766,0.3335699737,0.1190046594,-3.1277108192,0.3050169945,3.2819867134
6.0302457809,0.084790647,0.2981983125,0.1332582831,-2.6517026424,0.0906996354,3.2987475395
6.0403571129,0.0676890314,0.256757468,0.1445600986,-2.3029141426,-0.098922953,3.3675804138
6.050383091,0.0369843207,0.2155180275,0.1530453563,-2.080529213,-0.2407637239,3.4481499195
6.0606212616,0.000118611,0.136467427,0.1733362675,-1.9618241787,-0.3749510646,3.3769135475
6.0705170631,-0.0275672991,0.0127373571,0.1996783614,-1.9824678898,-0.4512165487,3.2622065544
6.0805869102,-0.0257256348,-0.0669718161,0.2161166668,-2.1065597534,-0.5310966969,3.2197244167
6.0906329155,-0.0191628356,-0.0850571766,0.2224595547,-2.2100570202,-0.6415011883,3.1878416538
6.100976944,-0.0262004454,-0.0986659899,0.1817848086,-2.124673605,-0.7515261769,3.124058485
6.1107950211,-0.0447324254,-0.0518055335,0.1596123576,-1.9047089815,-0.8743136525,3.0379357338
6.1208529472,-0.0681643784,0.0190753564,0.1560426354,-1.494156599,-0.9517779946,2.9751455784
6.1309189796,-0.0738296211,0.051933907,0.1216275021,-1.0966430902,-1.0060409307,2.9081242085
6.1412539482,-0.0669257939,0.0660008416,0.1196167395,-0.7879588008,-1.0344488621,2.8570654392
6.1510267258,-0.0672545135,-0.03098277,0.1117894575,-0.5977896452,-1.1719965935,2.6626393795
6.1611242294,-0.0918724835,-0.1693238914,0.1120936796,-0.6120674014,-1.2474915981,2.4948413372
6.171271801,-0.1053319871,-0.2391189039,0.1544573903,-0.7057286501,-1.2774990797,2.4120297432
6.1815471649,-0.1333925426,-0.2756034434,0.1399487257,-0.7413652539,-1.2412730455,2.3196794987
6.1913747787,-0.1381545365,-0.2882157862,0.1077401564,-0.7420049906,-1.1824177504,2.2337031364
6.2014908791,-0.1187371314,-0.2759001553,0.0900894925,-0.6758980751,-1.1825387478,2.1264441013
6.211482048,-0.1029650271,-0.2754145563,0.0892312452,-0.5943345428,-1.2358014584,1.9851777554
6.221768856,-0.1111869514,-0.2609479129,0.0911941454,-0.5171514153,-1.2785890102,1.8290530443
6.2315769196,-0.134830147,-0.2509370148,0.104465656,-0.4576388299,-1.2608816624,1.6984454393
6.2416758537,-0.163636893,-0.245375663,0.1031021401,-0.3465971351,-1.1662423611,1.5806050301
6.2518248558,-0.1624838412,-0.2623680532,0.0720922276,-0.2312521935,-1.0735076666,1.4903690815
6.262237072,-0.1285527647,-0.2716622651,0.0404754244,-0.1377184838,-1.040342927,1.4064793587
6.2718968391,-0.1027500331,-0.255980283,0.0432593189,-0.0854627341,-1.0439208746,1.2758629322
6.2819418907,-0.1034723222,-0.2780909836,0.0343099199,-0.0484667942,-1.0158345699,1.1399581432
6.2920122147,-0.1044093072,-0.304831475,0.0458051525,-0.1342530698,-0.9812054634,1.0327556133
6.3023710251,-0.1205640733,-0.302544266,0.0620916449,-0.2034504861,-0.8975659609,0.9340677857
6.3121757507,-0.1197638214,-0.3294489086,0.0288823191,-0.3033038378,-0.8403961658,0.8852789402
6.3222427368,-0.0984483659,-0.2929701507,0.0431852899,-0.3679623604,-0.7819893956,0.8163077235
6.3323020935,-0.0923487246,-0.2649343312,0.0192592088,-0.3450336158,-0.7325334549,0.7218264937
6.3425626755,-0.0751540363,-0.2334591448,-0.0115602659,-0.2570796907,-0.6749982238,0.6400738358
6.3524241447,-0.0567879416,-0.2252238095,-0.0507262982,-0.1091674492,-0.6347640157,0.5912135839
6.3625369072,-0.0472597815,-0.212803334,-0.0487736501,0.0034739841,-0.5896169543,0.5296247005
6.3725528717,-0.0658542812,-0.2140181959,-0.0475585498,0.0785775185,-0.5279985666,0.4404452741
6.3829059601,-0.0744706094,-0.2613498271,-0.0532494821,0.087477304,-0.4626361132,0.362962544
6.3927459717,-0.0672759712,-0.3044749796,-0.0643653348,0.0238844771,-0.4042337835,0.2918673158
6.4028120041,-0.0834536254,-0.3164459765,-0.082355924,-0.0387595966,-0.3353288472,0.2027255297
6.4128890038,-0.1141844094,-0.3196164072,-0.0983488038,-0.0868887752,-0.2238750011,0.1104169041
6.4231657982,-0.1323053539,-0.3372246921,-0.1094933823,-0.1213258207,-0.0943129584,0.0106827887
6.4329462051,-0.1386967599,-0.3548307717,-0.1353102326,-0.1630927026,0.0202690139,-0.0986146703
6.4430551529,-0.1421529949,-0.3626346886,-0.152402699,-0.1889078915,0.1402751803,-0.2110990137
6.4531140327,-0.1446344554,-0.3499072492,-0.154928267,-0.2158186138,0.2634964287,-0.3172105253
6.4633970261,-0.1443646848,-0.291254729,-0.1197437719,-0.2176316381,0.4378774464,-0.4222420156
6.4732499123,-0.1121341288,-0.2789157927,-0.0962968543,-0.2459183931,0.5942574143,-0.4858646691
6.4833221436,-0.0225072224,-0.278634578,-0.0629676059,-0.3436399698,0.6549527645,-0.4847461283
6.4933919907,0.0700501502,-0.2593913376,-0.027495211,-0.4372852147,0.6275520325,-0.4932304323
6.5035481453,0.112146467,-0.1959637105,0.0085113002,-0.4678867757,0.5898220539,-0.5431469679
6.5134992599,0.1002222002,-0.130115658,0.0320886932,-0.3614961505,0.6165522337,-0.6546495557
6.523583889,0.0883301198,-0.0707469359,0.0355334841,-0.2243815809,0.6730872989,-0.6302359104
6.533654213,0.1162561476,-0.0433433428,0.0428836904,-0.028519664,0.6211249828,-0.562356472
6.5439238548,0.1072014272,-0.0586272851,0.0470144115,0.2237116992,0.5827490687,-0.6017248631
6.5537519455,0.049817469,-0.0937482491,0.02350902,0.523506701,0.5868809819,-0.6952372789
6.5638799667,-0.0178317744,-0.1340649426,-0.0012490797,0.7910166383,0.6160107851,-0.8173979521
6.5739750862,-0.0994394124,-0.1519953907,0.0003867102,1.0498307943,0.6585816741,-0.9820212722
6.5841732025,-0.1850623786,-0.1728473604,0.0004404139,1.3617916107,0.7204741836,-1.1838111877
6.5940918922,-0.2481921613,-0.1868554056,-0.0066360282,1.7279314995,0.8060596585,-1.404715538
6.6040921211,-0.2908345163,-0.195487529,-0.0194270071,2.1836807728,0.8944818377,-1.6362603903
6.6142230034,-0.3040661514,-0.2083062828,-0.0297705587,2.7101008892,0.9602177143,-1.8614625931
6.6244411469,-0.2851041257,-0.2313131988,-0.0292299446,3.2604727745,0.9818854928,-2.0420954227
6.6343669891,-0.2504461706,-0.2386995852,-0.0066059278,3.8108930588,0.8909686208,-2.2397751808
6.6443662643,-0.2336407006,-0.2315131724,0.0277393404,4.3039765358,0.7661173344,-2.520277977
6.6545000076,-0.2204135954,-0.254239887,0.0605668984,4.7216391563,0.6031090021,-2.8559939861
6.6647000313,-0.1920244992,-0.3012181222,0.1156703755,4.9279828072,0.4403014481,-3.2033364773
6.67456007,-0.1600339115,-0.3411790431,0.1887870431,4.9446849823,0.2450443357,-3.5538318157
6.684691906,-0.1250915229,-0.3911980689,0.2364906669,4.8356556892,0.0295476019,-3.9106760025
6.6946949959,-0.0713738501,-0.4501474202,0.2422667146,4.5817446709,-0.2091792226,-4.2186527252
6.7050528526,-0.0001112543,-0.4635055363,0.2601224184,4.2577457428,-0.4776404202,-4.4363737106
6.7148299217,0.0445008539,-0.4296723306,0.282178998,4.005253315,-0.7417751551,-4.5744752884
6.7249650955,0.0785892904,-0.3746823967,0.3157277703,3.866894722,-0.9948039651,-4.6265931129
6.7349729538,0.1078419983,-0.314004153,0.3358888626,3.8939917088,-1.249278903,-4.634159565
6.7453050613,0.1340205073,-0.2577142417,0.3385000825,4.0640387535,-1.4970604181,-4.6205239296
6.7551040649,0.1598902345,-0.1724526584,0.3270394206,4.1165084839,-1.7268185616,-4.6142816544
6.76521492,0.172657311,-0.0764766708,0.310288012,4.0878124237,-1.953324914,-4.651550293
6.7752332687,0.1783915758,-0.0369260088,0.292366147,3.8947234154,-2.1759824753,-4.6919608116
6.785574913,0.1935887337,0.0021217994,0.2692374587,3.5521636009,-2.3900768757,-4.6834869385
6.7953648567,0.1974686086,0.0453782603,0.1885463595,3.0987436771,-2.611979723,-4.5847353935
6.805439949,0.1893659681,0.1158786044,0.125932157,2.6982705593,-2.7871489525,-4.3872270584
6.8155097961,0.1750254184,0.1477377713,0.0937651917,2.4986319542,-2.8673009872,-4.0442552567
6.8258447647,0.1631546617,0.2108476758,0.0602872334,2.4146893024,-2.8813562393,-3.6460659504
6.8356328011,0.1463404596,0.2308736742,0.0244375411,2.5748038292,-2.863776207,-3.27977705
6.8457698822,0.1595922858,0.352381289,-0.0557724275,2.5271420479,-2.9848165512,-2.9018247128
6.8557682037,0.1608804315,0.5931149125,-0.1493329406,2.2659049034,-3.1012563705,-2.6714062691
6.8661208153,0.0875835568,0.7239400744,-0.2687400579,2.1224665642,-3.0590875149,-2.6840901375
6.875910759,0.0232645106,0.7927185893,-0.3936464787,2.0415103436,-2.8589289188,-2.6351268291
6.8860430717,0.0467115603,0.8129794002,-0.3986235261,2.1294009686,-2.6721389294,-2.4216349125
6.896048069,0.1379922926,0.6961893439,-0.3639156818,2.2644276619,-2.6006691456,-2.0563747883
6.9063777924,0.2028812617,0.5713450909,-0.3130605817,2.0536561012,-2.5293147564,-1.7334970236
6.9161810875,0.1588419676,0.4209736884,-0.2963657975,1.4635972977,-2.3142776489,-1.4869024754
6.9263091087,0.0693122447,0.2811562121,-0.3348358274,0.7294403911,-1.9876198769,-1.1786328554
6.9363059998,0.0004072465,0.2402103692,-0.3861016631,-0.0241976976,-1.6311533451,-0.8289315104
6.9465942383,-0.0484246053,0.2758767009,-0.4240944982,-0.5914975405,-1.232785821,-0.486689508
6.9564709663,-0.0642879605,0.3760951757,-0.4862856865,-0.9828333259,-0.8271514773,-0.2421737611
6.9666500092,-0.0474022664,0.4438306987,-0.5164905787,-1.1846836805,-0.3767172694,-0.0528969206
6.9766120911,-0.1113629043,0.4609328806,-0.6010795236,-1.2839559317,0.2729414403,0.1215878054
6.9869251251,-0.0924808085,0.4860001504,-0.730671525,-1.2215194702,0.6532658935,0.2704147696
6.9965519905,0.0478164814,0.4944944978,-0.7343698144,-1.1365441084,0.8041417003,0.3501034677
7.0066161156,0.0853763223,0.3951504529,-0.6278954744,-1.2867341042,0.9934316278,0.45216766
7.0168528557,0.1214718819,0.2490942478,-0.4720286131,-1.6702388525,1.1484735012,0.6593933105
7.0270991325,0.1744222939,0.1745404005,-0.3280585408,-2.0800037384,1.2619020939,0.8666056991
7.0370178223,0.1698628813,0.1933145821,-0.2578060627,-2.3719043732,1.4311438799,1.0132926702
7.0470499992,0.1291548759,0.256406039,-0.2492008805,-2.5252699852,1.6183177233,1.1206661463
7.0571408272,0.1303209364,0.3286569715,-0.2353862524,-2.516564846,1.7146674395,1.2396335602
7.0674009323,0.1545436382,0.3799599111,-0.2114514709,-2.4777388573,1.7880262136,1.3723852634
7.0772209167,0.1627790183,0.3527148664,-0.1824823618,-2.5207030773,1.8248076439,1.5380551815
7.0872879028,0.1481093466,0.2666096687,-0.1460351944,-2.6545307636,1.8815159798,1.7897644043
7.0974121094,0.1194265708,0.2554636002,-0.0943382457,-3.0020916462,1.9671715498,2.0479128361
7.107670784,0.0858172625,0.2754299343,-0.0584590472,-3.410299778,2.029433012,2.2168736458
7.1175737381,0.0821628198,0.2548989952,-0.0493010916,-3.8094937801,2.0403978825,2.317851305
7.1275920868,0.1031668633,0.2378205955,-0.05876619,-4.2540941238,2.0032305717,2.4209399223
7.1376981735,0.1216503978,0.2060721219,-0.0776438192,-4.6694960594,1.9305454493,2.5707228184
7.1478567123,0.1487870812,0.1606255472,-0.062223915,-5.0698904991,1.8552999496,2.7958877087
7.1578187943,0.1875152141,0.1810061634,-0.0128470706,-5.4102573395,1.6515673399,3.0889289379
7.1678552628,0.2274518907,0.2270720899,0.0567139946,-5.5630817413,1.3698068857,3.3691425323
7.1779928207,0.2464697659,0.2901726067,0.1345044374,-5.4604940414,1.0519125462,3.6237895489
7.1882081032,0.2291141003,0.3874916732,0.192435503,-5.1778469086,0.7595131993,3.8040761948
7.1980681419,0.1747047305,0.5111025572,0.2187657952,-4.6855077744,0.5159668326,3.872846365
7.2081108093,0.1110326201,0.5548992753,0.2376540303,-3.968729496,0.3416738808,3.8470957279
7.2181921005,0.0679754019,0.5382018685,0.2226695418,-3.1777920723,0.2174448669,3.751270771
7.2285060883,0.0476733111,0.4562474787,0.1857827306,-2.4819264412,0.1031140313,3.6735258102
7.2383270264,0.0536563657,0.3458779156,0.1474832892,-1.968624115,-0.0007103698,3.6616637707
7.2483930588,0.0563466214,0.2398599088,0.1457799673,-1.7249786854,-0.1397898942,3.6487896442
7.2584600449,0.0338640176,0.131629318,0.1242836639,-1.7000871897,-0.2843244374,3.580755949
7.2687501907,0.0107790213,0.0231901035,0.1341940761,-1.8424693346,-0.4556903839,3.5276174545
7.2786178589,-0.0131737012,-0.0633195415,0.1663200855,-1.975102663,-0.6382548809,3.5339307785
7.2886590958,-0.03820673,-0.1045681611,0.2031020522,-2.1111660004,-0.7986499667,3.5275149345
7.2987709045,-0.062256787,-0.1120730415,0.2072328925,-2.0856511593,-0.8973650932,3.4881725311
7.3090147972,-0.0733538568,-0.1059717909,0.1943095326,-1.9272567034,-0.9499415159,3.3490092754
7.3189148903,-0.0884766281,-0.0756955519,0.1700638533,-1.6441123486,-0.9944309592,3.1439878941
7.3289189339,-0.1016668975,-0.0153842336,0.1554398537,-1.3109538555,-1.0235387087,2.9527654648
7.3390197754,-0.1121796072,0.019790791,0.1005029604,-0.8814269304,-1.0811274052,2.8209645748
7.3492808342,-0.1209965646,-0.0168604627,0.0434043966,-0.5639947653,-1.1366918087,2.6615860462
7.3591899872,-0.1400817335,-0.1062569991,0.0190143529,-0.3215392232,-1.1629375219,2.5425899029
7.3691892624,-0.1345849931,-0.236012727,0.0255358759,-0.2517526746,-1.2084331512,2.469285965
7.3793420792,-0.1212224662,-0.2977490127,0.0840392038,-0.3398306072,-1.2627624273,2.391769886
7.3895468712,-0.1281225383,-0.3067288697,0.125660181,-0.4153657258,-1.2927696705,2.2845315933
7.3994579315,-0.1484360397,-0.2825696766,0.1319143176,-0.41483441,-1.246948719,2.1507675648
7.4094572067,-0.1569847763,-0.2492469847,0.1100084111,-0.3002817333,-1.1830365658,2.0350344181
7.4196019173,-0.1432847679,-0.2390987575,0.0792727992,-0.1248691753,-1.1205558777,1.9437061548
7.4298191071,-0.1210021675,-0.2258260548,0.0601623021,0.0359954424,-1.0986970663,1.8258167505
7.4397268295,-0.115341872,-0.2135816514,0.048688706,0.1796039939,-1.0601565838,1.6856421232
7.4497380257,-0.1225048006,-0.2027604878,0.0587592088,0.2418228984,-0.9937057495,1.5412554741
7.4598007202,-0.1346345842,-0.2200572789,0.0432552658,0.1961997449,-0.9229807258,1.3830943108
7.4701189995,-0.1421042979,-0.2715177238,0.0222882573,0.1306680143,-0.8849101067,1.2886315584
7.4799251556,-0.1296462715,-0.3002825677,0.0337935649,0.0184751712,-0.8733714223,1.2557499409
7.4899940491,-0.1170020998,-0.2907940447,0.0513100587,-0.0426832065,-0.8421748877,1.2398525476
7.5000929832,-0.1013153493,-0.2660100162,0.0547546111,-0.0476441421,-0.7756459117,1.1974151134
7.5103702545,-0.0757008493,-0.2493101656,0.0510875545,-0.0396090634,-0.7293093801,1.1326662302
7.5202288628,-0.0565182902,-0.2350602448,0.0569909178,-0.0197059326,-0.6979876757,1.0275586843
7.5302329063,-0.06223974,-0.2478610575,0.0401761495,-0.023363011,-0.658326745,0.9309547544
7.5404081345,-0.0715964735,-0.2622741759,0.0278494898,-0.0550229326,-0.5923008919,0.8471136689
7.5506238937,-0.0778978765,-0.2724406421,0.0090730144,-0.1078183204,-0.5441876054,0.8110507131
7.5604658127,-0.0783815086,-0.2489974201,0.0208288375,-0.1319231242,-0.4853850007,0.7484400868
7.5705370903,-0.0815339983,-0.2204433978,0.0165541712,-0.1163996011,-0.4423107505,0.6613890529
7.5804948807,-0.0648568571,-0.2057635784,0.0036261631,-0.0430825204,-0.414573133,0.5859965682
7.5908660889,-0.0478627421,-0.1999599934,-0.0118982242,0.0580583215,-0.3940500021,0.5063483715
7.600812912,-0.040305648,-0.2126531303,-0.0182437357,0.1795091182,-0.3788188398,0.401207
7.6108198166,-0.0574904419,-0.2406975329,-0.0215250906,0.2193755805,-0.3237396479,0.1697508693
7.6209459305,-0.11119017,-0.3120078146,-0.0594233908,0.2627723217,-0.1919067502,-0.0117619326
7.6311197281,-0.1210417449,-0.4130627811,-0.0823371485,0.2753463089,-0.0658992901,-0.0690401345
7.6410112381,-0.1214694083,-0.4522242248,-0.0935430005,0.2486758381,0.0364550389,-0.1210103929
7.6510519981,-0.1346741617,-0.4474358261,-0.1046748832,0.2082225531,0.1266000569,-0.2366895229
7.6611189842,-0.1467358768,-0.4399442673,-0.1186773255,0.1560650766,0.2111522257,-0.3810386956
7.6715598106,-0.1546730697,-0.4279276729,-0.1150834039,0.1048435345,0.3083971441,-0.5328142643
7.6813497543,-0.1682637036,-0.4073830545,-0.104615517,0.0908880383,0.4144841731,-0.6803478003
7.6913700104,-0.1755249202,-0.3791465759,-0.0994333699,0.1241789609,0.4888050556,-0.8809992075
7.7014660835,-0.1849282086,-0.3757463992,-0.088829048,0.1628430039,0.5564602613,-1.1347452402
7.711742878,-0.2003138959,-0.3999165595,-0.0725776628,0.2312070429,0.6448617578,-1.3385846615
7.7215919495,-0.2259005606,-0.391852051,-0.0693275407,0.3462468088,0.7636160851,-1.5063188076
7.7316322327,-0.251902014,-0.353843838,-0.0657860115,0.5680786371,0.8747384548,-1.6857635975
7.7417201996,-0.2567107975,-0.3245938122,-0.0585818328,0.8863415718,0.9461807013,-1.8960449696
7.7519741058,-0.2565387189,-0.2872625291,-0.0498059429,1.2581037283,1.0031374693,-2.1212117672
7.7618551254,-0.2533625066,-0.2599368393,-0.0312469658,1.6503345966,1.0424079895,-2.319848299
7.7719221115,-0.2421471775,-0.2356113493,0.0023353649,1.9776711464,1.0609302521,-2.5216641426
7.7819709778,-0.2220075428,-0.2109362185,0.0560291372,2.244549036,1.0417165756,-2.7341012955
7.7922582626,-0.1846300066,-0.2035702765,0.0892715976,2.4605135918,0.9913007617,-2.9444179535
7.8021631241,-0.1122633517,-0.2183133662,0.0983148143,2.6547110081,0.8782556653,-3.1292767525
7.8121700287,-0.0300212819,-0.230411917,0.1061127111,2.8334698677,0.7088433504,-3.3130967617
7.8222408295,0.0265787523,-0.2222270668,0.136364758,3.0964324474,0.5521096587,-3.4555230141
7.832567215,0.064275831,-0.2137920558,0.1687239408,3.46961689,0.3691515625,-3.5364058018
7.8423829079,0.0750550926,-0.1672277153,0.2150955796,3.8769259453,0.1885860562,-3.6215434074
7.8524298668,0.0424023531,-0.1130586639,0.2435902357,4.3619332314,0.0264326334,-3.7534098625
7.862555027,0.0073575652,-0.0426873341,0.2671125531,4.7015562057,-0.1126815826,-3.9000937939
7.8728227615,-0.0037954473,0.0388838276,0.2878050208,4.9710283279,-0.2787202895,-4.0138587952
7.8826980591,0.0256132763,0.0822138414,0.260651648,5.1887407303,-0.4947447181,-4.0756063461
7.8927598,0.096357137,0.1078287587,0.2570219636,5.2553043365,-0.7466900945,-4.0736260414
7.9028320312,0.1850950718,0.1113312468,0.2342159152,5.3097553253,-1.0653139353,-4.0292034149
7.9131250381,0.2785159051,0.0568978414,0.2261568904,5.2975959778,-1.4460562468,-3.9837329388
7.9229640961,0.3458900154,0.0068470472,0.2454999089,5.1182556152,-1.864384532,-3.9456715584
7.9330329895,0.3571588993,-0.0126213497,0.2586379647,4.6793007851,-2.2540690899,-3.8862950802
7.9431009293,0.3178150654,-0.0394030288,0.2791086435,4.097837925,-2.5842194557,-3.7811942101
7.953373909,0.240741998,-0.0509495512,0.2681275606,3.3354437351,-2.7467458248,-3.6005752087
7.9631681442,0.1643438488,-0.0427697375,0.2389078736,2.5480539799,-2.7564561367,-3.3837730885
7.973233223,0.115941152,-0.029524453,0.1851090193,1.8822746277,-2.6523792744,-3.1287200451
7.9832949638,0.1113282144,0.025360994,0.1180789992,1.305885911,-2.5207517147,-2.8365130424
7.9936227798,0.1293199956,0.1412982345,0.0726340935,0.9147666097,-2.4569478035,-2.6165895462
8.0034570694,0.1501296461,0.2216161788,0.0448884331,0.7233819962,-2.4178271294,-2.5443191528
8.0135450363,0.1566999406,0.2540124357,0.0052887751,0.6578971148,-2.379083395,-2.5357887745
8.0235767365,0.1482876688,0.2966778874,-0.0647596791,0.4761236012,-2.3421878815,-2.492190361
8.033873558,0.1402184665,0.3357607722,-0.1301599741,0.399225831,-2.3305380344,-2.3923549652
8.0436840057,0.1405451745,0.3814302385,-0.2059857249,0.4680051506,-2.364443779,-2.1513609886
8.0538463593,0.1269751191,0.5330136418,-0.220051825,0.7035830021,-2.3213114738,-1.8732089996
8.0639057159,0.0953668803,0.6398496032,-0.2336385846,1.164695859,-2.2133262157,-1.715064168
8.0741786957,0.0617286079,0.6930012107,-0.2298586965,1.5621880293,-2.043743372,-1.6258882284
8.0839700699,0.0552605651,0.6747993827,-0.2011114955,1.8016301394,-1.8661972284,-1.5685231686
8.0941152573,0.0777987242,0.5278236866,-0.1808716059,1.7997982502,-1.6800777912,-1.5004751682
8.1041126251,0.1446422338,0.3422256708,-0.1953069568,1.4340684414,-1.5997387171,-1.3824825287
8.1144599915,0.1880807579,0.2273682058,-0.2446429133,0.8126173019,-1.5585787296,-1.2347135544
8.1242389679,0.1513947397,0.1891428828,-0.290073812,0.2563061714,-1.5198385715,-1.0572324991
8.1343736649,0.1058920622,0.2310194969,-0.3230717778,-0.0451406613,-1.4583426714,-0.82353127
8.1443443298,0.0537353717,0.3009642065,-0.3145182133,-0.1098205894,-1.2713335752,-0.5346121192
8.1547288895,-0.0073104226,0.3399232924,-0.3034897447,-0.1213490963,-0.9576877952,-0.2605072856
8.1645088196,-0.0367142893,0.3345452845,-0.3071790934,-0.3210909963,-0.6124424934,-0.0957053006
8.1746444702,-0.0273539443,0.2774687707,-0.3200370073,-0.6666404009,-0.3101712167,0.0202688389
8.1846227646,-0.0190299172,0.2215321809,-0.3668308258,-1.0057547092,-0.0098489402,0.1542916149
8.1949996948,-0.007853331,0.2481344044,-0.4087427855,-1.2100814581,0.2587284446,0.2840176523
8.2047796249,0.0173563045,0.3081801236,-0.4289955497,-1.2986915112,0.4804224968,0.3913925886
8.2149105072,0.0423478447,0.3502327204,-0.4206635356,-1.2857071161,0.6794384718,0.4647527635
8.2249164581,0.0760526657,0.331230849,-0.404958427,-1.2509362698,0.8328306675,0.5094161034
8.2352209091,0.1261303723,0.2862272561,-0.3704917431,-1.2452527285,0.9051538706,0.5275000334
8.2450504303,0.1707766056,0.2395036221,-0.3156937361,-1.2122808695,0.9172177315,0.5434246659
8.2551822662,0.1969056726,0.2069836557,-0.2543206811,-1.127695322,0.8915726542,0.5656899214
8.2651910782,0.1994583011,0.2007170022,-0.1910528541,-1.0070650578,0.8896090984,0.5911414623
8.2754907608,0.1833491176,0.2253390253,-0.1648402214,-0.9462139606,0.8904374838,0.6367844343
8.2853164673,0.1474340856,0.254555732,-0.1376907229,-0.8374941349,0.9053267241,0.6590620279
8.2953834534,0.1337999254,0.2335165739,-0.0993655398,-0.6806073189,0.9081670642,0.7216691375
8.3054857254,0.1371226162,0.2088855803,-0.0625243261,-0.5700035691,0.9534062147,0.8395233154
8.3157396317,0.1179474145,0.1789452732,-0.0391728319,-0.5280609131,1.0328959227,0.9319286346
8.3256549835,0.0928165317,0.143891722,-0.0392774381,-0.6121022701,1.1176584959,1.0254306793
8.3356590271,0.0838826895,0.1348127723,-0.0301688369,-0.7774876952,1.2285635471,1.1688705683
8.3457279205,0.0682062209,0.1366635561,-0.0383714475,-0.9710371494,1.3817491531,1.3250807524
8.3560609818,0.0484588034,0.1557934582,-0.0349987783,-1.2650672197,1.5486497879,1.4409743547
8.3658533096,0.0445542298,0.1422676742,-0.034903232,-1.5560405254,1.624391675,1.5674401522
8.3759899139,0.0688426942,0.138333112,-0.0493755974,-1.9693912268,1.6662871838,1.7119717598
8.3859901428,0.0833016336,0.1463815272,-0.0567247309,-2.4422266483,1.6776835918,1.8150919676
8.3963441849,0.0930395946,0.1514382362,-0.0760265663,-3.0022988319,1.665445447,1.9904241562
8.4061040878,0.1035338044,0.1939644217,-0.0856707767,-3.5687246323,1.6525534391,2.2368986607
8.4162759781,0.1082541272,0.1786664426,-0.0604481734,-4.049074173,1.6776611805,2.5003607273
8.4262580872,0.1265089363,0.167262882,-0.0207530912,-4.4553565979,1.6635380983,2.8317379951
8.4365997314,0.1431541443,0.1881835163,0.0177495424,-4.760573864,1.6822490692,3.18115592
8.446393013,0.1496314108,0.2550115883,0.0500804745,-5.0685992241,1.6556352377,3.4180021286
8.45652771,0.1509132236,0.3358027041,0.087440066,-5.1839723587,1.5673171282,3.5347857475
8.4665269852,0.1529161632,0.3846449554,0.100254409,-5.135617733,1.4311971664,3.5867335796
8.4768037796,0.1688958406,0.4425514638,0.110354118,-4.9301877022,1.2740079165,3.6142086983
8.4867305756,0.2021473646,0.4743385017,0.1271179318,-4.6195459366,1.0551528931,3.6448125839
8.4966754913,0.2285068333,0.4733007252,0.1437860727,-4.2570710182,0.7763096094,3.6817443371
8.5067977905,0.2142251134,0.4306949675,0.1247135922,-3.7951595783,0.4768637717,3.6804156303
8.5170927048,0.1721359491,0.3424860537,0.1214265153,-3.3312888145,0.1931506544,3.6483025551
8.5269708633,0.1283850968,0.2652991712,0.1425251365,-2.9596652985,-0.0411505364,3.6693270206
8.5368261337,0.0795157552,0.219718188,0.16674757,-2.6719677448,-0.2071789205,3.6957161427
8.5468769073,0.0284439605,0.1305880249,0.161242485,-2.3301699162,-0.3421497941,3.6934382915
8.5572290421,0.0066249049,0.0421454534,0.1976571083,-2.1687178612,-0.4811087549,3.6466085911
8.5672903061,-0.0196997244,0.0068038339,0.2068594098,-1.9890263081,-0.6306444407,3.5806572437
8.5772781372,-0.0345088579,-0.0564666167,0.1863216758,-1.8658406734,-0.789555788,3.4541921616
8.5872745514,-0.0562503673,-0.0782516375,0.1732657552,-1.799864769,-0.8854884505,3.2991046906
8.5975923538,-0.0927405059,-0.0871701017,0.1401387453,-1.6733956337,-0.9492114186,3.1206579208
8.6074590683,-0.1263658702,-0.125861913,0.110032253,-1.50388062,-1.0474784374,2.9570486546
8.617524147,-0.1410018504,-0.1559793055,0.1260071993,-1.233386755,-1.1008956432,2.8645777702
8.6276082993,-0.1523297727,-0.2007247508,0.1096765324,-0.9736441374,-1.1482123137,2.7455666065
8.637802124,-0.1623604,-0.2108810842,0.1254621148,-0.7794885039,-1.1485185623,2.6011126041
8.6477947235,-0.1748497784,-0.1987392008,0.1395634413,-0.6315368414,-1.1197668314,2.4184598923
8.6577939987,-0.1849385202,-0.2151934206,0.1176105067,-0.4888454676,-1.0972539186,2.262349844
8.667930603,-0.1673585474,-0.2522011697,0.0987787768,-0.4055748284,-1.106872201,2.1402170658
8.6781206131,-0.149738878,-0.2536086142,0.1143488213,-0.4141990542,-1.1045196056,2.0244853497
8.6879959106,-0.1554502547,-0.2575393021,0.1000236198,-0.3266460299,-1.1151200533,1.9087216854
8.6980619431,-0.1484261453,-0.2920653522,0.0852852389,-0.2861975729,-1.1113042831,1.7887301445
8.7081480026,-0.1492818296,-0.2890322506,0.0660807416,-0.1830376238,-1.0813845396,1.6825389862
8.7184286118,-0.1464492381,-0.2959021628,0.0337909423,-0.0925039127,-1.068385005,1.601824522
8.7283248901,-0.1410840452,-0.2969743311,0.0331025682,-0.0076406915,-1.0226532221,1.5041402578
8.7383317947,-0.141063422,-0.3122103512,0.0155774904,0.0214618258,-0.950986445,1.390557766
8.7484416962,-0.1296412051,-0.3311162889,0.0163364951,-0.0261922479,-0.8897321224,1.2472575903
8.7586803436,-0.1263866723,-0.3366650641,0.0318146311,-0.0784093291,-0.7999722958,1.0880461931
8.7686100006,-0.1244417727,-0.3435334265,0.0065907193,-0.0782519355,-0.7170299888,0.9521772861
8.7786092758,-0.1055504978,-0.3277606666,-0.0093877958,-0.011847022,-0.6407344341,0.8470788002
8.7887353897,-0.0921171606,-0.2938607633,-0.0194519814,0.0623582341,-0.5973216891,0.7334691882
8.7989473343,-0.1017542779,-0.2526044548,-0.01107872,0.151187107,-0.5231134892,0.6039444208
8.80900383,-0.1003700197,-0.2818911374,-0.0251904186,0.1716673523,-0.4417768419,0.5200977325
8.8188819885,-0.0726812184,-0.3203754723,-0.017536765,0.1122017652,-0.3671940267,0.4840492904
8.8289794922,-0.039099846,-0.3206705153,-0.0165593084,-0.0044348342,-0.3387788832,0.4416211247
8.8392086029,-0.0238814075,-0.2840292752,-0.0018537688,-0.1304809749,-0.3319172561,0.3609600961
8.8491611481,-0.0347335078,-0.226197511,0.0149460388,-0.171637997,-0.2777778506,0.2569412887
8.8591594696,-0.0510976054,-0.2139499485,-0.0290005859,-0.167737186,-0.2452842891,0.1900617927
8.8692855835,-0.0370419957,-0.2056713402,-0.0415725149,-0.1228213683,-0.2556343973,0.1698710471
8.8794975281,-0.0287257154,-0.2108003199,-0.0313345231,-0.0703293756,-0.2766146064,0.1369336694
8.8894090652,-0.0682379901,-0.1986855567,0.0127229048,-0.0331260785,-0.1613082439,0.0329255089
8.8994197845,-0.0982917249,-0.2493487895,0.0052319122,-0.0647658706,0.012269279,0.00753693
8.9095077515,-0.0546748377,-0.2702256739,-0.0005096245,-0.1830320656,0.1005344242,0.0330942236
8.9197769165,0.000485269,-0.2644699514,-0.0139880823,-0.2909651101,0.1131991595,0.004459315
8.9296760559,0.0323371552,-0.2438974082,-0.0232350286,-0.3667418957,0.1111993864,-0.0379943997
8.939696312,0.0378819965,-0.2178921402,-0.0260303672,-0.3554019332,0.1481687278,-0.0793907121
8.949754715,0.0394660495,-0.2045359313,-0.0220916327,-0.2588109374,0.1986625195,-0.1133675873
8.960062027,0.045899298,-0.1878507435,-0.0226858314,-0.0885331407,0.244493857,-0.1473648995
8.9698886871,0.0407031439,-0.1647060215,-0.0351758637,0.1502421498,0.2695707083,-0.201564759
8.9799699783,0.0210477393,-0.1661051214,-0.0474907793,0.4081280828,0.3019020259,-0.3077929318
8.9902353287,-0.0254422743,-0.1800558865,-0.0531320609,0.6252326965,0.3525143266,-0.4851432145
9.0003128052,-0.0946883261,-0.2179312408,-0.0680862144,0.7630568743,0.430836916,-0.7006864548
9.0101909637,-0.1681545675,-0.278137356,-0.077154167,0.8570219874,0.5205014944,-0.9077163339
9.0202350616,-0.2351683676,-0.3412076533,-0.0775994733,0.9273976684,0.6216518879,-1.1115480661
9.0303611755,-0.2849090397,-0.3859314024,-0.0685832575,1.0149722099,0.7102203965,-1.3153914213
9.0405654907,-0.3172679842,-0.4053442776,-0.0644076541,1.1516269445,0.7991349697,-1.5319892168
9.0504951477,-0.3380486667,-0.4010935128,-0.0667228177,1.3692107201,0.9056850672,-1.756030798
9.0604934692,-0.3277218044,-0.3940181434,-0.0758149698,1.6594064236,1.0086518526,-1.9758446217
9.0705471039,-0.2793213427,-0.3917516768,-0.0660934523,1.986503005,1.0492403507,-2.2105648518
9.080868721,-0.2178452909,-0.3873994648,-0.0291229542,2.2896337509,1.0299772024,-2.4792873859
9.0906667709,-0.1701562107,-0.3774217665,0.0419455133,2.5398151875,0.9663446546,-2.8096020222
9.1007480621,-0.1533263624,-0.3582454026,0.1209524199,2.7430009842,0.9041825533,-3.1770679951
9.1108598709,-0.1565007865,-0.3341976106,0.176048398,2.9301211834,0.8494868279,-3.5169184208
9.1211204529,-0.152579993,-0.3121682703,0.2028083801,3.1450240612,0.7966749072,-3.7675828934
9.1309213638,-0.126416117,-0.2823802531,0.2131395936,3.3761754036,0.7255914211,-3.9131436348
9.1410131454,-0.0892377794,-0.2309405506,0.2221598029,3.6548557281,0.601271987,-3.9876036644
9.1510696411,-0.0496413447,-0.1635279953,0.2103908658,3.9130322933,0.3940621316,-4.053604126
9.1614284515,0.0042106784,-0.1002014056,0.2325400114,4.096932888,0.1448677331,-4.1121730804
9.1712446213,0.079401046,-0.0711097494,0.2698571086,4.252456665,-0.1480365843,-4.1643872261
9.1813421249,0.1599315405,-0.0860308185,0.2745764852,4.350022316,-0.5170541406,-4.258035183
9.1913785934,0.224881947,-0.0958861485,0.2682240605,4.3922681808,-0.904753387,-4.3760991096
9.2016878128,0.2437273562,-0.0907515064,0.2491250038,4.3922333717,-1.2222993374,-4.4187288284
9.2115163803,0.2123608291,-0.0197834745,0.2511575818,4.3156080246,-1.4516326189,-4.3370652199
9.221570015,0.1627488136,0.0838015899,0.2520204186,4.1845436096,-1.5695630312,-4.184191227
9.2316226959,0.1489033997,0.1060822234,0.2779225707,4.0503129959,-1.6882566214,-3.981413126
9.2419900894,0.1702505946,0.1036155149,0.2719904184,3.7920055389,-1.8854725361,-3.7754576206
9.2518119812,0.203024894,0.0632104203,0.2569792271,3.3729767799,-2.1291089058,-3.6385009289
9.261879921,0.2381359786,0.0002861254,0.2349354029,2.7705407143,-2.3905265331,-3.5418550968
9.2719192505,0.2648910284,-0.0613643602,0.1974261403,2.1140499115,-2.5811290741,-3.4154293537
9.2821998596,0.2670729756,-0.0490945354,0.1539609432,1.4744100571,-2.7468886375,-3.2444005013
9.2920513153,0.2139056027,0.0655442998,0.0676385686,1.0488339663,-2.7646930218,-3.1264414787
9.302116394,0.1568740308,0.1685856283,-0.046211306,0.9296506643,-2.6829023361,-2.953296423
9.3121604919,0.1350907981,0.3595701158,-0.0872491077,1.0633882284,-2.5951373577,-2.6910221577
9.3224945068,0.1222120672,0.5468606353,-0.0948778465,1.5304704905,-2.5448236465,-2.4352226257
9.3323249817,0.0971712768,0.694784224,-0.1201311424,1.9816485643,-2.5101201534,-2.2739264965
9.3423862457,0.0629959255,0.7515255213,-0.1304373741,2.2036242485,-2.4019761086,-2.2590622902
9.3524684906,0.0456495993,0.6265152097,-0.1312404871,2.2233183384,-2.2360999584,-2.2324392796
9.3627500534,0.1024510935,0.4153136909,-0.1456775069,1.9009141922,-2.1117105484,-2.0889537334
9.3725385666,0.1922331452,0.2650912404,-0.1518512368,1.293918848,-2.1287975311,-1.9433414936
9.3827199936,0.2277217507,0.1689606607,-0.176422298,0.7784522772,-2.1242647171,-1.8593263626
9.3927955627,0.2039313018,0.1872470379,-0.2452018261,0.3853755593,-2.0833697319,-1.7328521013
9.4030656815,0.1594027579,0.3368544877,-0.2628106475,0.3698318005,-2.0145494938,-1.5724830627
9.4129142761,0.1126279235,0.4782676399,-0.2949025035,0.6797920465,-1.9449330568,-1.4005155563
9.4229812622,0.0633006394,0.6402022839,-0.3079482913,0.9826048613,-1.8071285486,-1.338938117
9.4330501556,0.0081626754,0.6448979378,-0.2995078564,1.2967551947,-1.6312114,-1.3060141802
9.4433250427,0.0423355065,0.4893335998,-0.2870766521,1.4276471138,-1.579631567,-1.0564988852
9.4531841278,0.0847284198,0.3310568035,-0.2505540252,1.2749004364,-1.4408088923,-0.7166150808
9.463259697,0.0121314805,0.174856782,-0.2261631489,0.8523511887,-1.0053284168,-0.409430325
9.4733161926,-0.2611247301,-0.0257536843,-0.2197285295,-0.0967945904,0.0118313208,-0.016877465
9.4836044312,-0.2954447567,-0.0206109062,-0.4482254386,-1.2354538441,0.4473889172,0.2851801217
9.4934530258,-0.0655598938,0.0954262987,-0.5924990773,-2.0183670521,0.5213158727,0.4669834673
9.5035181046,-0.0386197306,0.327252835,-0.66777879,-2.2689809799,0.7130101919,0.4214852452
9.5135593414,-0.0392557122,0.389208883,-0.6112649441,-2.1198353767,0.8495081067,0.4884088635
9.5238399506,0.060340073,0.3614582121,-0.4682451487,-1.9461426735,0.8874056339,0.6975570917
9.5336761475,0.1758829355,0.3478472829,-0.3137068748,-1.8999503851,0.8677911758,0.8822886348
9.5437316895,0.169377476,0.3256515563,-0.2195050716,-2.03348279,0.9899865985,0.924857676
9.55382061,0.0880319774,0.2894097269,-0.194290936,-2.1449325085,1.1441892385,0.9642495513
9.5640773773,0.0774127543,0.2573677897,-0.2024002075,-2.1523566246,1.2556347847,1.1416267157
9.573931694,0.1198201776,0.2699609697,-0.189385891,-2.141285181,1.3334312439,1.3412809372
9.5840101242,0.1254405379,0.2755014598,-0.171261847,-2.2082700729,1.4205135107,1.4422123432
9.5942935944,0.0992493629,0.2240131199,-0.1492039561,-2.3275938034,1.5124925375,1.5505920649
9.6043872833,0.0939519554,0.1858487427,-0.132406354,-2.5341038704,1.5766327381,1.7375539541
9.61419487,0.0987454057,0.1869966984,-0.0970087722,-2.7255480289,1.6269725561,1.9032683372
9.624332428,0.1011397839,0.1910315454,-0.0761380866,-2.875207901,1.6594876051,2.04560256
9.6343250275,0.1121032611,0.2253584564,-0.0631692484,-3.0651526451,1.6650807858,2.1815638542
9.6446313858,0.1201325431,0.2601188719,-0.0417161621,-3.2056603432,1.6360621452,2.3132479191
9.6544599533,0.1224199384,0.2609046996,-0.0436467566,-3.306602478,1.6000511646,2.4587218761
9.664598465,0.1197149903,0.2551393807,-0.0253241714,-3.4559702873,1.6027251482,2.5808682442
9.674451828,0.1295378804,0.2233070433,0.0081651164,-3.6368198395,1.553276062,2.7252943516
9.6848907471,0.1632184237,0.1870893538,0.0451167189,-3.7719495296,1.4139853716,2.8622305393
9.6947402954,0.1997905821,0.1808714569,0.0952020809,-3.9342777729,1.2191687822,2.9821577072
9.704867363,0.2139966339,0.2254284322,0.1507425904,-3.9812223911,1.0126959085,3.112667799
9.7148628235,0.2026706189,0.2762215436,0.1809365153,-3.893989563,0.8361415863,3.2580239773
9.7252187729,0.1625840962,0.3390392959,0.1849707961,-3.6453831196,0.7413631082,3.3609085083
9.7349967957,0.122895807,0.3582690656,0.1808622479,-3.3384549618,0.6818752885,3.4276940823
9.7451324463,0.1024629474,0.3709254563,0.1798864603,-2.9524998665,0.6154420972,3.4626026154
9.7551670074,0.0872278214,0.338817209,0.1514635682,-2.642023325,0.5161157846,3.43592906
9.7654094696,0.0767721236,0.3000554144,0.1242434308,-2.3869125843,0.4023244977,3.3805942535
9.7753009796,0.0712122321,0.2123092711,0.1000220105,-2.223593235,0.2899023592,3.3327157497
9.7853441238,0.0673679709,0.1536905468,0.1166649982,-2.1510288715,0.1832408309,3.3135318756
9.795419693,0.0613235198,0.0910411105,0.1355245709,-2.0334422588,0.0568256266,3.2964501381
9.8057537079,0.0492649339,0.0553077087,0.1662589312,-1.9616179466,-0.0815713331,3.2931771278
9.8155260086,0.0282786172,0.047535859,0.1675200462,-1.758402586,-0.2326703072,3.281370163
9.8256607056,-0.0042583072,0.0277666673,0.1650571823,-1.5940966606,-0.3389174342,3.202701807
9.8356590271,-0.035711918,0.0162627324,0.1568290591,-1.3895694017,-0.4107271731,3.144215107
9.8459243774,-0.0415041186,-0.0182599202,0.1236336157,-1.2052106857,-0.494502306,3.0676763058
9.8558626175,-0.027492078,-0.0525627509,0.1032961532,-1.0282173157,-0.5889947414,2.9847638607
9.865860939,-0.0131023247,-0.0918601528,0.1120528504,-0.9097601175,-0.6999703646,2.8933639526
9.8759965897,-0.0132120568,-0.098209776,0.1371591091,-0.7309339046,-0.7635781169,2.8253316879
9.8862533569,-0.0335197784,-0.0893550888,0.1502546072,-0.5845006704,-0.7927840352,2.7063577175
9.8961334229,-0.0690201819,-0.0783564225,0.1373976469,-0.4371820688,-0.8051783442,2.5608475208
9.9061307907,-0.0893417299,-0.1111934558,0.1120443866,-0.3685469031,-0.8457586169,2.4291467667
9.9162759781,-0.0888480246,-0.1750965416,0.1024062559,-0.3168964982,-0.8925216198,2.3484137058
9.9265060425,-0.0669362247,-0.2447684109,0.104090862,-0.3696550131,-0.95361799,2.3250379562
9.9363508224,-0.0589853264,-0.2357960641,0.1251413226,-0.4055948853,-0.9902652502,2.2857420444
9.9464082718,-0.0609557964,-0.2057861984,0.1314871311,-0.4194527566,-0.9974107742,2.1848716736
9.9565439224,-0.0852635801,-0.1499437392,0.1410992742,-0.2878292203,-0.9345905185,2.0415267944
9.9667596817,-0.0784225762,-0.1485227048,0.1029471084,-0.1451234519,-0.9082993865,1.9767334461
9.9766712189,-0.039649222,-0.1748886406,0.0883350894,-0.030683428,-0.9363437891,1.9161678553
9.9866685867,-0.0324022509,-0.2090527713,0.0878445432,0.0270812027,-0.9556028843,1.8142105341
9.9968757629,-0.0630845726,-0.2301668227,0.0711565539,0.0356278196,-0.9638000727,1.6846647263
10.0070352554,-0.0918843448,-0.257894069,0.0660523698,-0.0053551663,-0.9278019667,1.5647102594
10.0168828964,-0.109276861,-0.2806840241,0.0671940371,-0.0520646125,-0.8525375724,1.453270793
10.0269556046,-0.1056635082,-0.3064431846,0.0450893007,-0.1155413017,-0.8070267439,1.3577479124
10.0370044708,-0.0780522525,-0.3065519035,0.0588324033,-0.1221645847,-0.7895579934,1.2791851759
10.0473651886,-0.0586184599,-0.2866659462,0.0610068403,-0.0751260743,-0.8024337292,1.1942228079
10.0570888519,-0.0630477369,-0.2447157204,0.0682725236,0.0322059765,-0.7629345059,1.0869735479
10.0672836304,-0.0669672787,-0.2410345972,0.0475078188,0.1065979451,-0.7374683619,0.9871578217
10.0772209167,-0.0595662929,-0.2425986826,0.0416244231,0.1085622907,-0.7252646685,0.9032813311
10.0874099731,-0.0478083827,-0.2700302899,0.0298108403,0.0541258678,-0.7271341681,0.8523285389
10.0976924896,-0.0299220998,-0.2796089947,0.0701704547,-0.0600760728,-0.7295802832,0.7928956151
10.107588768,-0.0469382741,-0.25236848,0.0783915445,-0.1235340312,-0.6849981546,0.7175456882
10.1174030304,-0.0499872901,-0.2522060573,0.0549541079,-0.1999276131,-0.6254458427,0.677246511
10.1276836395,-0.0366180278,-0.2416905165,0.0581809841,-0.2101099491,-0.5682985187,0.667722106
10.1375551224,-0.02429411,-0.2410196364,0.0504416786,-0.2029750645,-0.5366039872,0.6369439363
10.1476106644,-0.0139897186,-0.2308628857,0.0510949455,-0.1875163168,-0.484785825,0.589184165
10.1579465866,-0.0143869836,-0.2209748924,0.0398102961,-0.1731938422,-0.4255091846,0.5477999449
10.1686038971,-0.0314768292,-0.2113305926,0.0203137342,-0.1132838726,-0.3373655677,0.4788127244
10.1785869598,-0.0483525731,-0.2277028561,-0.0024452852,-0.134367317,-0.2676810026,0.2909144461
10.1886920929,-0.0862268507,-0.2678377032,-0.0599278845,-0.0819106624,-0.1877061576,0.1178666353
10.1985473633,-0.0857104957,-0.3280709088,-0.0912057832,-0.0900239795,-0.1277650595,0.0456962995
10.2082052231,-0.1078345478,-0.3138001263,-0.0920448974,-0.0397750586,-0.0344274566,-0.0275336392
10.2182102203,-0.1094085872,-0.3270838261,-0.1057520583,0.0086012613,0.031118799,-0.1294458807
10.2281332016,-0.0725612342,-0.3340394199,-0.1096765473,0.0309304819,0.0338318944,-0.2313819826
10.2382583618,-0.051903937,-0.3385976553,-0.1028252319,0.0850211456,0.0623658001,-0.321634382
10.2487468719,-0.0711778104,-0.3260851204,-0.0972719267,0.1300236881,0.1448821723,-0.4203531444
10.2583589554,-0.0905230343,-0.3110533655,-0.0746665671,0.1684171557,0.2486029714,-0.5126876235
10.2683849335,-0.0972292125,-0.3051655591,-0.0563893951,0.1962941885,0.3362390399,-0.6167069077
10.2785282135,-0.1025058925,-0.302220881,-0.0462664999,0.2095926851,0.3828728497,-0.8056871891
10.2887506485,-0.1323653162,-0.3290825486,-0.0453761257,0.173593387,0.4479476511,-1.0296853781
10.2986335754,-0.1675179899,-0.3719494641,-0.0441949405,0.1532819867,0.5497900844,-1.1687250137
