0.0000000000,-0.0016335924,0.1099710464,0.0113653978,-0.6641107798,0.2823157907,0.0918924287
0.0101670027,0.0139830038,0.0917856991,0.0277247876,-0.705550313,0.2662795484,0.129057914
0.020217061,0.0148166344,0.0701532364,0.0475984663,-0.785410285,0.2510587871,0.1800369471
0.0302530527,0.0116473958,0.0555901825,0.0640709251,-0.8834024072,0.2335548252,0.2299534231
0.0403079987,0.0152392313,0.0402901173,0.076091513,-1.0079021454,0.1999060661,0.2809340656
0.0503760576,0.024626486,0.0280332547,0.0882506818,-1.1642853022,0.1532589346,0.3340404332
0.0605909824,0.0310746953,0.0024256096,0.092617318,-1.3024314642,0.0960074812,0.3637776673
0.0710150003,0.0327019021,-0.0149504552,0.0939438194,-1.424575448,0.0388477929,0.3860779107
0.0805610418,0.0343855545,-0.0122511992,0.0933037251,-1.50717628,-0.0244310442,0.3935009539
0.0907520056,0.0284117386,-0.002820225,0.0742307156,-1.5364652872,-0.0841843933,0.3817987442
0.1007189751,0.0254955217,0.0107048741,0.0593334883,-1.5348519087,-0.1394511759,0.3658438027
0.110763073,0.0276300833,0.0120084276,0.0450292081,-1.4758274555,-0.1742008924,0.3275867105
0.1208939552,0.0230841562,0.0100499978,0.0305953473,-1.401984334,-0.1971690655,0.2861455083
0.1309330463,0.0186808631,0.0184965413,0.0182282776,-1.288916111,-0.1943983138,0.23409006
0.1409649849,0.0173697993,0.0239141267,0.0053330502,-1.1609430313,-0.1883343011,0.1788465083
0.1516309977,0.0220681354,0.0223661046,-0.0002177515,-1.0448651314,-0.1664375216,0.1267998219
0.1631250381,0.0229549333,0.0108303716,-0.00421621,-0.9598031044,-0.1373646557,0.0779513791
0.1718490124,0.0180810615,-0.0039400174,-0.0086267749,-0.906929791,-0.0916008875,0.0280562621
0.1819080114,0.0103127882,-0.0095026502,-0.008644239,-0.8945764303,-0.0481958315,-0.0037789666
0.1919699907,0.0084382817,-0.0157096107,-0.0043512741,-0.9121649861,0.0013421623,-0.0313565359
0.2017030716,0.0104620978,-0.0363317132,0.0022306284,-0.9691903591,0.0463750847,-0.0461854786
0.2115770578,0.0076002399,-0.046222806,0.0021375855,-1.042241931,0.0933894664,-0.0610086322
0.2214850187,-0.0001535495,-0.0386103392,-0.0027551809,-1.1119908094,0.1309235245,-0.0694657713
0.2313840389,0.0018553655,-0.0173962135,-0.0056861797,-1.1634185314,0.1505936235,-0.0758136809
0.2415040731,0.0048243324,-0.0077956035,-0.005643026,-1.1860352755,0.1705372483,-0.0789844394
0.2518630028,0.0410080478,0.0009584115,0.0035761436,-1.2181135416,0.3863885701,-0.1298348308
0.2616109848,0.1836733669,0.0482689142,0.0409975499,-1.2373526096,0.5990969539,-0.1913055182
0.2716630697,0.1170122549,0.0558884442,0.0586489886,-1.2491395473,0.3957894146,-0.1107073426
0.2817460299,-0.0259658769,0.0281497519,0.0266526788,-1.2574380636,0.2688377798,-0.0417543091
0.2920919657,-0.0193468407,0.0207302552,0.0078942021,-1.3292498589,0.3013121188,-0.0098658875
0.3018950224,-0.017913647,0.0118827811,0.0143228611,-1.4307701588,0.3177272379,0.0400735103
0.3119620085,-0.013737388,-0.0120902369,0.0205382556,-1.57409513,0.351775229,0.0836606622
0.3220610619,-0.0207035616,-0.0223112721,0.0368991941,-1.7710829973,0.417388916,0.1580685228
0.3323869705,-0.0310056284,-0.0209680516,0.0579904169,-1.9777253866,0.4882298112,0.2335441113
0.3421440125,-0.0426288918,-0.0322920382,0.0526472181,-2.168377161,0.5613378882,0.310080111
0.3521950245,-0.0448354557,-0.0114153633,0.0469459146,-2.3353881836,0.61764884,0.382352978
0.3623430729,-0.0472425893,0.0206993502,0.0260691494,-2.4652798176,0.6976762414,0.4620611668
0.3726069927,-0.0503049567,0.046476692,-0.0071468512,-2.5833201408,0.7672864795,0.5555641651
0.3825410604,-0.0470805839,0.0626823008,-0.0248005539,-2.7121765614,0.8516560793,0.649078846
0.3927479982,-0.0542639568,0.0865860283,-0.0436277539,-2.9031529427,0.9589878321,0.7670406699
0.4028260708,-0.0780044869,0.1249032915,-0.0473987013,-3.0933094025,1.0895617008,0.8680235147
0.4130780697,-0.0993065909,0.1721854508,-0.0382614285,-3.265607357,1.2465475798,0.9276064038
0.4228479862,-0.1034287885,0.2239485085,-0.0375761539,-3.4016537666,1.4046411514,0.9457708001
0.4329080582,-0.0901637152,0.2872126102,-0.058266297,-3.5244276524,1.5161488056,0.9617846608
0.442991972,-0.063572295,0.3443562686,-0.0695890337,-3.5743443966,1.5984988213,0.9650240541
0.4533699751,-0.0457982495,0.3873483837,-0.0963665396,-3.5361082554,1.6168783903,0.9660853148
0.4631329775,-0.0388801768,0.4440798461,-0.1321493536,-3.4571166039,1.6166659594,0.9904869199
0.4732090235,-0.0419215038,0.5087295771,-0.1689346582,-3.2946674824,1.5948860645,1.012732625
0.4832559824,-0.0509828404,0.5724350214,-0.181264177,-3.1226189137,1.5731846094,1.0339126587
0.4937289953,-0.0671240762,0.6308151484,-0.1835321337,-2.9291112423,1.5399348736,1.0455266237
0.5033990145,-0.0795574263,0.6739134192,-0.1659668833,-2.7837803364,1.5234072208,1.0826450586
0.5134600401,-0.0747871473,0.7042746544,-0.136440888,-2.6564676762,1.4963470697,1.1558632851
0.5235639811,-0.0620046332,0.7034603357,-0.1125012785,-2.5747878551,1.445835948,1.2736760378
0.5339250565,-0.0607820824,0.6935501695,-0.0826673657,-2.5420687199,1.3857129812,1.4477726221
0.5437350273,-0.0774313286,0.662989676,-0.0547878891,-2.5681064129,1.3337429762,1.649497509
0.5537500381,-0.0906775072,0.6436570287,-0.0339099914,-2.581962347,1.2385499477,1.8777402639
0.5638940334,-0.0962022021,0.626241684,-0.0081411758,-2.6542458534,1.1151273251,2.085808754
0.5742549896,-0.1135435179,0.5949708223,0.0166998953,-2.7039415836,0.973793447,2.2832453251
0.583927989,-0.1383430511,0.5425314903,0.0464060754,-2.7613022327,0.8514152169,2.4690144062
0.5940409899,-0.164702788,0.4896503985,0.0829699486,-2.7855429649,0.7238695025,2.6314122677
0.60414505,-0.1939959079,0.4487375319,0.0954741687,-2.7883584499,0.586802423,2.7693779469
0.6144889593,-0.2143464237,0.4192543924,0.1150649637,-2.7739832401,0.4369927049,2.8829119205
0.6242630482,-0.2299925238,0.3669567406,0.1285259575,-2.7255749702,0.2967810035,2.9582173824
0.6343430281,-0.240915969,0.2968318164,0.1313093752,-2.649381876,0.1537255794,3.0483794212
0.6443860531,-0.2594175339,0.2343740165,0.1462799162,-2.6171991825,0.0357457399,3.1375026703
0.6547490358,-0.2953304052,0.1854972541,0.1664774269,-2.630903244,-0.0850621685,3.1799178123
0.6645209789,-0.3350636959,0.1319679916,0.1690393537,-2.6275765896,-0.2026192248,3.2095868587
0.6745539904,-0.3648394942,0.0943509042,0.1609878391,-2.6244645119,-0.2990410924,3.2265267372
0.6846510172,-0.3786730766,0.0619123876,0.1565754265,-2.5958428383,-0.3858447075,3.2201075554
0.6949360371,-0.3802132905,0.0333386362,0.1535607427,-2.5521945953,-0.4833057523,3.1860702038
0.7047519684,-0.3809351921,0.0092819622,0.1428352445,-2.4606223106,-0.5719762444,3.1339735985
0.7147220373,-0.3866190314,-0.0074647381,0.1288695186,-2.3093380928,-0.6559715271,3.0680615902
0.7248669863,-0.3979511261,-0.0227873642,0.1317082494,-2.1338362694,-0.7092332244,2.9639348984
0.7352240086,-0.4077560902,-0.0389240086,0.117663607,-1.9381542206,-0.7527405024,2.8640544415
0.745092988,-0.4024307132,-0.0512044132,0.0956797451,-1.7379792929,-0.818441987,2.7715933323
0.755120039,-0.3878371119,-0.0606673658,0.0929759592,-1.5452910662,-0.8832665086,2.6610848904
0.765179038,-0.3687846661,-0.0647248924,0.0943652242,-1.2920008898,-0.9240790009,2.571808815
0.7754570246,-0.3551969826,-0.0567739308,0.1204532236,-1.070775032,-0.9598386288,2.4867908955
0.7852680683,-0.3519480824,-0.0533890426,0.1454564184,-0.9155887365,-1.0066353083,2.4251451492
0.7953720093,-0.3563740551,-0.0525908768,0.1472704262,-0.8562548161,-1.0721472502,2.3879344463
0.8054369688,-0.3707245588,-0.0412510931,0.1706706136,-0.8929803371,-1.1363202333,2.3592429161
0.8157830238,-0.3881213069,-0.0406273901,0.1908533424,-0.9611583352,-1.1485739946,2.3613777161
0.8255679607,-0.3832690716,-0.0449357927,0.1972431988,-1.0229701996,-1.1552950144,2.3900597095
0.8358039856,-0.3524415493,-0.0180953462,0.2239008993,-1.0609686375,-1.1957755089,2.4165942669
0.8457159996,-0.3290661573,0.0290622395,0.2584345043,-1.0771889687,-1.2795277834,2.44947052
0.856044054,-0.3260908425,0.0839532316,0.2997545898,-1.1249798536,-1.4070346355,2.4865820408
0.8658230305,-0.342649281,0.109565109,0.3090961874,-1.1277624369,-1.5521043539,2.5364155769
0.8758920431,-0.3526406288,0.120529145,0.316084832,-1.1494027376,-1.7311481237,2.6085338593
0.8859690428,-0.3621995747,0.1423044503,0.3363309801,-1.1516348124,-1.9302393198,2.6721434593
0.8963019848,-0.3769962192,0.1700336039,0.3729386032,-1.1659399271,-2.0977754593,2.7092263699
0.9060710669,-0.4023524523,0.1919145882,0.3744086921,-1.1699546576,-2.2281868458,2.7303981781
0.9162540436,-0.4303549528,0.2188208997,0.3817097843,-1.1930648088,-2.3704926968,2.7430746555
0.9264620543,-0.4609131217,0.2352662981,0.394890517,-1.2060261965,-2.4595019817,2.7791340351
0.9368050098,-0.4879850149,0.2255364358,0.3733043373,-1.1970561743,-2.4993784428,2.8353872299
0.9463300705,-0.5065978765,0.2237733901,0.3578509986,-1.1701651812,-2.5167882442,2.8958947659
0.9564419985,-0.5214078426,0.2298593819,0.3379957378,-1.1199840307,-2.5160109997,2.9479105473
0.9664679766,-0.5390585661,0.2349243462,0.3109147251,-1.0643098354,-2.5323221684,2.9754946232
0.9768840075,-0.55157125,0.2418499291,0.288369149,-1.0213333368,-2.5605478287,2.98290205
0.9865989685,-0.5664746761,0.2427865565,0.2497522682,-0.9880136251,-2.5847666264,2.9669554234
0.9965419769,-0.5690358877,0.2318491042,0.2244187444,-0.9492449164,-2.6206367016,2.9467532635
1.006608963,-0.5700216889,0.2246561944,0.2083252519,-0.9582759142,-2.6792418957,2.9212431908
1.0168750286,-0.5820074081,0.2036882937,0.185697183,-0.957026124,-2.6984484196,2.903182745
1.0282939672,-0.5920958519,0.1737489402,0.1584144682,-0.9579923749,-2.7103362083,2.8713231087
1.0371780396,-0.5982286334,0.1511845887,0.1314403862,-0.9067190886,-2.7164208889,2.8458237648
1.0470019579,-0.5993522406,0.1416090429,0.0922522396,-0.8564276695,-2.7309958935,2.8213822842
1.0572290421,-0.5984640718,0.1304081976,0.0643268675,-0.7625768185,-2.7261116505,2.7937541008
1.0671730042,-0.5864758492,0.0958111584,0.0428870767,-0.5956599712,-2.6644077301,2.7576422691
1.0772069693,-0.5739930272,0.0628766119,0.0443532318,-0.4297152162,-2.6134326458,2.7045354843
1.0872939825,-0.570712626,0.03535375,0.0441194624,-0.2830260992,-2.558465004,2.6386950016
1.0975190401,-0.5736051798,0.0141673973,0.0340509266,-0.1992965788,-2.5052115917,2.5569417477
1.1074390411,-0.5652199984,-0.0120742628,0.0285836309,-0.1823965907,-2.4916622639,2.4964199066
1.1174629927,-0.563290298,-0.033364892,0.0272577852,-0.229714036,-2.4596173763,2.4295544624
1.127573967,-0.5589516163,-0.0584208071,0.0102453073,-0.3505735099,-2.4366986752,2.3637664318
1.1378099918,-0.5483859777,-0.0804002583,-0.0010916153,-0.4756709635,-2.4181632996,2.2820489407
1.1477490664,-0.5422437191,-0.0869559348,-0.0409686714,-0.551866591,-2.3800246716,2.2120087147
1.15774405,-0.5319541693,-0.0731548965,-0.0682381541,-0.6033902168,-2.3532044888,2.1631925106
1.1678270102,-0.5157488585,-0.0661146343,-0.0418750197,-0.6422300339,-2.3146426678,2.108007431
1.1780999899,-0.5022323728,-0.0680885017,-0.0361446291,-0.7164317966,-2.2615208626,2.0549628735
1.1879739761,-0.4885014892,-0.0721720755,-0.0348286778,-0.7846767902,-2.1637175083,2.0114941597
1.1980390549,-0.4687591791,-0.0822396576,-0.0265239626,-0.8466743827,-2.0499303341,1.9701565504
1.2080869675,-0.4421144128,-0.0847411156,-0.0131360451,-0.9179689288,-1.9670385122,1.9224356413
1.2184209824,-0.4193431735,-0.0837979615,-0.0099917809,-0.9868425131,-1.9139670134,1.8545244932
1.2282429934,-0.403432548,-0.0786297023,-0.0246694237,-1.043743968,-1.8841562271,1.7834136486
1.2383459806,-0.3886104226,-0.066323176,-0.0453165919,-1.0739974976,-1.8508944511,1.7176064253
1.2483730316,-0.375020802,-0.0516920537,-0.0532138497,-1.1103883982,-1.8430635929,1.6655923128
1.2586489916,-0.356877327,-0.0394319892,-0.035591498,-1.1306265593,-1.8499529362,1.6125041246
1.2687430382,-0.3400081396,-0.0434002429,-0.0214244276,-1.1890031099,-1.8859140873,1.5456067324
1.2786890268,-0.3371579051,-0.0364443809,-0.013437287,-1.2639989853,-1.9665249586,1.4882484674
1.2886500359,-0.3434396386,-0.0291040409,-0.0211666971,-1.2848746777,-2.0146229267,1.4627466202
1.2989649773,-0.3471744061,-0.0220663417,-0.0294466168,-1.2699961662,-2.0080916882,1.4680551291
1.3087769747,-0.3367059827,0.0005887733,-0.0140047232,-1.243185401,-2.0193431377,1.4967116117
1.3188240528,-0.3168535233,0.0097895106,-0.0090720216,-1.1794873476,-1.9834868908,1.5402470827
1.3289179802,-0.2871505022,-0.0099475691,0.0344108194,-1.1116296053,-1.936989665,1.582724452
1.3392469883,-0.2593947053,-0.0042819991,0.0515746325,-1.1044771671,-1.9038671255,1.6082223654
1.3490489721,-0.2417767197,0.0020813481,0.0470077842,-1.1509150267,-1.8502889872,1.5880874395
1.3591309786,-0.2314567715,-0.0067799105,0.0477913469,-1.1761833429,-1.7819535732,1.524420023
1.3691589832,-0.2182217389,-0.0178968329,0.0499867648,-1.248167038,-1.7385286093,1.445887208
1.3795080185,-0.1971909553,-0.0232096929,0.0519804806,-1.3464670181,-1.7326030731,1.3471677303
1.389324069,-0.1844850928,-0.0483294129,0.0627824515,-1.4415738583,-1.7255752087,1.2505722046
1.3993610144,-0.1791885048,-0.0699464083,0.0743778199,-1.5049568415,-1.6896339655,1.1518589258
1.4094990492,-0.1741174608,-0.0805039853,0.0739305466,-1.5115536451,-1.6753321886,1.0754159689
1.4197889566,-0.162193194,-0.0548474938,0.0676083416,-1.445160985,-1.7017432451,1.0042454004
1.4295589924,-0.1478197724,-0.0308951605,0.0442701429,-1.3005443811,-1.7581201792,0.9521541595
1.4396240711,-0.1348772198,-0.0023074164,0.0245560259,-1.0863516331,-1.8338476419,0.9308259487
1.4497309923,-0.1277521998,0.0088279238,0.028699562,-0.8187126517,-1.9175134897,0.9222211242
1.4600659609,-0.1332543641,0.0264162403,0.0200065821,-0.5984564424,-1.9580127001,0.9253304005
1.4698330164,-0.1383027583,0.0259442907,0.032103464,-0.4700287282,-1.9940718412,0.9189099073
1.4798970222,-0.1427924186,-0.0027489378,0.0445077866,-0.4537522793,-2.02161479,0.904026866
1.4900070429,-0.1525769383,-0.0357799679,0.0394644588,-0.4899420738,-2.0327005386,0.8796085119
1.50030303,-0.1648734361,-0.0538012683,0.036199078,-0.5530512333,-2.0195891857,0.8594569564
1.5101779699,-0.1747965962,-0.0616665483,0.0317202657,-0.5574197173,-2.011339426,0.8286702633
1.5201640129,-0.1852367669,-0.0545551032,0.0036339005,-0.5574703217,-2.0083987713,0.7915087938
1.5302749872,-0.19630678,-0.0362258554,-0.0296470672,-0.5022869706,-1.9795231819,0.7522226572
1.5405870676,-0.2012630254,-0.03646411,-0.0476868302,-0.4022831023,-1.9502421618,0.7150489092
1.5503599644,-0.1991242319,-0.0425198302,-0.0700588375,-0.2980031967,-1.9208128452,0.6948626041
1.5604189634,-0.1978038102,-0.0639855787,-0.0910069495,-0.2217670083,-1.8619319201,0.6725748777
1.5704870224,-0.196530059,-0.1108002588,-0.0824139267,-0.2245182842,-1.8027832508,0.6343798637
1.5808410645,-0.1923644096,-0.1523469687,-0.0648026615,-0.2797088623,-1.7292653322,0.591958642
1.5906449556,-0.1951459795,-0.1724199951,-0.0705334693,-0.332947135,-1.6377483606,0.5410526991
1.6007170677,-0.1952201277,-0.1854025722,-0.0722459108,-0.3540407121,-1.558599472,0.5028728247
1.6107660532,-0.1935341507,-0.1801639795,-0.0816193968,-0.3058065474,-1.4744679928,0.4848508835
1.6211310625,-0.1832047254,-0.1738018692,-0.1220284849,-0.2019661963,-1.4003869295,0.4784907401
1.6308840513,-0.1682559401,-0.1552948654,-0.1427101046,-0.0670560375,-1.3400292397,0.441323638
1.6409699917,-0.1584701687,-0.1519171745,-0.1309211403,0.0508024208,-1.2831283808,0.3850468099
1.651237011,-0.1469777972,-0.1561776996,-0.1256694943,0.1588348895,-1.2040309906,0.3287841976
1.6613709927,-0.1340148002,-0.1780076623,-0.1173610836,0.1439699233,-1.1078985929,0.2831786275
1.6712319851,-0.1205187514,-0.2072527856,-0.1117419749,0.0971827805,-1.0204721689,0.2471336126
1.6812750101,-0.1183251813,-0.2293621004,-0.1177502424,0.036177218,-0.8992557526,0.2047376931
1.6913599968,-0.1139684394,-0.2160847932,-0.1043613106,-0.0247929506,-0.7799457908,0.1952557117
1.7016650438,-0.1073346809,-0.2013412416,-0.1006398946,-0.0826013908,-0.6563578248,0.1868377179
1.7117899656,-0.104451485,-0.1928288043,-0.1057792455,-0.1460644007,-0.4998084605,0.1964890063
1.7216620445,-0.0976356938,-0.1857368201,-0.1091038734,-0.2488349825,-0.3616747856,0.2008312941
1.7316440344,-0.0808008388,-0.1685301512,-0.1074168831,-0.3309926689,-0.2573505342,0.1998422146
1.7419890165,-0.0625167564,-0.1401890963,-0.1219542772,-0.3753089905,-0.2014925778,0.2009431571
1.7518440485,-0.0375165418,-0.1061264426,-0.135673359,-0.3688804507,-0.2047028095,0.1881983876
1.7618770599,-0.0253359154,-0.0670616552,-0.1085271984,-0.3251436353,-0.2033219635,0.1786317825
1.7719939947,-0.0181259587,-0.0508605316,-0.0844345242,-0.2261780798,-0.1748546362,0.1807439327
1.7820260525,-0.0122604445,-0.0535343513,-0.0529734045,-0.1072668657,-0.1145329773,0.1595078856
1.7918080091,-0.0096448734,-0.0612866655,-0.0317760855,0.0319451354,-0.0561434329,0.1403903961
1.8018629551,-0.0006386716,-0.0675931051,-0.0072131315,0.0772068873,0.0057055522,0.1266064048
1.8120180368,0.008047156,-0.0805096328,-0.0036140839,0.1449400783,0.0613708086,0.1106896251
1.8222759962,0.02476459,-0.0907053724,0.0021501025,0.1307291836,0.0940368772,0.0947825611
1.8320720196,0.0434105322,-0.1067269444,0.0177848786,0.0743906274,0.0712064654,0.0862910077
1.8421330452,0.0429881737,-0.1322862804,0.0281388611,-0.0421980396,0.0966463089,0.0757153258
1.8522070646,0.0384480879,-0.1341902018,0.0275467485,-0.1416516304,0.1169986576,0.0757516101
1.8625620604,0.0377890989,-0.1161086708,0.0267776698,-0.2130959928,0.1110691279,0.0757667944
1.8724960089,0.0445676968,-0.0960245952,0.0158257335,-0.2137476653,0.0697304755,0.0831775665
1.8825670481,0.0538995191,-0.068584308,0.0190045089,-0.1704100519,0.0054167323,0.0884434357
1.8926440477,0.0605692193,-0.0472510308,0.0399839133,-0.1267859042,-0.0887503177,0.0713963509
1.9030190706,0.0568277165,-0.0494225323,0.0563475937,-0.058944799,-0.150976941,0.0384322703
1.912801981,0.0320894048,-0.0389612392,0.0807185024,-0.0120070865,-0.1520309597,-0.0231629852
1.9228700399,0.016914241,-0.0181309599,0.0898988098,0.1297670901,-0.1383984983,-0.0752203241
1.9329260588,0.0184343383,-0.0156979803,0.0902035087,0.2972456813,-0.1329549849,-0.1156077012
1.9432790279,0.0217026398,-0.0143558094,0.0951174945,0.4207673371,-0.1065343022,-0.1347382516
1.9530240297,0.0289229676,-0.0287162978,0.1012934297,0.4674993157,-0.0849864036,-0.1474817395
1.9631179571,0.0147960111,-0.0565350801,0.0970352143,0.3926093578,0.0419539697,-0.1070509627
1.9731999636,0.0162363574,-0.0805993825,0.0565916747,0.3438628614,0.116096437,-0.0624068603
1.9835239649,0.0251005813,-0.0588632524,0.0311734527,0.2860818505,0.132756114,-0.0337152928
1.9933110476,0.0539038703,-0.0249717552,0.0219447464,0.19956927,0.0333251283,-0.032680925
2.0034151077,0.0658358261,-0.0380604863,0.0295739025,0.0521039106,-0.0538771488,-0.0273780357
2.0134501457,0.0615711734,-0.0801972449,0.0438037962,-0.1417666525,-0.0894780234,-0.0199131947
2.0238959789,0.0485543534,-0.0969757289,0.0552468747,-0.3051172197,-0.0823468789,-0.009250165
2.0338549614,0.042266719,-0.0640859157,0.0605524629,-0.3724323213,-0.0732391924,0.0130687896
2.0438909531,0.0452243611,-0.0105059454,0.0660891384,-0.3373513222,-0.0578836799,0.0427979231
2.0537471771,0.0588102266,0.0248293858,0.0665754527,-0.2497763783,-0.0622241646,0.0735662878
2.0640740395,0.0726591274,0.0357362181,0.0596681684,-0.1610747278,-0.0729553699,0.0990215838
2.0738480091,0.0773305818,0.0246900003,0.0553970188,-0.1056314707,-0.0670823678,0.1117518246
2.083976984,0.0787967369,0.0053894953,0.0497187227,-0.1526506543,-0.0599477589,0.129817903
2.093998909,0.0802988335,-0.0316132158,0.0321868509,-0.2294101864,-0.0679673329,0.1415107846
2.1043570042,0.0840608403,-0.061178863,0.000425621,-0.3081343174,-0.0930809453,0.1383328438
2.1141419411,0.0743179843,-0.059272185,-0.0103223482,-0.376170218,-0.1203427315,0.1171021834
2.1242551804,0.0607280657,-0.0529650003,-0.0187097937,-0.3662911952,-0.1490721107,0.0916021466
2.1343150139,0.0343388841,-0.0618831515,-0.0250838548,-0.3344569206,-0.1331122518,0.0555002652
2.1446909904,0.0018252055,-0.0660792738,-0.0308292657,-0.2762420774,-0.0872257203,0.0172836408
2.1543960571,-0.0260528401,-0.0641224682,-0.0398746878,-0.2028279155,-0.0666670501,-0.0198864974
2.1644601822,-0.0461855009,-0.0489715338,-0.0530826002,-0.1025710702,-0.0628848299,-0.0623820275
2.1746189594,-0.0680747703,-0.0290760566,-0.0692154318,-0.0094638476,-0.0909910947,-0.1038298011
2.1848831177,-0.0923699215,-0.0221137423,-0.0984904319,0.0807928145,-0.1541453004,-0.146356225
2.1946921349,-0.1200866178,-0.0567821413,-0.1319893748,0.1764179468,-0.2204219997,-0.18676202
2.2047400475,-0.1501454264,-0.1253020614,-0.1755129248,0.2860240638,-0.2971668243,-0.2239911556
2.214799881,-0.1776232868,-0.2059504837,-0.2378901392,0.4380675256,-0.347985059,-0.2474143952
2.2251980305,-0.1919753104,-0.2904686034,-0.2716033757,0.6424776316,-0.4057247937,-0.2634221315
2.2349538803,-0.1914039403,-0.3635202348,-0.2768346965,0.9180727601,-0.5393794179,-0.3007224798
2.2449178696,-0.1797971874,-0.4010048807,-0.322111696,1.2661553621,-0.7711181045,-0.343398571
2.2551419735,-0.1902225167,-0.4180694222,-0.3595283329,1.5927627087,-0.9915658832,-0.4157941639
2.2654800415,-0.2655552626,-0.3915743232,-0.3567607701,1.8316149712,-1.0943640471,-0.7163952589
2.2752649784,-0.4442900419,-0.2716420591,-0.3235300481,1.7639311552,-0.9756407738,-1.2949976921
2.2852921486,-0.5741986036,-0.2704460323,-0.3871302307,1.9767196178,-0.4072532654,-1.7980605364
2.2953710556,-0.6464247704,-0.2931236923,-0.4930718243,2.4593377113,0.2975746691,-2.0792081356
2.3056759834,-0.6628419161,-0.2257216871,-0.5131645203,3.0190937519,0.8697516322,-2.3031041622
2.3154931068,-0.6074630022,-0.2873640954,-0.5296740532,3.5581579208,1.2674328089,-2.5727415085
2.3255491257,-0.5505501032,-0.330712229,-0.5252665877,3.8768832684,1.5018795729,-2.8455877304
2.3355898857,-0.5342550874,-0.3150472343,-0.4951860011,4.1588463783,1.6800364256,-3.0770418644
2.3459801674,-0.5435652733,-0.2764421999,-0.4714503586,4.4502401352,1.877638936,-3.2681407928
2.3558111191,-0.5508104563,-0.1990766525,-0.426633805,4.8063263893,2.0112593174,-3.4316811562
2.3657979965,-0.5406973958,-0.1255567521,-0.3600200117,5.1781578064,2.0667245388,-3.5602254868
2.3759331703,-0.5086176991,-0.0667343438,-0.2931238711,5.5169591904,2.0116927624,-3.6665189266
2.3862671852,-0.4657906294,-0.0296717007,-0.2172166258,5.7625904083,1.8838517666,-3.7484037876
2.3960599899,-0.4156678915,-0.0063919141,-0.1535123736,5.7850575447,1.6618430614,-3.8154139519
2.4075641632,-0.3657079339,-0.0092558274,-0.0997475535,5.6128640175,1.3766525984,-3.8728497028
2.4427189827,-0.3235533237,-0.0368108749,-0.078514412,5.2881269455,1.0848374367,-3.9281260967
2.4428138733,-0.2902318239,-0.0500954986,-0.0730027109,4.8845191002,0.7840113044,-3.9579041004
2.4428400993,-0.2647019625,-0.040016681,-0.0682633668,4.41482687,0.4752216339,-3.9812984467
2.4464931488,-0.2617100477,-0.0229052622,-0.0802151114,3.9176971912,0.2426951975,-3.9887208939
2.4565360546,-0.2736424208,-0.0060638501,-0.0997322351,3.4232752323,0.0601610057,-3.9812543392
2.4668388367,-0.283927083,0.0089136055,-0.1125769764,3.0131106377,-0.1186409667,-4.0024752617
2.4762859344,-0.2964992523,0.0358630121,-0.1270264536,2.6920537949,-0.2436388284,-4.0279378891
2.4919040203,-0.316351831,0.072386086,-0.1495794803,2.4889194965,-0.3156531155,-4.0597763062
2.4991111755,-0.3406791687,0.1140514016,-0.1592300087,2.3966021538,-0.3719595075,-4.1096878052
2.5070309639,-0.3557012081,0.1544364393,-0.1539014131,2.4602007866,-0.4386820793,-4.1755690575
2.5168960094,-0.3593854904,0.1941439807,-0.149116233,2.663459301,-0.4903423488,-4.2340450287
2.526722908,-0.3537547588,0.2436324954,-0.1242581755,2.9479722977,-0.5560926199,-4.2840547562
2.5367059708,-0.338654995,0.2711643875,-0.0963637978,3.2956771851,-0.6447263956,-4.3478937149
2.5470609665,-0.3237695694,0.2876580954,-0.068090871,3.5797460079,-0.7719548941,-4.3873157501
2.5568199158,-0.3178480268,0.2836489379,-0.0480446965,3.7679173946,-0.9125323892,-4.3927431107
2.5668859482,-0.3199286461,0.2587375641,-0.0395503789,3.7212309837,-1.0455425978,-4.387488842
2.5769970417,-0.3370090723,0.2171583474,-0.0287363082,3.4652149677,-1.1621611118,-4.3545684814
2.58730793,-0.3614134789,0.1631200016,-0.0203983933,3.0529046059,-1.2290476561,-4.2960982323
2.5971610546,-0.3856698275,0.122492671,0.0030045351,2.5772848129,-1.2603009939,-4.220603466
2.6072511673,-0.386374712,0.0959484279,0.0362159461,2.077188015,-1.2992286682,-4.150416851
2.617347002,-0.3770234585,0.0830010474,0.0674081296,1.5900703669,-1.3573565483,-4.1131596565
2.6276631355,-0.3828599453,0.0690878332,0.0742120594,1.2587120533,-1.4110865593,-4.0982375145
2.637444973,-0.3958977461,0.0763629377,0.0570952743,1.109926939,-1.4739849567,-4.1067256927
2.6475329399,-0.4124711752,0.1252119839,0.043573007,1.1098006964,-1.4612320662,-4.1035342216
2.6577169895,-0.4320691228,0.1816366613,0.0192549676,1.2406708002,-1.4195462465,-4.069568634
2.6680879593,-0.4334661365,0.2171681225,0.0284032077,1.3748461008,-1.3884629011,-4.0387949944
2.6778569221,-0.405809164,0.2357250154,0.047895059,1.5117588043,-1.4166584015,-3.9900021553
2.6879401207,-0.3566597104,0.243192941,0.0624716729,1.6417154074,-1.4946488142,-3.9199953079
2.6979930401,-0.3094773889,0.256326884,0.0604336709,1.7740352154,-1.5936756134,-3.8245153427
2.7083790302,-0.2732961178,0.2763437927,0.0534428209,1.9170119762,-1.6891549826,-3.6876270771
2.7181601524,-0.2436845452,0.2986063659,0.0383571237,2.0445823669,-1.7356752157,-3.5071763992
2.7282071114,-0.218414858,0.3135881722,0.0294642895,2.167620182,-1.7532598972,-3.2768061161
2.7382998466,-0.1951488405,0.3182283342,0.0332108587,2.2197778225,-1.7245048285,-3.0049848557
2.748636961,-0.1794256419,0.3108533323,0.0342105478,2.1667997837,-1.6391550303,-2.7001924515
2.7584981918,-0.1652698964,0.2845988572,0.0491483659,1.9699481726,-1.4657509327,-2.3677122593
2.7684659958,-0.1483492404,0.2372487783,0.0987032503,1.6557651758,-1.2986484766,-2.0309586525
2.7785768509,-0.114697434,0.1695047319,0.1680383533,1.2586152554,-1.1611696482,-1.7324233055
2.7889509201,-0.0910149887,0.1036371887,0.2433700413,0.8169861436,-1.0628322363,-1.5188404322
2.7987010479,-0.1199055985,0.0427549779,0.306976527,0.3538786173,-0.9544234276,-1.3593996763
2.8088099957,-0.175587669,-0.0097108493,0.3433482349,-0.0900423899,-0.8473587632,-1.2689805031
2.818821907,-0.2116565257,-0.0544899404,0.357907027,-0.4343292415,-0.7823386788,-1.2508095503
2.8291659355,-0.2136066705,-0.060582906,0.3844935,-0.6597287655,-0.7633761764,-1.2953383923
2.8390290737,-0.1986440569,-0.0332243741,0.4069708288,-0.8188225031,-0.7587875128,-1.35475564
2.8490920067,-0.1987971812,-0.0165903885,0.4276301563,-0.9199163318,-0.7907744646,-1.4057123661
2.8591241837,-0.2079259306,-0.0296575744,0.442956537,-0.9661932588,-0.8615357876,-1.4556409121
2.8694748878,-0.2099854797,-0.0563851297,0.4591467679,-0.9692633748,-0.9839347005,-1.5087912083
2.8801579475,-0.2114454955,-0.0702110827,0.446257323,-0.9147127867,-1.1058784723,-1.5693887472
2.8893640041,-0.2349363416,-0.0687989891,0.417956084,-0.8379138708,-1.2117394209,-1.6342308521
2.8994369507,-0.2787217796,-0.0566542447,0.3987325132,-0.7335250378,-1.3014160395,-1.6948238611
2.909705162,-0.3045316637,-0.0473670065,0.4266319573,-0.690200448,-1.4731843472,-1.7331454754
2.9195840359,-0.2975790501,-0.0732438862,0.4257133305,-0.5973254442,-1.5828032494,-1.7449035645
2.9297771454,-0.2787806988,-0.0992166698,0.4190677702,-0.5972117186,-1.7018042803,-1.7693843842
2.9399218559,-0.2594422996,-0.0854170024,0.4408129156,-0.7137702703,-1.8941591978,-1.8214786053
2.9502038956,-0.2577415705,-0.0846696198,0.408940047,-0.7657344341,-2.0372567177,-1.89161551
2.9597680569,-0.2896596193,-0.0723179281,0.3875209987,-0.9042100906,-2.1747894287,-1.9691628218
2.9699029922,-0.3367523849,-0.0490254462,0.3662103117,-1.076900363,-2.3039753437,-2.0222735405
2.980602026,-0.3768211603,-0.0623391569,0.3624915183,-1.2966350317,-2.4227464199,-2.0424513817
2.9908950329,-0.3992010355,-0.0808950365,0.3580318987,-1.6302907467,-2.5691094398,-2.0732319355
3.000221014,-0.4088045955,-0.1110758483,0.3423192203,-2.0240232944,-2.6817946434,-2.0657541752
3.0101399422,-0.4101170599,-0.1657317579,0.3186837137,-2.469233036,-2.7693994045,-2.0486960411
3.0385580063,-0.4159393907,-0.2155922353,0.2944280803,-2.9057283401,-2.8762073517,-2.0592567921
3.0386810303,-0.4222634435,-0.2325987518,0.291023463,-3.2366609573,-2.9759829044,-2.1091272831
3.04976511,-0.4338416755,-0.2173155844,0.3247365654,-3.4601471424,-3.0455162525,-2.2216570377
3.0515761375,-0.4651408195,-0.1609375775,0.2999980748,-3.4457402229,-3.1080203056,-2.3883943558
3.0605978966,-0.5178520679,-0.1159973443,0.2868861854,-3.0715866089,-3.0789084435,-2.6560473442
3.0709061623,-0.5540958047,0.0114491871,0.259359628,-2.8001160622,-3.0237705708,-2.8631393909
3.0806560516,-0.5701047182,0.1535017788,0.1315438598,-2.3857827187,-3.0572116375,-3.0140366554
3.0905890465,-0.5848149061,0.1834251583,0.0613031834,-1.7825191021,-3.09435606,-3.1724164486
3.1006221771,-0.5888298154,0.2145127952,0.0426277965,-1.3619885445,-3.1040251255,-3.265966177
3.110970974,-0.5769484043,0.252934128,0.0062306961,-0.9798915982,-3.1070404053,-3.2639410496
3.1207430363,-0.5686122775,0.2509098947,-0.0042451778,-0.5361281633,-2.9787802696,-3.2278888226
3.1307640076,-0.5652541518,0.2942706645,0.0158278197,-0.2715886235,-2.85739851,-3.1928560734
3.1409850121,-0.5461397767,0.3394199908,0.0555906147,-0.1057394892,-2.7908914089,-3.1418981552
3.151348114,-0.5063223243,0.33409217,0.072726354,0.0074770772,-2.6885032654,-3.0505611897
3.1611499786,-0.4756984115,0.3191560805,0.0397338122,-0.0415679365,-2.4725875854,-2.9060366154
3.1712260246,-0.4684416056,0.3402972519,-0.0175835043,-0.2319514602,-2.2077515125,-2.7179174423
3.1812930107,-0.4661977291,0.3825257719,-0.0553002506,-0.466417551,-1.9104350805,-2.5340175629
3.1915960312,-0.4705738425,0.4301972687,-0.0974385887,-0.6989767551,-1.5920385122,-2.3745296001
3.2014341354,-0.4588741064,0.4921736419,-0.1347327381,-0.8671926856,-1.3037545681,-2.2002081871
3.2114958763,-0.4269174933,0.5617717505,-0.1667883545,-0.9325453043,-1.0571199656,-2.041860342
3.221558094,-0.4035146832,0.6169255376,-0.2283376008,-0.852060616,-0.8804095984,-1.899510622
3.2318711281,-0.3631656766,0.678435266,-0.2615666091,-0.6825131178,-0.7516894341,-1.7508374453
3.2416958809,-0.3211031556,0.7192494273,-0.2927326262,-0.4078320265,-0.6795704365,-1.636198163
3.2517299652,-0.280166626,0.7461894751,-0.3189196885,-0.1180034056,-0.6250544786,-1.4748510122
3.2618000507,-0.2335257679,0.7436758876,-0.3033490479,0.1862445623,-0.6268859506,-1.3496367931
3.2721760273,-0.2044162899,0.6938990951,-0.2953158915,0.3999190032,-0.6409799457,-1.1936136484
3.2819190025,-0.1839916855,0.6141664386,-0.2826679051,0.5794714093,-0.6586598158,-1.0535099506
3.2920389175,-0.1692339331,0.5443307757,-0.2656141818,0.6755353212,-0.6527321339,-0.923991859
3.3020610809,-0.1512876302,0.5027758479,-0.2337626368,0.720438838,-0.653681159,-0.8040195107
3.3124761581,-0.1505620033,0.4642762542,-0.2028354555,0.7406439781,-0.6412237287,-0.7105801105
3.3222110271,-0.168888405,0.418076396,-0.1981763989,0.7276339531,-0.616306603,-0.6150051355
3.3322758675,-0.178982988,0.3719267547,-0.1943826228,0.6813217998,-0.5682629347,-0.5077276826
3.3423409462,-0.171127215,0.329678297,-0.1679865271,0.6190211177,-0.5225796103,-0.4153109491
3.3527321815,-0.1637855917,0.2894222438,-0.1463761479,0.5288634896,-0.4665338695,-0.3239453435
3.3624649048,-0.149168089,0.2558167577,-0.1238334328,0.3971472085,-0.4160308242,-0.2134608179
3.3725619316,-0.1302399784,0.2006855309,-0.0886966139,0.2547418475,-0.3646997511,-0.1242079139
3.3825769424,-0.1127436236,0.1386901438,-0.0576744229,0.085644722,-0.3126036227,-0.044503361
3.3929791451,-0.094699569,0.0941028297,-0.0280532986,-0.1217345744,-0.2746631801,0.0309559777
3.4027240276,-0.0789249614,0.058280021,-0.0029326836,-0.3302125335,-0.2347557843,0.0841191262
3.413184166,-0.061444886,0.0304452758,0.0118888458,-0.5268539786,-0.2054524869,0.1224084646
3.423014164,-0.0421851948,0.0146506419,0.0251278728,-0.7009648681,-0.1887541413,0.1500671953
3.4332008362,-0.0250151232,0.0061303661,0.032829985,-0.8578609824,-0.1856933683,0.1787771285
3.4430170059,-0.0069245179,-0.0056444122,0.0359195322,-0.9899665713,-0.2080569416,0.1809246391
3.4530549049,0.0014780681,-0.0106654773,0.0274742693,-1.0911242962,-0.2324783951,0.15120776
3.4631869793,-0.0113132074,-0.0045911088,0.0007122597,-1.130112648,-0.2875007689,0.0641211867
3.4734730721,-0.0410517529,0.0288579147,-0.0414481312,-1.0781463385,-0.3697407842,-0.0877703354
3.4832730293,-0.0796572044,0.1086167395,-0.1151997,-0.928019464,-0.4513312578,-0.2715401649
3.4933328629,-0.1084190682,0.2216571271,-0.2053759247,-0.6390084028,-0.5500445366,-0.5010114312
3.5034279823,-0.1370841414,0.3572685122,-0.3311379254,-0.2953699529,-0.6648363471,-0.6657345891
3.513739109,-0.1595780402,0.5081086755,-0.375641495,-0.0354819186,-0.723457098,-0.7284759879
3.5235090256,-0.1832817942,0.5628909469,-0.3141715229,0.2093079984,-0.552916348,-0.7762335539
3.5336260796,-0.1673090011,0.4963459074,-0.2344972044,0.3855389357,-0.2431054711,-0.6911796331
3.5436570644,-0.0965181664,0.3751986921,-0.1454103738,0.4049288929,0.0681087449,-0.5062767863
3.5540509224,-0.0464406684,0.233471185,-0.0810545236,0.2686046064,0.3730649054,-0.258690685
3.5637998581,-0.0406304076,0.1181105971,-0.0669303089,-0.0560351051,0.6213653684,0.0143979732
3.5737130642,-0.0732737854,0.0521363616,-0.0925970227,-0.4535963237,0.7990863919,0.3012734056
3.5837259293,-0.1113200262,0.0607250631,-0.105844155,-0.9442171454,0.9995324016,0.6179142594
3.5940260887,-0.1449202448,0.1505089104,-0.1366362721,-1.5110108852,1.1299266815,0.87083143
3.6051011086,-0.1826113611,0.230912447,-0.1687392145,-2.0105371475,1.2530244589,1.0536488295
3.6142849922,-0.1871453077,0.3035959303,-0.1660233885,-2.4359967709,1.3308234215,1.1875823736
3.6242530346,-0.1678911597,0.358633548,-0.143505469,-2.7776546478,1.3482680321,1.2290896177
3.6344280243,-0.1391011029,0.3986545801,-0.1361274272,-2.9925065041,1.3825101852,1.2355320454
3.6444010735,-0.1221020296,0.4482372701,-0.1557926685,-3.1249651909,1.2879288197,1.2280853987
3.6543951035,-0.1187508777,0.5019700527,-0.1799491793,-3.1145191193,1.2030009031,1.2078661919
3.6645259857,-0.1210582927,0.5677940249,-0.2288102657,-3.0074155331,1.0573387146,1.1822832823
3.6747188568,-0.1251465231,0.6470025778,-0.2630817592,-2.8557524681,0.937484026,1.149269104
3.6846630573,-0.1506647617,0.7269408107,-0.2753500044,-2.6845037937,0.8868702054,1.1311480999
3.6946620941,-0.1821949631,0.7928209305,-0.2646671832,-2.506701231,0.9299029112,1.1459896564
3.7047328949,-0.1954718977,0.8491063714,-0.2469281107,-2.3484764099,1.0123147964,1.2054522038
3.7149970531,-0.1968022138,0.8894535899,-0.2094053179,-2.2266404629,1.108653903,1.3339470625
3.7249000072,-0.2022367269,0.8985878229,-0.1736526638,-2.1552629471,1.2389774323,1.5346744061
3.7348871231,-0.2160709649,0.8779595494,-0.1467172056,-2.1468172073,1.3679397106,1.7736414671
3.7450051308,-0.2357208878,0.8340544701,-0.1284017712,-2.2308092117,1.4581371546,2.0497756004
3.7553811073,-0.2497598082,0.7677399516,-0.1031482965,-2.4283947945,1.4902300835,2.3545780182
3.7651100159,-0.2652461529,0.686681807,-0.0802064687,-2.7031400204,1.4485523701,2.6774127483
3.7751920223,-0.2911440134,0.5929473639,-0.0702834278,-3.0083055496,1.3546277285,3.0023539066
3.7853059769,-0.328440547,0.5231958032,-0.0355008394,-3.3543088436,1.1792869568,3.2635576725
3.7956218719,-0.3679666519,0.4665666521,-0.0004207054,-3.6085762978,1.0054980516,3.4769568443
3.80539608,-0.3958023787,0.417933017,0.0250698179,-3.7314312458,0.8144863248,3.6393480301
3.8154890537,-0.4145857096,0.3790609539,0.0545403808,-3.7478468418,0.6484427452,3.7454490662
3.8256440163,-0.4395596981,0.3484342992,0.0628472418,-3.6374304295,0.4958878458,3.7973725796
3.8358778954,-0.4742794037,0.3167663515,0.0707743019,-3.4112756252,0.3991812766,3.7972669601
3.8457009792,-0.5183129311,0.2840407789,0.0573141426,-3.0926082134,0.3349834383,3.7769804001
3.855743885,-0.539367795,0.2510568202,0.0469267219,-2.709076643,0.2947731912,3.7683684826
3.8658800125,-0.5443089008,0.1931203902,0.034772262,-2.2586658001,0.290212512,3.7671892643
3.8761520386,-0.5594795942,0.1420693696,0.0120358309,-1.9232507944,0.259131819,3.7585942745
3.8859319687,-0.5652106404,0.1186264455,0.0132709583,-1.7670891285,0.2219489068,3.7054474354
3.8960239887,-0.5717360973,0.067588836,0.0103734573,-1.6491440535,0.1618946195,3.6130111217
3.9061579704,-0.5700394511,0.0084858229,0.0196597427,-1.5887773037,0.0959703326,3.5110294819
3.9164209366,-0.5638797879,-0.0352039635,0.0381824821,-1.6671535969,0.0297977068,3.3942184448
3.9262890816,-0.5627399087,-0.0730309784,0.0435316414,-1.8168298006,-0.0583918765,3.2508687973
3.9362690449,-0.5538207293,-0.100017339,0.0410636514,-1.9981296062,-0.1849956214,3.1170649529
3.9463839531,-0.5412851572,-0.1044387519,0.0521075577,-2.1801319122,-0.3476694226,2.9853672981
3.9567189217,-0.5417155623,-0.1096192896,0.0660264343,-2.3471696377,-0.5134714246,2.8419840336
3.9664821625,-0.5481433868,-0.1196880043,0.0493600219,-2.4482514858,-0.6574068069,2.7092134953
3.9765610695,-0.5421378016,-0.1162776053,0.0280616134,-2.5119791031,-0.8009322882,2.589174509
3.9866108894,-0.5298225284,-0.1093913615,0.0096455654,-2.4697132111,-0.9774183631,2.4797108173
3.9969611168,-0.5086511374,-0.1025343239,-0.004506127,-2.287532568,-1.1618856192,2.4232971668
4.0067873001,-0.4889740944,-0.0797844827,-0.0213005692,-2.0591928959,-1.3712229729,2.3965902328
4.016805172,-0.4780071974,-0.0539839566,-0.0218856484,-1.8009403944,-1.5822407007,2.3974812031
4.0269551277,-0.484588176,-0.0449105203,-0.0380978733,-1.553841114,-1.7456054688,2.3983976841
4.03723526,-0.4948628843,-0.0485440791,-0.0575329214,-1.3583357334,-1.8711048365,2.4173977375
4.0470509529,-0.4922956526,-0.0745577514,-0.0469410568,-1.1097379923,-1.9695427418,2.4470148087
4.0570802689,-0.4864506125,-0.1036311686,-0.0307119042,-0.9279313684,-2.0048093796,2.4904849529
4.0672311783,-0.4986650348,-0.114150852,-0.0202361494,-0.7825092077,-2.0309128761,2.5233504772
4.0774960518,-0.5071385503,-0.1273543537,-0.0068655172,-0.6418218613,-2.0103490353,2.5594260693
4.0874967575,-0.5166785717,-0.1343976557,0.0355313867,-0.5389552116,-1.9434974194,2.5849175453
4.0974960327,-0.527477622,-0.1343205869,0.0391617864,-0.4717056155,-1.8389571905,2.5796437263
4.1076731682,-0.5287317038,-0.1393850148,0.0433740467,-0.5120780468,-1.7512799501,2.5733263493
4.1179361343,-0.5322023034,-0.150136143,0.0493148416,-0.6129362583,-1.6993068457,2.5425858498
4.1275482178,-0.5328813791,-0.1761744916,0.0488526672,-0.7626913786,-1.6680879593,2.486364603
4.1375522614,-0.5171482563,-0.1921369731,0.0457343906,-0.9332029223,-1.6953896284,2.4333043098
4.1475348473,-0.4921998382,-0.1765280664,0.0272601694,-1.1705687046,-1.7579870224,2.4269626141
4.1579341888,-0.4614948034,-0.1507300436,-0.0050691525,-1.168089509,-1.899153471,2.4173352718
4.1676421165,-0.4475805759,-0.1494980752,0.0115367016,-1.1994142532,-1.9708245993,2.3705878258
4.1778621674,-0.4499021769,-0.0895477831,-0.0236641318,-1.1685913801,-2.0662546158,2.3397400379
4.1879577637,-0.4539959133,-0.0634646118,-0.0385143906,-1.0379114151,-2.1151587963,2.313138485
4.1985239983,-0.454701364,-0.0610316694,-0.0590307862,-0.8382348418,-2.1262032986,2.304587841
4.2082781792,-0.4510486126,-0.0639099181,-0.0606588274,-0.6182972789,-2.1360154152,2.2949695587
4.2181587219,-0.4428828359,-0.0625522435,-0.0629345328,-0.376121372,-2.1287121773,2.2768611908
4.2282891273,-0.4310485125,-0.0667948425,-0.0727256685,-0.1445568204,-2.1279094219,2.2523813248
4.2385821342,-0.4184509516,-0.0668901503,-0.0804312378,0.0721358061,-2.1347615719,2.2130362988
4.2484359741,-0.4051079154,-0.0664697587,-0.0658933073,0.207915023,-2.1615111828,2.1598997116
4.2584271431,-0.3937713504,-0.0799554288,-0.0511030108,0.2750578523,-2.1560482979,2.0940537453
4.2685451508,-0.3870971203,-0.1012659371,-0.0476174504,0.2275261283,-2.1027617455,2.0303835869
4.2788271904,-0.3686841726,-0.1102372706,-0.0271636397,0.020631548,-2.1208937168,1.9677809477
4.2886800766,-0.3550830483,-0.1058314145,-0.0105552832,-0.2174648792,-2.1150314808,1.8839623928
4.2986950874,-0.3491506577,-0.1163674891,-0.0057441154,-0.4737797678,-2.1019282341,1.7959047556
4.3087611198,-0.3421976566,-0.1204002202,0.0135019859,-0.7396912575,-2.0888259411,1.7205914259
4.3191318512,-0.3362603188,-0.1189987957,0.0297151655,-0.9439698458,-2.047368288,1.6803156137
4.3289198875,-0.3226485848,-0.1015078127,0.0295822471,-1.0554579496,-1.9973826408,1.6846170425
4.3390111923,-0.313401103,-0.0667986572,0.0435433239,-1.1680347919,-1.9440563917,1.7144026756
4.3491067886,-0.3154821992,-0.0205081422,0.0530502647,-1.2921494246,-1.9097346067,1.7739099264
4.3594470024,-0.3260102868,-0.0053150966,0.0719104856,-1.4271408319,-1.8554668427,1.8153814077
4.3692388535,-0.3330261111,-0.0106719146,0.082335338,-1.5528689623,-1.767234087,1.8462513685
4.3792562485,-0.3266220689,-0.0067025735,0.0726771206,-1.6569498777,-1.7107678652,1.8579858541
4.3893318176,-0.3079616427,0.0142838946,0.0766768306,-1.7814795971,-1.7448186874,1.8473823071
4.3996639252,-0.2908160686,0.0238305908,0.078439936,-1.8703535795,-1.8232210875,1.8218826056
4.4094467163,-0.2819709182,0.0293941181,0.0812034458,-1.9453414679,-1.9048707485,1.7677074671
4.4195251465,-0.2784140706,0.0394712687,0.0800895542,-1.9576878548,-1.9529908895,1.7273381948
4.4295859337,-0.2635404468,0.0521021783,0.0821834654,-1.972766161,-2.047866106,1.6805769205
4.4399590492,-0.247208789,0.061314553,0.0965896696,-1.9247914553,-2.1517322063,1.6348555088
4.4497199059,-0.2381649166,0.0698134005,0.1001560539,-1.8563147783,-2.2776458263,1.5976117849
4.4598450661,-0.2422946841,0.0884594023,0.1026047319,-1.7582420111,-2.3734183311,1.5869210958
4.4699158669,-0.2556142211,0.1056769788,0.091004476,-1.6902236938,-2.4513528347,1.585803628
4.480175972,-0.2683367729,0.1178801805,0.0924975723,-1.6840305328,-2.5361173153,1.5963777304
4.4900021553,-0.2764083743,0.1093945652,0.0670497268,-1.7067016363,-2.6169855595,1.5920952559
4.5000572205,-0.2807613611,0.0975950211,0.0342794508,-1.7577259541,-2.7449359894,1.5654993057
4.5101222992,-0.2852461934,0.098900497,0.0041076979,-1.7958875895,-2.8780164719,1.5484534502
4.5205001831,-0.2859367132,0.1026759595,-0.0164060742,-1.7719801664,-3.0274775028,1.5398782492
4.5304899216,-0.2914965153,0.0874181539,-0.030183211,-1.6768983603,-3.1445541382,1.5206838846
4.5403842926,-0.2909924984,0.0724354535,-0.0453365594,-1.5650434494,-3.2317864895,1.4993759394
4.5504059792,-0.2892408371,0.059655875,-0.0601106435,-1.4253047705,-3.3337407112,1.4610639811
4.5607652664,-0.2880914807,0.0303319227,-0.072479859,-1.2622879744,-3.417709589,1.383469224
4.5705761909,-0.2991672158,0.0192272346,-0.0967186838,-1.1445297003,-3.4586317539,1.2963522673
4.5806078911,-0.3030288815,0.0011823461,-0.094139412,-0.9671845436,-3.4832479954,1.1890531778
4.5906438828,-0.3122805357,-0.0222035367,-0.1060929447,-0.7990105748,-3.4465939999,1.0520561934
4.6010279655,-0.3280783296,-0.0023156567,-0.1235598475,-0.7099683285,-3.3935916424,0.9246441722
4.6108198166,-0.3338257074,-0.006232427,-0.1648689061,-0.643247664,-3.3492529392,0.8004193902
4.6208190918,-0.3129941225,-0.0628766865,-0.198555246,-0.5961501598,-3.3685641289,0.7048358917
4.6311187744,-0.2977662086,-0.1009040028,-0.212628141,-0.6275372505,-3.4338338375,0.6634002328
4.6412611008,-0.2921150923,-0.1249682754,-0.1945964247,-0.6574706435,-3.4299962521,0.6411119699
4.6510810852,-0.2873080373,-0.1580888778,-0.1937099248,-0.6450998783,-3.3851063251,0.674045682
4.6611452103,-0.2906733155,-0.1361610591,-0.1288239509,-0.5757623315,-3.2715537548,0.7462871075
4.671216011,-0.3012396693,-0.0914248973,-0.1142587215,-0.5397523642,-3.1327800751,0.8259841204
4.6815671921,-0.3026646972,-0.0743573457,-0.1472951323,-0.4755169451,-2.9365413189,0.8929591775
4.6913480759,-0.2816386819,-0.115130499,-0.1860894114,-0.4227965176,-2.7638998032,0.9365660548
4.7014069557,-0.2578492165,-0.1263891011,-0.1888163239,-0.3927273154,-2.5693941116,0.9462117553
4.7114839554,-0.2550714016,-0.0863342658,-0.1998419911,-0.3887239695,-2.3318605423,0.91766119
4.7217969894,-0.2648283839,-0.0557801425,-0.1996305138,-0.3766284287,-2.0544397831,0.8116167784
4.7315559387,-0.2826674581,-0.0339927226,-0.2080598623,-0.3754283786,-1.7547951937,0.7108940482
4.7416758537,-0.2516579628,-0.0500142872,-0.2037394792,-0.3664242327,-1.5940526724,0.6154101491
4.7517118454,-0.2024142891,-0.1014120057,-0.2227258831,-0.2445203811,-1.5124915838,0.5931239128
4.7621340752,-0.1878084689,-0.1200545281,-0.2448852211,-0.1102632433,-1.3850554228,0.59209162
4.7718119621,-0.1855575591,-0.1198242307,-0.2536975443,-0.0154724475,-1.2636902332,0.5262954831
4.7819871902,-0.1613176018,-0.1324001253,-0.2506434619,0.0721740499,-1.1765859127,0.4233222306
4.7919831276,-0.1474628597,-0.1490046084,-0.2359380871,0.1497928798,-1.0458769798,0.3490414619
4.8023967743,-0.1432608515,-0.1551763266,-0.2088735253,0.1834469885,-0.8943375945,0.2737208903
4.8121089935,-0.1301652938,-0.1908372343,-0.1995240599,0.1915330291,-0.7448812723,0.238754645
4.8222341537,-0.1247162297,-0.1889683604,-0.2040715367,0.1625029743,-0.6190857887,0.2048472762
4.832253933,-0.1121000722,-0.1749131978,-0.2114104182,0.1487789601,-0.5303707719,0.1592374444
4.8426680565,-0.101942189,-0.1447584331,-0.2106245905,0.1395207494,-0.4606545568,0.1231734529
4.8523831367,-0.0874173716,-0.1253932416,-0.1889321953,0.1377124488,-0.3875520527,0.1083457097
4.862514019,-0.0782809928,-0.1091032252,-0.1649085432,0.1198564842,-0.3103033602,0.0998944342
4.872508049,-0.0745511129,-0.1008279696,-0.1424689442,0.0774498507,-0.2321667224,0.0978209004
4.8828477859,-0.0633733347,-0.0841778591,-0.1175179034,0.0279502086,-0.1923673749,0.084049955
4.8926200867,-0.045519717,-0.0600351468,-0.0849022418,0.0139611028,-0.181967482,0.0702542514
4.9027862549,-0.0365570262,-0.0252496395,-0.0602825433,0.038313847,-0.1626481116,0.071319513
4.912779808,-0.0256752446,-0.0038374974,-0.0571772009,0.0905765742,-0.1589533687,0.0798028782
4.9232120514,-0.011856623,0.0042898268,-0.0442946106,0.0959889144,-0.1663060933,0.0840450227
4.9329137802,0.0020940821,-0.0178890172,-0.0409337431,0.0493187457,-0.1942548454,0.0914765075
4.9430360794,0.009221904,-0.0530778319,-0.0345988423,-0.0844563618,-0.1560312808,0.1117037535
4.9530582428,-0.0164446905,-0.0351226479,-0.0465150028,-0.2381265014,-0.0512903556,0.1075466871
4.9634580612,-0.0115768388,-0.0216067974,-0.0611005574,-0.2208465934,0.0348301455,0.1107707098
4.9731931686,-0.0014730771,0.0085371649,-0.0715392977,-0.159229055,0.0629280284,0.106523037
4.9833202362,0.0024592201,0.0261161979,-0.0598398596,-0.0910228342,0.0707508028,0.0757174566
4.9933161736,-0.0114851072,0.0224243831,-0.0484305769,0.0023959791,0.1192198619,0.0608521588
5.003672123,-0.0210502818,0.0096933013,-0.026880756,0.118088223,0.1828835309,0.0682871714
5.013504982,-0.0252355412,0.0076741562,-0.0167100579,0.2037498653,0.262290597,0.0895417258
5.0235319138,-0.0289598182,-0.0058521642,-0.0072230259,0.2466472685,0.3475184143,0.0842644051
5.0336689949,-0.0378921106,-0.0423408449,0.0049268445,0.1654146165,0.4644184113,0.0577976443
5.0439558029,-0.0258134082,-0.1127810776,-0.0135851065,0.0864388421,0.5721057057,0.0801692605
5.0537638664,-0.0192158297,-0.1297988594,-0.0279597193,-0.0179654062,0.6603749394,0.0876718536
5.0637850761,-0.0140633062,-0.1002674103,-0.043906942,-0.1111214459,0.6890436411,0.0526704602
5.0738978386,0.0068890969,-0.0750732645,-0.0625416785,-0.1051421687,0.6230792403,0.0175968967
5.0842051506,0.0195068642,-0.0418600217,-0.0631756932,-0.0549724773,0.5128243566,-0.0344990604
5.0940680504,0.0150297806,-0.0095535973,-0.0368709117,0.0237894189,0.4239299893,-0.103579931
5.1041059494,0.0168961808,0.007515809,-0.0197653919,0.119531922,0.3447827101,-0.1652281135
5.1142201424,0.0389174744,0.0079430556,1.034e-07,0.2434698194,0.2213573456,-0.2205349654
5.1244688034,0.0657296702,0.0009910003,0.0324854702,0.3324465752,0.0733319372,-0.2588562667
5.1343050003,0.0806575343,-0.0034670695,0.0834412426,0.3784128726,-0.0409490354,-0.2716656029
5.1477422714,0.0923731849,-0.0218954701,0.1274832338,0.3642815948,-0.1217296347,-0.2738259733
5.1556520462,0.0926716253,-0.0334222242,0.1524064392,0.2642833889,-0.1533190459,-0.265322417
5.1648550034,0.0957930014,-0.0364075676,0.1645682901,0.1854703277,-0.1675941199,-0.2334555686
5.175180912,0.0979049131,-0.02061891,0.1640260071,0.1047029644,-0.199917376,-0.2005360425
5.1853227615,0.1001445577,0.0163104217,0.1675014347,0.0677262992,-0.2349797636,-0.1580722034
5.1953401566,0.1004625484,0.0290784072,0.1739885658,0.0285394602,-0.2626190484,-0.1134813651
5.2054009438,0.0928174779,0.0322131291,0.1607177109,-0.0175808966,-0.2372718751,-0.0699232295
5.2147922516,0.0837052986,0.0393323228,0.1370984167,-0.0403133221,-0.2033441365,-0.0433538072
5.2246980667,0.086924009,0.0507208109,0.1139625162,-0.0059367055,-0.2252646089,-0.0338172913
5.2347741127,0.0869809911,0.0675198734,0.0993115753,0.0382039659,-0.2641944587,-0.0423428714
5.245177269,0.0788237378,0.0769768879,0.090002045,0.1046381146,-0.2912649512,-0.0519294515
5.2549071312,0.0796496794,0.0594942719,0.0926986784,0.1667614579,-0.3129151165,-0.0381529219
5.2649531364,0.068721585,0.0408115834,0.0982785076,0.2060257792,-0.2902337611,-0.0296571702
5.2750968933,0.025055401,0.0176825654,0.0779019445,0.1458218098,-0.1436897963,-0.0943379626
5.2853908539,-0.0127415732,-0.0420157164,0.0174199194,0.1481680274,0.0496647544,-0.0613262169
5.2952222824,0.0067903916,-0.0879176036,-0.033643797,0.1018254235,0.0961570218,-0.0294384584
5.3050999641,0.019433789,-0.0749242306,-0.0320814997,0.0238925368,0.0986526683,-0.0304792207
5.3153591156,0.0227836892,-0.0838148966,-0.0464930683,-0.0343097039,0.0505334102,-0.0092525622
5.3256640434,0.0148048326,-0.0764878169,-0.0350487381,-0.1225612611,0.0179365836,-0.0081846341
5.3354249001,0.0049575488,-0.0694264397,-0.0166351944,-0.1822302639,0.0088892281,-0.0134802638
5.3455200195,0.0040088217,-0.0672651231,-0.0186132342,-0.2056234777,0.0013748525,0.0045725065
5.3556580544,0.0054181139,-0.0473777056,-0.0123331705,-0.2289151698,-0.0191040561,-0.0134853227
5.3659162521,0.0145383999,-0.025899047,-0.0070067802,-0.2082466483,-0.0593974181,-0.0368702747
5.3758907318,0.0230910704,-0.0115625346,-0.0012091555,-0.1535981894,-0.0812675655,-0.0464491323
5.3859510422,0.0178037211,0.0018500821,0.0053257784,-0.1015991867,-0.0521983616,-0.0517568141
5.396091938,0.014278762,0.0009699673,0.0096915802,-0.0763305798,-0.0180433206,-0.0549315661
5.4063720703,0.020337455,-0.0184552912,0.0139045557,-0.0988334939,-0.0086554103,-0.0496121682
5.416203022,0.0164959952,-0.0265932474,0.0179436058,-0.1715274304,0.0034575111,-0.0474649258
5.4262189865,0.0037661712,-0.0265593175,0.0111219725,-0.2368145585,0.0219800621,-0.0485008955
5.4363179207,-0.0012660702,-0.0202370528,0.0012740932,-0.2582404017,0.0303094313,-0.0442441665
5.4466362,-0.0093619302,-0.0004555746,-0.0068202177,-0.2167704701,0.0455408469,-0.0421234928
5.4564580917,-0.0244554952,0.0214841049,-0.024902001,-0.1432246268,0.0546438657,-0.0463843495
5.4664840698,-0.0278368071,0.0223988947,-0.0371068269,-0.0631074235,0.0468202978,-0.051717598
5.4766330719,-0.0282678083,0.0082396558,-0.0414476544,0.009568058,0.0357142501,-0.0623599887
5.4869189262,-0.0335394219,0.0063147233,-0.0409624726,0.0641034693,0.0244493447,-0.0729974508
5.4966831207,-0.040722318,0.0047451467,-0.0414316803,0.1154038906,0.0174826495,-0.0708894283
5.5067601204,-0.0467067435,0.0044962452,-0.0484851748,0.1711640954,-0.0085161943,-0.0645457804
5.5168952942,-0.0495101884,-0.0012792363,-0.0523135811,0.2183998674,-0.0356228463,-0.0539533868
5.5271692276,-0.0520264581,-0.0128155509,-0.0567599088,0.2497338206,-0.0735001862,-0.0465476699
5.5370159149,-0.0580271557,-0.0253482778,-0.0607070476,0.2822377682,-0.1219911575,-0.0412720814
5.5470237732,-0.0665946677,-0.0347751081,-0.0740071684,0.3253378272,-0.1630043685,-0.0423653089
5.5570640564,-0.0768372491,-0.0419226065,-0.091929093,0.3780299723,-0.2040930092,-0.0678823218
5.5674343109,-0.0887957886,-0.0353001058,-0.1076503545,0.4595775604,-0.250366509,-0.1135834903
5.5772972107,-0.0925404504,-0.0236171577,-0.137607649,0.5744066238,-0.3165947795,-0.1720430702
5.5872840881,-0.0898567513,-0.0311004538,-0.1805628687,0.7226317525,-0.4155621231,-0.2517650723
5.597427845,-0.1082940772,-0.068681702,-0.2181996256,0.799544096,-0.4317732453,-0.4004467428
5.6077051163,-0.1539613158,-0.121453546,-0.2538564503,0.8604918718,-0.2378836721,-0.526719451
5.6175460815,-0.1777645499,-0.1707060933,-0.3284747899,0.9545236826,-0.0413214788,-0.6126494408
5.6275620461,-0.1990528852,-0.1565548927,-0.3726350367,1.1435338259,0.1525771469,-0.7463872433
5.6376571655,-0.2149264961,-0.142075479,-0.4096909463,1.4296711683,0.3427968919,-0.9236861467
5.647977829,-0.2242986113,-0.1211067885,-0.4288862646,1.7683876753,0.5048254728,-1.1010116339
5.6578269005,-0.2389255315,-0.1031092852,-0.4323000014,2.1760323048,0.7098250985,-1.2900141478
5.6678161621,-0.2601292729,-0.0761820376,-0.4234364927,2.6642870903,0.9642757773,-1.4885674715
5.6779470444,-0.2673768997,-0.0497357547,-0.4092912972,3.2521386147,1.1845794916,-1.6871623993
5.6882338524,-0.2642598152,-0.0292766411,-0.3868037164,3.9056842327,1.3460985422,-1.8762478828
5.6980919838,-0.2543104291,-0.0265934486,-0.3469229639,4.5277347565,1.4552931786,-2.0738456249
5.7081098557,-0.2451737076,-0.048040852,-0.2925365269,5.1265358925,1.5420712233,-2.2608311176
5.7181577682,-0.2426830083,-0.0632889569,-0.2218246609,5.6355423927,1.6428303719,-2.4615900517
5.7285337448,-0.2379442006,-0.0771863759,-0.1650643498,6.0848770142,1.7346003056,-2.6591527462
5.7382941246,-0.2277625352,-0.0872046947,-0.1229635626,6.5283603668,1.7735061646,-2.8195774555
5.7483639717,-0.2146231681,-0.0846340954,-0.0911308676,6.973772049,1.7288584709,-2.9407579899
5.7584371567,-0.1961143762,-0.0714479387,-0.0433179885,7.3873124123,1.5641402006,-3.0450024605
5.7688398361,-0.1794611365,-0.0598043799,0.0042867502,7.7231564522,1.2724926472,-3.1461043358
5.7785639763,-0.1603819281,-0.0713118613,0.0313618034,8.0210666656,0.9339982271,-3.2206747532
5.7886309624,-0.1526186615,-0.0883110464,0.0578342527,8.222070694,0.5768957138,-3.2527580261
5.7987060547,-0.146277979,-0.1145464778,0.086431548,8.3672351837,0.1483096331,-3.269998312
5.8091192245,-0.129582122,-0.1375251412,0.1198931783,8.3672771454,-0.2838883996,-3.321180582
5.8188300133,-0.1378709227,-0.1333107054,0.1535494179,8.2551050186,-0.701233685,-3.3850679398
5.8289060593,-0.1546958834,-0.1290652156,0.1588348001,8.072177887,-0.9789380431,-3.4191377163
5.839012146,-0.1803407818,-0.1397170424,0.1762535423,7.7591843605,-1.2669827938,-3.4000892639
5.8493318558,-0.1773963124,-0.1399931014,0.1789616197,7.2395091057,-1.4834713936,-3.3586552143
5.8591208458,-0.1970324665,-0.1735731065,0.199330017,6.5994420052,-1.6128020287,-3.2959115505
5.8692688942,-0.2421037108,-0.2093750238,0.2049915045,5.8774962425,-1.7702704668,-3.2076773643
5.8793020248,-0.2615669966,-0.1958785951,0.219611153,5.1053819656,-1.9271931648,-3.1311092377
5.8896050453,-0.2748536468,-0.1611017287,0.2283916324,4.4027080536,-2.0896673203,-3.022708416
5.8993811607,-0.2916998863,-0.1288779378,0.2279876918,3.8681056499,-2.1987886429,-2.9313139915
5.9094481468,-0.2996720672,-0.0870539844,0.2418216318,3.4918708801,-2.2440552711,-2.8601005077
5.9195241928,-0.3007859588,-0.0157346446,0.2761160433,3.1721844673,-2.2853682041,-2.7464272976
5.9298801422,-0.306524694,0.0212397259,0.2735775411,2.9748299122,-2.3935432434,-2.6360039711
5.9398150444,-0.2914930582,0.0008226619,0.2507562339,2.8335125446,-2.450463295,-2.5510513783
5.9498229027,-0.2900035977,-0.0158768315,0.2080807537,2.720916748,-2.4998698235,-2.4915866852
5.9598941803,-0.3131157756,-0.0150372395,0.1967593879,2.6038045883,-2.5237243176,-2.4129962921
5.9701309204,-0.3490051031,-0.0035502329,0.1992645711,2.4740965366,-2.5689804554,-2.345031023
5.9799141884,-0.3634010553,-0.0042773201,0.2031324953,2.3058695793,-2.6074981689,-2.3312039375
5.9899950027,-0.3817200661,0.0055676089,0.2130372971,2.1079025269,-2.6612625122,-2.3375513554
6.0001111031,-0.3929091096,0.0180772524,0.2274085134,1.9723694324,-2.7686321735,-2.3492503166
6.0104470253,-0.3861374259,0.0208658557,0.246217832,1.8162029982,-2.8400492668,-2.3524317741
6.0202350616,-0.3918770552,0.0303347986,0.2641142309,1.6460051537,-2.894452095,-2.3311800957
6.0303330421,-0.4011351466,0.0252473485,0.2832221687,1.499843955,-3.0037529469,-2.299343586
6.0403261185,-0.3990254402,0.0320504606,0.2850780785,1.4026174545,-3.0966341496,-2.2558312416
6.050716877,-0.4091678262,0.0561456382,0.2771307528,1.3637115955,-3.1506402493,-2.1868314743
6.060500145,-0.4270327091,0.0736309439,0.26390329,1.3362984657,-3.1789622307,-2.0997707844
6.0705661774,-0.4370197654,0.0738350749,0.2531679571,1.2896164656,-3.2010302544,-2.0042080879
6.0806498528,-0.4452100992,0.0575975627,0.2408133,1.2491900921,-3.2093245983,-1.9203208685
6.0909738541,-0.4546945691,0.0538353324,0.264675647,1.1029784679,-3.2035984993,-1.8225953579
6.1007790565,-0.4537963867,0.0574223399,0.291474849,0.8042105436,-3.2034921646,-1.7312033176
6.1107940674,-0.4472553134,0.014691784,0.3154995739,0.4425514638,-3.2125818729,-1.6642227173
6.1209001541,-0.4370571971,-0.02746314,0.3287572563,0.0349983424,-3.2221763134,-1.6131575108
6.1311750412,-0.4289452434,-0.0276757572,0.3515476882,-0.388386488,-3.2500166893,-1.5727155209
6.1410322189,-0.4189680517,-0.026286738,0.3633759916,-0.8450348377,-3.2613222599,-1.555616498
6.1508789062,-0.4374901652,-0.0462404713,0.3317393959,-1.3030198812,-3.2473599911,-1.5671730042
6.1609511375,-0.4770831168,-0.0825828239,0.289421767,-1.7412121296,-3.1855170727,-1.5850814581
6.1712350845,-0.505941987,-0.0947836339,0.2720404565,-2.2746005058,-3.1021950245,-1.5987077951
6.1812839508,-0.5015880466,-0.1061560959,0.2822141945,-2.9060697556,-3.0304431915,-1.6282434464
6.191464901,-0.4771589935,-0.1390879601,0.2804761231,-3.5846443176,-3.0528128147,-1.7087789774
6.2013912201,-0.4585880637,-0.1646757126,0.2617569268,-4.0378198624,-3.2062451839,-1.8499596119
6.2116751671,-0.4475985467,-0.1420167387,0.2481989712,-4.3659873009,-3.2684822083,-2.0049300194
6.221572876,-0.4664358199,-0.0764506161,0.2315646857,-4.5251102448,-3.2654809952,-2.1450445652
6.2315998077,-0.4813428819,-0.0405208766,0.1930180043,-4.4391403198,-3.2252180576,-2.2692768574
6.241724968,-0.477155596,-0.0019102111,0.181061253,-4.2402486801,-3.162497282,-2.355301857
6.2519211769,-0.4649032354,0.0441246331,0.1855699867,-3.9760801792,-3.1148395538,-2.3978171349
6.2617797852,-0.4590103328,0.0477047265,0.1956824511,-3.6053562164,-3.1551678181,-2.4074881077
6.2718548775,-0.4535365105,0.0026682303,0.1778623909,-2.9597227573,-3.1516575813,-2.4087121487
6.2819271088,-0.4392337799,0.0107434681,0.1462091655,-2.215025425,-3.1292796135,-2.4152591228
6.2922711372,-0.4404821694,0.1001351178,0.1401674002,-1.4849703312,-3.1378896236,-2.4356229305
6.3021001816,-0.4708482325,0.1558034122,0.1242164224,-0.7665240765,-3.1616699696,-2.4889085293
6.3123521805,-0.50496912,0.1577303112,0.0983139724,-0.1681253612,-3.1310389042,-2.4986014366
6.3222370148,-0.520157218,0.1190434992,0.1345479339,0.1892979741,-3.1203792095,-2.4816975594
6.3325157166,-0.5193310976,0.0376081765,0.1614884585,0.3553343415,-3.0730111599,-2.4371204376
6.3423891068,-0.5049030781,-0.0256210286,0.1617337316,0.4219047725,-3.0041720867,-2.3840141296
6.3523869514,-0.4932365716,-0.0273145158,0.1659335941,0.4890374839,-2.9952421188,-2.406324625
6.3625240326,-0.499214083,0.0489636362,0.1360959262,0.2517302334,-3.0630824566,-2.4031128883
6.3727712631,-0.5203149915,0.1018825471,0.0379816145,0.3594604135,-3.1664748192,-2.456281662
6.3826289177,-0.5456232429,0.0855151713,0.0621781796,0.4908404648,-3.1781227589,-2.4658768177
6.3926258087,-0.5656382442,0.1471247375,0.0356528014,0.5283917785,-3.1943640709,-2.4032483101
6.4027452469,-0.5661307573,0.16487661,-0.0121238986,0.6565483212,-3.1955354214,-2.2663094997
6.4129900932,-0.5343293548,0.1128149033,-0.0073717991,0.7627983093,-3.1382472515,-2.0847401619
6.4229269028,-0.4890075922,0.0957076252,0.0627469867,0.6802281737,-3.089009285,-1.9084358215
6.4329328537,-0.4651696086,0.067542851,0.1440851539,0.4939954579,-3.0270419121,-1.7565203905
6.4430017471,-0.481020093,0.0015599118,0.1547317356,0.2980559468,-2.9580981731,-1.6608741283
6.453368187,-0.5150367618,-0.0604453087,0.1075208038,0.0463933721,-2.8650698662,-1.5397187471
6.4631290436,-0.5341128111,-0.0709202588,0.1045548171,-0.2563196719,-2.795456171,-1.5236798525
6.4732608795,-0.5713871121,-0.0744940639,-0.0154330293,-0.3136498332,-2.7232255936,-1.5979551077
6.4832639694,-0.571444869,0.0473591685,-0.091538325,-0.5302205682,-2.7303454876,-1.5862249136
6.4936060905,-0.5620875955,0.1726482809,-0.1702037007,-0.6172676086,-2.7803382874,-1.6509975195
6.5034098625,-0.5776509047,0.1873499751,-0.2133665234,-0.5865377188,-2.7637300491,-1.7486815453
6.5134830475,-0.5852096677,0.2228942215,-0.2177836448,-0.5882871151,-2.6994404793,-1.813418746
6.5236039162,-0.5674599409,0.2708337605,-0.2259208113,-0.5614581108,-2.6079590321,-1.8144415617
6.5338778496,-0.5295305252,0.2883951664,-0.2333971411,-0.4802979827,-2.505204916,-1.78680408
6.5437278748,-0.4931752086,0.3043895662,-0.2100053579,-0.4718801975,-2.3825931549,-1.7081720829
6.5537261963,-0.4595482349,0.3158816993,-0.1636297852,-0.5767584443,-2.2405333519,-1.5870293379
6.5638818741,-0.4373242855,0.2890513837,-0.1575914174,-0.6965646744,-2.0984730721,-1.4457081556
6.5741348267,-0.4128245115,0.2595131099,-0.1598173529,-0.9037721753,-1.9654086828,-1.2650831938
6.583999157,-0.3819545507,0.2542443275,-0.1416329294,-1.1520199776,-1.893529892,-1.1375694275
6.5939817429,-0.3852511048,0.2364885807,-0.1890755445,-1.3414524794,-1.8327691555,-1.0037043095
6.6041440964,-0.380828321,0.2647895515,-0.2230751663,-1.5704417229,-1.7649267912,-0.8698251247
6.6144170761,-0.3529431224,0.3219195902,-0.2203141004,-1.7992675304,-1.7165280581,-0.7890461087
6.6242542267,-0.3256950378,0.353966862,-0.2334382683,-1.9340068102,-1.6865733862,-0.7337833047
6.6342740059,-0.2990993261,0.3690682352,-0.2466079146,-2.0142970085,-1.6582099199,-0.6700408459
6.644343853,-0.2731474638,0.3802141845,-0.2296651155,-2.047601223,-1.6338475943,-0.6317944527
6.6547641754,-0.2507055402,0.3923276365,-0.2163412124,-2.0450320244,-1.5676704645,-0.57548666
6.6644630432,-0.2299643308,0.4102510214,-0.1954808384,-2.0139918327,-1.4672963619,-0.5202308893
6.6745810509,-0.2226699144,0.4135348499,-0.1744327694,-1.9757606983,-1.3380992413,-0.4479737282
6.6846199036,-0.2122849375,0.4115317762,-0.1433658749,-1.9931149483,-1.1985604763,-0.3427831829
6.6949501038,-0.197846368,0.3881690502,-0.1264404804,-2.1059937477,-1.0022886992,-0.1961282343
6.7048039436,-0.1902308613,0.3466350734,-0.1133102328,-2.3925368786,-0.8327235579,-0.0069703655
6.7147841454,-0.1845728904,0.2960436344,-0.1084952503,-2.8936181068,-0.65841645,0.2204689085
6.7249159813,-0.1848479658,0.2429448664,-0.0992844254,-3.5652196407,-0.5080014467,0.4298909009
6.7352280617,-0.1977526695,0.1906585991,-0.0880675465,-4.272377491,-0.3274691999,0.5862451196
6.7450699806,-0.2123414427,0.1895851195,-0.0805767924,-4.9383745193,-0.1044567004,0.6927034259
6.7550711632,-0.2243691236,0.264577657,-0.1372226626,-5.5045022964,0.0543116368,0.7396456003
6.7651720047,-0.2471491247,0.4256943762,-0.2390629798,-5.8242659569,0.1168556437,0.6707422733
6.7754778862,-0.2862534523,0.666633904,-0.3356157243,-5.7614321709,0.2290434241,0.542304635
6.7853040695,-0.3280166984,0.996150732,-0.4207836688,-5.4638309479,0.4541479647,0.4924369156
6.7953357697,-0.3602828979,1.3507666588,-0.4446740448,-5.1104874611,0.8759914041,0.5976759791
6.8054552078,-0.3296262622,1.5121406317,-0.3528429568,-4.5886492729,1.4135525227,0.6487777829
6.8157577515,-0.2356872708,1.3847140074,-0.2307135016,-3.989279747,1.7767925262,0.7125149369
6.8255410194,-0.1433131844,1.1150063276,-0.1254946738,-3.4225039482,1.8871783018,0.9343407154
6.8356099129,-0.0954040363,0.8394579291,-0.0043669501,-3.069180727,1.7951208353,1.3143290281
6.8457307816,-0.0794614628,0.6008778811,0.0573602766,-2.8707339764,1.6116740704,1.7187347412
6.8560271263,-0.0720742419,0.4633917809,0.0388803333,-2.8544957638,1.397850275,2.1019334793
6.8658752441,-0.0694347695,0.4572601914,0.0329057425,-2.9192538261,1.1655538082,2.3640966415
6.8758821487,-0.1002767161,0.5102265477,0.0294841379,-2.8848142624,0.9286811352,2.4425427914
6.8860111237,-0.154940024,0.5896377563,-0.0289157778,-2.6999921799,0.6932560802,2.3786702156
6.8963170052,-0.2046781331,0.6872271895,-0.0461460501,-2.4865772724,0.4744145274,2.2160513401
6.906165123,-0.239237681,0.7850043178,-0.04098095,-2.2663915157,0.3232783675,2.0131173134
6.9161462784,-0.2564623356,0.8528918028,-0.0203120857,-2.0608041286,0.2441910356,1.8134074211
6.9262270927,-0.2651828527,0.8798957467,0.0090806326,-1.9316755533,0.1297243685,1.6604181528
6.9366440773,-0.260778904,0.8557388783,0.0406870693,-1.8931190968,0.0054008197,1.5817731619
6.9463472366,-0.2554386258,0.8010396361,0.057732448,-1.8685319424,-0.1046753451,1.5912673473
6.9564142227,-0.2653025985,0.7512213588,0.0746491998,-1.8599467278,-0.2112590522,1.6697850227
6.9664821625,-0.2985793352,0.7406953573,0.0689360946,-1.8070369959,-0.3711907864,1.8066636324
6.9768791199,-0.3118240833,0.7371538877,0.0855015367,-1.7003965378,-0.5653789043,1.9881072044
6.9866132736,-0.3073705435,0.7130383253,0.116795525,-1.5743442774,-0.777166903,2.210947752
6.9966921806,-0.3178821802,0.6614365578,0.1645555347,-1.5071151257,-0.9755561352,2.451859951
7.006816864,-0.356343329,0.5968051553,0.2013652176,-1.4507921934,-1.148340106,2.7288897038
7.0171022415,-0.4024254084,0.5298446417,0.220945105,-1.3757004738,-1.2774541378,3.0059356689
7.02684021,-0.4425530434,0.4928825796,0.2353778929,-1.2933557034,-1.3865164518,3.2564444542
7.0369210243,-0.497125268,0.4863449633,0.2320341915,-1.20010674,-1.521261692,3.4591569901
7.0470738411,-0.5522180796,0.488484472,0.2267162651,-1.1500550508,-1.6090784073,3.5939495564
7.0573482513,-0.6141216755,0.457275182,0.2272970527,-1.154843688,-1.6595891714,3.6650660038
7.0671577454,-0.6620293856,0.3832484186,0.2154906839,-1.135428071,-1.6758627892,3.7468099594
7.0772800446,-0.6881161928,0.3130924404,0.1984443516,-1.0944154263,-1.7174848318,3.8179192543
7.087305069,-0.6973659992,0.2683764994,0.194473967,-1.0561867952,-1.8005644083,3.881578207
7.0975899696,-0.713175118,0.2356534302,0.1917016357,-1.0423122644,-1.9041054249,3.9314274788
7.1074271202,-0.7365297079,0.2034843862,0.1988066286,-1.0379790068,-2.0140602589,3.9865837097
7.1174860001,-0.7626663446,0.1609531343,0.1792296022,-0.9737187624,-2.1381547451,4.0714492798
7.1276311874,-0.7741861343,0.1510498226,0.1631052345,-0.9882891774,-2.2767460346,4.1542038918
7.137887001,-0.7800308466,0.1509750187,0.1919655651,-1.0260685682,-2.4432530403,4.2178382874
7.1476941109,-0.7751184702,0.1260413826,0.2540808618,-1.1292785406,-2.5763139725,4.291062355
7.1577568054,-0.7915433049,0.0821801126,0.294675678,-1.2497934103,-2.6861338615,4.3717346191
7.1678318977,-0.8282400966,0.0480843484,0.3083244264,-1.5177170038,-2.7823302746,4.4609460831
7.1781640053,-0.8714313507,0.0206738394,0.3078733385,-1.8379565477,-2.8769309521,4.5395526886
7.1879281998,-0.9004149437,-0.0182580072,0.2711989582,-2.1476991177,-3.0617849827,4.5947523117
7.1980133057,-0.9163029194,-0.021503659,0.2734899223,-2.4572031498,-3.2723386288,4.6138386726
7.2080888748,-0.9245108366,-0.0253347475,0.2730754316,-2.6164054871,-3.4657542706,4.6190929413
7.2185139656,-0.9382537603,-0.0266132075,0.2599136531,-2.6210813522,-3.6400780678,4.5786585808
7.2282161713,-0.9597734213,0.0029405043,0.245253548,-2.4904754162,-3.7911858559,4.4999761581
7.23828125,-0.9944051504,0.0594011843,0.2136106342,-2.2607820034,-3.9278624058,4.3862371445
7.2483472824,-1.0248886347,0.1039611399,0.1834705919,-1.9036656618,-4.0020689964,4.2438282967
7.2587571144,-1.0475664139,0.1141204536,0.1349787563,-1.4841525555,-4.0206856728,4.0812573433
7.2684822083,-1.0570759773,0.1098735034,0.1047932953,-1.0600697994,-3.9628419876,3.9219081402
7.2785701752,-1.0471223593,0.087169081,0.0912705511,-0.6684876084,-3.8564374447,3.7679011822
7.2886343002,-1.0302039385,0.0507619083,0.0711434931,-0.3270485699,-3.7515325546,3.6139063835
7.2990260124,-1.0112900734,0.0145317009,0.0493945926,-0.0668228269,-3.6355745792,3.4737408161
7.3087491989,-0.9923856258,-0.0182776172,0.0143824657,0.1144463271,-3.5201961994,3.3505847454
7.3188471794,-0.9668651223,-0.0432725251,-0.0084202448,0.2028637975,-3.403346777,3.2518732548
7.3289031982,-0.9270999432,-0.0696536601,-0.0100686708,0.1982673109,-3.269089222,3.1807985306
7.3392519951,-0.8848902583,-0.1098503172,-0.0165869147,0.1520502865,-3.1341154575,3.1129226685
7.3490867615,-0.8364141583,-0.1512401998,-0.0234064013,0.0771763474,-3.0153708458,3.0354897976
7.3590970039,-0.7915812135,-0.1775463521,-0.0305167586,0.0557850376,-2.908905983,2.9559135437
7.3692340851,-0.7516172528,-0.1557056606,-0.0447031409,-0.1020798311,-2.9213802814,2.8816215992
7.3795619011,-0.7275388837,-0.1529171765,-0.0732036978,-0.1003402546,-2.885710001,2.8168692589
7.3893198967,-0.6966007948,-0.1754716933,-0.0956235081,-0.0865862221,-2.7726616859,2.7234845161
7.3993692398,-0.664588213,-0.1767862439,-0.1283409745,-0.075288564,-2.6254234314,2.6694033146
7.4094929695,-0.6190572381,-0.1761824787,-0.1322622448,-0.0390279479,-2.5217006207,2.5802547932
7.4198598862,-0.5844078064,-0.1791014671,-0.1510136276,-0.0344294645,-2.4544699192,2.4698600769
7.4296240807,-0.5490900874,-0.164072454,-0.1738727242,-0.0935021862,-2.4227492809,2.3690199852
7.4396929741,-0.5123499036,-0.1747943163,-0.1664536148,-0.1490472108,-2.4251396656,2.2394936085
7.4497590065,-0.4907437563,-0.2079076767,-0.1647706181,-0.2175474316,-2.4139943123,2.0876791477
7.4601340294,-0.4920778275,-0.2090432644,-0.1548258215,-0.3558738828,-2.3578941822,1.9263489246
7.4698629379,-0.5036628246,-0.1938848197,-0.1478880793,-0.4830672741,-2.2411651611,1.7724779844
7.479927063,-0.504032135,-0.2033619285,-0.1724145561,-0.535953939,-2.0833275318,1.6398453712
7.4900388718,-0.4837234616,-0.20123294,-0.1863799244,-0.5744603276,-1.9739891291,1.535854578
7.5003771782,-0.466475904,-0.1688596308,-0.1700918823,-0.652120769,-1.8978508711,1.4371650219
7.5101389885,-0.4484501481,-0.1498653144,-0.152596131,-0.7276249528,-1.8214030266,1.3830704689
7.5201749802,-0.4190599322,-0.1613180637,-0.1434340626,-0.7741612792,-1.7570827007,1.3831143379
7.5302529335,-0.3902385831,-0.1726269126,-0.1201094538,-0.808755815,-1.7115840912,1.4096902609
7.5405921936,-0.3766124249,-0.1497055143,-0.1128392369,-0.8592948914,-1.6714340448,1.4511332512
7.550385952,-0.3742867708,-0.1139394939,-0.1264481694,-0.9472396374,-1.6263753176,1.4819712639
7.5604629517,-0.3676043749,-0.082136184,-0.1482769996,-1.0798858404,-1.596935153,1.4554747343
7.5705399513,-0.3555377126,-0.0626202226,-0.1555643827,-1.1589056253,-1.597039938,1.3822287321
7.5808601379,-0.3390726447,-0.0624886751,-0.1479925662,-1.1758401394,-1.6157661676,1.299403429
7.5906739235,-0.3328669071,-0.0593916848,-0.1371933967,-1.1373391151,-1.6275594234,1.2293097973
7.6007509232,-0.3261590004,-0.072569944,-0.142648533,-1.0232319832,-1.6215479374,1.1846883297
7.6108398438,-0.3063483238,-0.0783721656,-0.1392000467,-0.8761377931,-1.6056565046,1.1464337111
7.6211309433,-0.2793098092,-0.0797236115,-0.1130498201,-0.720153749,-1.6259034872,1.0869232416
7.6309118271,-0.2635611892,-0.0738676637,-0.1002947837,-0.5547870398,-1.6237932444,1.0263607502
7.6410179138,-0.2581450343,-0.0705239102,-0.1011204869,-0.4194204211,-1.6102790833,0.9647487998
7.65107584,-0.2435500175,-0.0861610398,-0.1008953005,-0.2903324664,-1.6096012592,0.8956994414
7.661427021,-0.2314977199,-0.11110311,-0.1034449488,-0.1803729534,-1.6164491177,0.8372691274
7.6711378098,-0.2249434143,-0.1209641844,-0.1099008471,-0.123834312,-1.6174038649,0.7777935863
7.6813111305,-0.2220041901,-0.1342471093,-0.1027849466,-0.0983590484,-1.6069509983,0.7193933725
7.6913452148,-0.2187850028,-0.1491227597,-0.0959209353,-0.0838392526,-1.5690666437,0.651452601
7.7016868591,-0.2133751065,-0.1510859132,-0.091453746,-0.093784824,-1.5388038158,0.5867004991
7.7113857269,-0.20972009,-0.1400209665,-0.0726716667,-0.1110853851,-1.5191195011,0.5368105173
7.7215909958,-0.2087932974,-0.1343265176,-0.0600376874,-0.1188631505,-1.4908008575,0.4964782596
7.7316479683,-0.2135706097,-0.1231934279,-0.0546304137,-0.1096615568,-1.4515991211,0.4752603471
7.7419438362,-0.2142641097,-0.106358692,-0.0681451708,-0.0801675841,-1.4131697416,0.4710248411
7.7516551018,-0.1912726313,-0.1079646051,-0.1091608554,0.0018800991,-1.4007937908,0.4688855112
7.7617549896,-0.148497954,-0.1094509214,-0.1226826459,0.0312188119,-1.4548748732,0.4348734915
7.7718172073,-0.123028405,-0.1122015566,-0.1065924913,0.0241685472,-1.4986912012,0.3966293633
7.7822580338,-0.116802223,-0.1300291717,-0.1119295508,-0.0325724967,-1.4823753834,0.3711687326
7.7919807434,-0.1134048179,-0.1453706026,-0.1088149697,-0.1364169568,-1.4504016638,0.3690868914
7.8021202087,-0.1020616964,-0.1368061304,-0.0981977135,-0.2762449086,-1.44726789,0.3861127198
7.8121161461,-0.0865174606,-0.1285709739,-0.1041250378,-0.3774857819,-1.4595681429,0.4254186749
7.822537899,-0.0755680874,-0.1174829602,-0.1197638661,-0.439235419,-1.4726330042,0.4572817981
7.8322510719,-0.0722254589,-0.0947624743,-0.1208225042,-0.4744768441,-1.4697169065,0.4636639357
7.8423829079,-0.0854941085,-0.0657215267,-0.1135961562,-0.5115485787,-1.3951319456,0.3978790641
7.8523178101,-0.1030783132,-0.0240712482,-0.1105882078,-0.5037739277,-1.2184970379,0.3002792597
7.8628058434,-0.089977093,-0.0276992191,-0.1167745143,-0.4124991298,-1.0653101206,0.2376864552
7.8724961281,-0.0696522668,-0.0400945023,-0.1047471911,-0.3444398642,-0.9365095496,0.2090646625
7.8825550079,-0.0645028427,-0.0573566481,-0.0997656733,-0.3104805648,-0.8121892214,0.1900057495
7.8926458359,-0.0627831295,-0.0844836906,-0.0997904688,-0.3286910057,-0.6999831796,0.17307809
7.9029970169,-0.0595884994,-0.1003836244,-0.0968573838,-0.387289077,-0.6051831841,0.1444717497
7.9128007889,-0.0499051288,-0.1158847138,-0.0936401635,-0.4317002594,-0.5421471,0.1073511466
7.9229412079,-0.0404120162,-0.1017431542,-0.0948010236,-0.4511903524,-0.5159906149,0.0765769929
7.9330587387,-0.0388087705,-0.0694262907,-0.0844651014,-0.425650388,-0.5107115507,0.0383488461
7.9434890747,-0.0489866212,-0.0332743004,-0.0733116418,-0.3756854832,-0.4923541844,0.0202947445
7.9531378746,-0.058285363,-0.0106339538,-0.0603900105,-0.3321212828,-0.4740107059,0.0086126551
7.9631729126,-0.0597863868,-0.0150925824,-0.054329887,-0.3066071272,-0.4642518163,0.0064874524
7.9731998444,-0.0574573353,-0.0166471247,-0.0435610563,-0.3132709265,-0.4389058053,-0.0030545872
7.9836101532,-0.0522253588,-0.0086669559,-0.0417027622,-0.3271228373,-0.4411559105,-0.0041139927
7.9933242798,-0.039074488,-0.004560472,-0.0397092253,-0.3194075525,-0.4654867649,-0.0030663717
8.0034246445,-0.028507717,-0.0067055686,-0.0342587978,-0.3564577103,-0.4955072403,-0.0009483595
8.0134878159,-0.0285435989,-0.0179266427,-0.0335108191,-0.4095926285,-0.5171251893,0.0096734585
8.0238142014,-0.0372967795,-0.0275767315,-0.0229305178,-0.4661328495,-0.5185902119,0.0234904699
8.0336151123,-0.0480606034,-0.0200068224,-0.019401744,-0.5038228035,-0.4837365746,0.0490000248
8.0436563492,-0.04721082,-0.0172923598,-0.0287851244,-0.5296171308,-0.4647514224,0.0660048425
8.0537290573,-0.0406112149,-0.012581096,-0.0266630799,-0.5158545971,-0.4540474117,0.0617589615
8.0641069412,-0.0448591784,0.0018010125,-0.0335694104,-0.4798294604,-0.4282871783,0.0585772842
8.0738620758,-0.0463121012,0.0213341098,-0.0485613495,-0.3988931775,-0.4105831385,0.061752174
8.0839824677,-0.0390276983,0.020880742,-0.0558045059,-0.3496854305,-0.4217908084,0.0670430735
8.0940036774,-0.0346670821,-0.0055321469,-0.0551447421,-0.3529060185,-0.4197045863,0.0659840703
8.1044063568,-0.0411792472,-0.0416908413,-0.0556780249,-0.3821829557,-0.3732167184,0.074509114
8.1141271591,-0.050036557,-0.0508590601,-0.05494757,-0.4194255173,-0.2780072689,0.0798736587
8.1242485046,-0.0456340387,-0.0436719023,-0.0597118288,-0.4233656526,-0.2048744559,0.0724785924
8.1342306137,-0.0386680439,-0.0250370149,-0.0621403605,-0.4314321578,-0.1467585564,0.0459656194
8.1446371078,-0.0358595923,-0.020366909,-0.0737105757,-0.4139104187,-0.0862821639,0.0215699989
8.1544628143,-0.0293425992,-0.0255607907,-0.0845848471,-0.3598695397,-0.048781991,0.004585756
8.1644659042,-0.0200306848,-0.0178176332,-0.0848948509,-0.2735285163,-0.0396843664,-0.0177294035
8.1746139526,-0.0137083605,0.0099675423,-0.0775174052,-0.1700620353,-0.0357490815,-0.0411137566
8.1848840714,-0.0063141664,0.0211058501,-0.0601540357,-0.0619699061,-0.0667346939,-0.0560218655
8.1947364807,0.0032170932,0.0113953268,-0.0385468155,0.0118523315,-0.0852175578,-0.0602967702
8.2047481537,0.0030728499,0.0047413171,-0.0217169672,0.0247841105,-0.0978585184,-0.0634917691
8.2148532867,0.001992635,0.0076041208,0.0010063491,0.0120541994,-0.1053835526,-0.0613686927
8.2251205444,0.0098344013,-0.0062080598,0.0102622351,-0.022994332,-0.121516183,-0.0475644618
8.2350025177,0.0197604224,-0.0084312866,0.0255193561,-0.0718580112,-0.1430196166,-0.0252650175
8.2449998856,0.0160736963,-0.0118490541,0.025198862,-0.1134211645,-0.1474678963,-0.0008353082
8.2551393509,0.0064270417,0.0068402239,0.0227141827,-0.1306280494,-0.1337406337,0.0119172381
8.265381813,-0.0043695052,0.0264176931,0.0199608654,-0.1318746805,-0.1156921163,0.0151119661
8.2752733231,-0.0036364277,0.0345257223,0.0160170048,-0.086141102,-0.1004643589,0.0108601628
8.285276413,-0.0060592373,0.0397355482,0.0108011803,-0.0770567954,-0.0519620702,-0.0485786647
8.2953987122,-0.0089156106,0.0136250136,0.0021362146,-0.0242267624,0.0004306954,-0.0581219681
8.3056735992,-0.0002695997,-0.0198882055,-0.0116752544,-0.0031068297,0.0229120366,-0.0559925027
8.3155031204,-0.0026711901,-0.0105593549,-0.0035222927,-0.0215109773,0.0492774621,-0.055973459
8.3255367279,0.0018052976,-0.0061877831,-0.0011927048,-0.0405674912,0.0342902578,-0.0506671108
8.3356962204,0.0123277232,-0.0098026888,0.0053368649,-0.0786281675,-0.0009959599,-0.0411190167
8.3460063934,0.0152810141,-0.0011427081,0.0209337324,-0.1455281079,-0.0332886539,-0.0220057741
8.3557386398,0.0114693567,-0.0034676767,0.0317483991,-0.1947350949,-0.0219887923,-0.0134954434
8.3658065796,0.0105785057,0.0036152848,0.0268550962,-0.2311453074,-0.0095736692,-0.0134799965
8.3759279251,0.0185504481,0.0195467602,0.0220731348,-0.2426741421,-0.0298093669,-0.0092381807
8.3862218857,0.0354868099,0.0269646328,0.0253678411,-0.2423700094,-0.0606407858,-0.0188098494
8.3960237503,0.0437305495,0.0304053705,0.0346547216,-0.2209251374,-0.0711269081,-0.0283765215
8.4060707092,0.049026601,0.0222326461,0.0283188671,-0.1772543639,-0.063407734,-0.0421871431
8.4162130356,0.0532799885,0.0161378663,0.0179523081,-0.1378241926,-0.0589216426,-0.0581229664
8.4264936447,0.0525045916,0.0100515997,0.0103396019,-0.1017681882,-0.0375577658,-0.0846664235
8.4363594055,0.0466408655,-0.0047365665,0.009308978,-0.0700053871,-0.0130009577,-0.1037733406
8.446354866,0.039722614,-0.0088550383,0.0090985736,-0.0424507186,0.0051538115,-0.1228836551
8.4564399719,0.0288079306,-0.0082879448,-0.0020160833,-0.0213675667,0.0296132807,-0.1430525035
8.4667491913,0.0196824595,-0.0048419326,-0.0133397141,0.022190297,0.0478593968,-0.1695994288
8.4766149521,0.0154668018,-0.0072108782,-0.0500459224,0.0947228447,0.0504412651,-0.1961606741
8.486618042,0.0092986152,-0.0014813705,-0.0818566829,0.1640425324,0.0540778115,-0.2195360363
8.4966106415,0.0050931494,0.0094419783,-0.0901907831,0.2494796216,0.0461357348,-0.2503549159
8.5070304871,-0.0019353707,0.015834583,-0.0934488326,0.3467108309,0.0329831801,-0.2822401524
8.516872406,-0.0128308609,0.0324121602,-0.0907592922,0.4513373673,0.0284725837,-0.3003182113
8.5268859863,-0.0236216858,0.0417377837,-0.0839778334,0.5391486883,-0.0015598845,-0.3046027124
8.5369777679,-0.0390736535,0.0416503325,-0.0748723894,0.5800666809,-0.0384027846,-0.3141880333
8.547290802,-0.0600842908,0.0261276718,-0.0829226524,0.6306052208,-0.0761608183,-0.314219743
8.5571117401,-0.0739057139,-0.0026738062,-0.1275550276,0.7131227851,-0.1093339548,-0.3046999872
8.5671386719,-0.0755112246,-0.0308859143,-0.1900367886,0.8325360417,-0.2037480623,-0.2984066904
8.5772418976,-0.063590236,-0.0758748651,-0.2738045752,1.0175814629,-0.3541087508,-0.3356936574
8.5875434875,-0.0479838923,-0.1255477816,-0.3545342982,1.3508247137,-0.491781652,-0.4154819846
8.5974111557,-0.0295665339,-0.1374477744,-0.4078126252,1.866720438,-0.6484291553,-0.5579713583
8.6072778702,-0.0200471953,-0.0789639354,-0.4230044186,2.5038402081,-0.7675704956,-0.8066536188
8.617559433,-0.0798589662,-0.0090337479,-0.4316458404,3.0659263134,-0.6399373412,-1.0254637003
8.6278266907,-0.1052874997,-0.0159439538,-0.5184495449,3.8695278168,-0.5477280617,-1.304874897
8.6376867294,-0.2581208348,0.1521129757,-0.3931737244,4.4577612877,-0.0725565627,-1.9609783888
8.6476831436,-0.2883694768,0.0750034899,-0.4290439188,5.4291296005,0.51852566,-2.4408628941
8.6578226089,-0.250713706,-0.0082901577,-0.4393668473,6.5231752396,0.9147624969,-2.6989610195
8.6680841446,-0.2551005483,0.0475971848,-0.3983158171,7.7233743668,1.2585318089,-3.0091392994
8.6779251099,-0.2649745941,0.0313500017,-0.3417228758,9.0048723221,1.4766992331,-3.3257718086
8.6879739761,-0.2530571222,0.0187461656,-0.2213012725,10.0546665192,1.4980716705,-3.5702414513
8.6980886459,-0.209327355,-0.0690434575,-0.1059665233,10.8640298843,1.3405075073,-3.7584638596
8.7083625793,-0.1711976677,-0.2164919674,-0.0132007161,11.3235263824,1.0613906384,-3.8935685158
8.7182159424,-0.155242458,-0.2884019613,0.0364292115,11.4663314819,0.5453236103,-3.9798681736
8.728055954,-0.1343580633,-0.3507112861,0.0855955333,11.4064769745,-0.0881454423,-4.0619282722
8.738193512,-0.1395999342,-0.4000646174,0.1047305912,11.0825252533,-0.7767478228,-4.1089091301
8.748380661,-0.1584003121,-0.4451779425,0.1192793697,10.5257110596,-1.3366824389,-4.1270976067
8.7597122192,-0.2226781994,-0.5126309395,0.1378834695,9.6106853485,-1.7215104103,-4.1493544579
8.7685937881,-0.3114980459,-0.5638721585,0.1522398442,8.5515937805,-1.8930467367,-4.1396150589
8.778553009,-0.3703604937,-0.6070954204,0.1520351619,7.4948878288,-1.9828094244,-4.122402668
8.7888040543,-0.4187371731,-0.5703584552,0.1439536065,6.3111290932,-2.0685148239,-4.1263923645
8.7986783981,-0.4849116802,-0.5080967546,0.1220282763,5.1167593002,-2.0510756969,-4.0825452805
8.808760643,-0.5356304049,-0.4854491651,0.1110324115,4.0728344917,-2.0289518833,-4.0100669861
8.8188800812,-0.5315793753,-0.4522471726,0.1290291995,3.1453323364,-2.0176208019,-3.9588601589
8.8291110992,-0.5048208237,-0.3975456059,0.1570310444,2.4413661957,-2.0577526093,-3.9629487991
8.839006424,-0.4843024015,-0.3316224515,0.1812715381,1.8981131315,-2.1612548828,-3.9745428562
8.8490962982,-0.4783292413,-0.2266957462,0.1723591536,1.5406769514,-2.2769846916,-3.9946842194
8.859128952,-0.4831570983,-0.1314420402,0.1461639851,1.3074769974,-2.3276584148,-3.9681060314
8.8694515228,-0.4910740256,-0.0525458753,0.1245533675,1.1711503267,-2.3517849445,-3.9054372311
8.8792600632,-0.4827153683,-0.0059582903,0.1179175228,1.0613007545,-2.3531422615,-3.8034763336
8.8893127441,-0.4532210827,0.0232951324,0.1281437725,0.9636766911,-2.4020028114,-3.6803073883
8.8994073868,-0.4191966057,0.0325670838,0.1581574529,0.8883532882,-2.4388785362,-3.5390877724
8.9097118378,-0.4012647867,0.029897837,0.1844037622,0.8641991615,-2.4688096046,-3.3777031898
8.9195108414,-0.3870379925,0.032156229,0.1957477182,0.869220376,-2.4273102283,-3.2035474777
8.9295797348,-0.3819226623,0.046316579,0.2073681206,0.8592449427,-2.3794426918,-3.0092117786
8.9396467209,-0.3566203117,0.0713406652,0.2106752247,0.8760139942,-2.3400156498,-2.8435573578
8.9500589371,-0.3260490894,0.0847278386,0.2104590982,0.8819410801,-2.2837696075,-2.6874463558
8.9598064423,-0.3179426193,0.0991176814,0.2151561826,0.9237769246,-2.1901142597,-2.5376956463
8.9698476791,-0.3139545321,0.1097956151,0.237464413,0.9795401096,-2.1015930176,-2.3805193901
8.9799232483,-0.3083481789,0.1099291146,0.2677403986,1.018281579,-2.0185332298,-2.2244036198
8.9902591705,-0.3089210391,0.0885914564,0.3070465028,1.0305097103,-1.9515587091,-2.0587325096
9.0000257492,-0.3186895251,0.0376521349,0.3348940313,0.9977915287,-1.8733868599,-1.9057873487
9.0101203918,-0.3474600911,-0.0044806018,0.3745389879,0.936563611,-1.826361537,-1.7719615698
9.0201749802,-0.365657866,-0.0236630309,0.4076395333,0.8402056694,-1.789388299,-1.6678607464
9.0305929184,-0.3768256903,-0.0175041575,0.4236906469,0.7275912762,-1.8354386091,-1.5818494558
9.040348053,-0.3785127401,-0.0230998714,0.4211598933,0.635428369,-1.9006462097,-1.5319532156
9.0503826141,-0.3882291913,-0.0279255975,0.4106858671,0.5528826118,-1.9691666365,-1.5149776936
9.0604782104,-0.4040275812,-0.0144254426,0.4204789698,0.4745239019,-2.0302700996,-1.5054332018
9.0708112717,-0.4308915138,0.0083110323,0.4415463507,0.3052717447,-2.0718557835,-1.4724953175
9.0805721283,-0.471108228,-0.0012689247,0.4696892798,0.0513281301,-2.0736377239,-1.405538559
9.090681076,-0.4874951243,-0.0506501794,0.4921836555,-0.2854467034,-2.1176714897,-1.3608795404
9.1007385254,-0.4775321484,-0.0818179846,0.5098068118,-0.7775713801,-2.21002841,-1.3586757183
9.1110897064,-0.4966315627,-0.0972557962,0.5190494657,-1.3731076717,-2.3151392937,-1.3840602636
9.1208724976,-0.5376796722,-0.1170611382,0.5059334636,-2.0015990734,-2.4344701767,-1.4306801558
9.1309108734,-0.5672894716,-0.1213017106,0.4807054102,-2.6804146767,-2.5396695137,-1.5208133459
9.1410369873,-0.5941258669,-0.105461657,0.4708590209,-3.3953397274,-2.6645333767,-1.6491715908
9.1513633728,-0.6167837977,-0.0755726099,0.4980012476,-4.1449971199,-2.8398003578,-1.8125858307
9.1611413956,-0.6297848821,-0.0691250861,0.5273970962,-4.799885273,-2.9940490723,-1.9717679024
9.1712169647,-0.638974607,-0.1007839739,0.5388803482,-5.2278556824,-3.0008645058,-2.1181910038
9.1812858582,-0.6633714437,-0.106369108,0.531752944,-5.3324394226,-3.0114929676,-2.3061065674
9.191617012,-0.7078068256,-0.041305095,0.5664032102,-5.2503271103,-3.0151145458,-2.4834496975
9.201376915,-0.7669400573,0.0440322459,0.5761550069,-4.839492321,-2.9115378857,-2.6087954044
9.2115240097,-0.824193716,0.1280182302,0.5450516343,-4.1742768288,-2.7364156246,-2.6800172329
9.2215776443,-0.864616394,0.2188384235,0.5259899497,-3.6063477993,-2.5440702438,-2.7458965778
9.2318973541,-0.8654863834,0.2760708034,0.5216761827,-2.9814431667,-2.3949668407,-2.8479135036
9.2416410446,-0.8476293087,0.2828746736,0.4831309617,-2.4113183022,-2.3174915314,-2.9584460258
9.2517871857,-0.842635572,0.30626598,0.3980603516,-1.9850392342,-2.3685138226,-3.0552036762
9.2617750168,-0.848844707,0.3250640929,0.3221993744,-1.6796504259,-2.6007432938,-3.11591959
9.2721595764,-0.850420475,0.3283088505,0.3250329792,-1.7127975225,-2.8092637062,-3.1553020477
9.28191185,-0.8676066399,0.2862469256,0.2541085184,-1.9132826328,-2.9297542572,-3.1393837929
9.2919826508,-0.8636404276,0.1484977305,0.1875060648,-2.0627710819,-2.9178426266,-3.0650138855
9.3020515442,-0.8393499851,0.0366989672,0.1078853458,-2.1981742382,-2.9258370399,-2.9704833031
9.3124361038,-0.8072410822,0.050676316,0.0851888508,-2.5372972488,-3.0523662567,-2.881269455
9.3221769333,-0.8117269278,0.167375356,0.0886090845,-2.8980789185,-3.1543645859,-2.9067127705
9.3323163986,-0.8689318895,0.275610894,0.0528279394,-2.9277136326,-3.081343174,-3.0595679283
9.3423118591,-0.9014136195,0.4140277207,0.0206199139,-2.8373055458,-2.8446836472,-3.1752083302
9.3526983261,-0.8885582685,0.5696443319,0.0242861956,-2.5476286411,-2.4702830315,-3.2632241249
9.3624477386,-0.8681306839,0.6848967671,-0.0345780998,-2.2468352318,-2.0294988155,-3.2747602463
9.3725605011,-0.8173964024,0.7728164196,-0.1646624953,-1.8801063299,-1.7780611515,-3.2842838764
9.38256073,-0.691105783,0.8036224842,-0.2534814775,-1.4405305386,-1.656039834,-3.2227489948
9.3929672241,-0.5714376569,0.8524267673,-0.2866953909,-1.0496433973,-1.678481698,-3.1198649406
9.4027175903,-0.5217789412,0.8844934702,-0.304248482,-0.7100286484,-1.695967555,-3.0021018982
9.4128417969,-0.4993172884,0.8874788284,-0.3267436326,-0.4218820632,-1.685970068,-2.8312203884
9.4228601456,-0.4616103768,0.868406117,-0.3173387349,-0.2085588872,-1.6602175236,-2.5849251747
9.4332838058,-0.4019591808,0.8265295029,-0.2757233679,-0.1028987765,-1.6471129656,-2.3439171314
9.4431247711,-0.3649141192,0.7631314397,-0.2789029181,-0.0606947318,-1.6907463074,-2.0944259167
9.4530878067,-0.326030612,0.6895893216,-0.2855085433,-0.0824956372,-1.7370046377,-1.8364262581
9.4631404877,-0.3007612228,0.6124382615,-0.3184476197,-0.1339201331,-1.8101804256,-1.5986069441
9.473531723,-0.275218308,0.5465313196,-0.3301508129,-0.1681425422,-1.8983381987,-1.4032711983
9.483253479,-0.255056262,0.5096510053,-0.3050428927,-0.2519120872,-1.943693161,-1.2493124008
9.4933891296,-0.2438856512,0.4746731818,-0.2876448333,-0.3008993268,-1.9476112127,-1.1335657835
9.5033731461,-0.234784022,0.4321889579,-0.280068785,-0.2691867054,-1.9117388725,-1.0443627834
9.5137557983,-0.2216957361,0.3971803486,-0.2671521008,-0.1958967596,-1.8735589981,-0.9827779531
9.5235214233,-0.2025644332,0.381418258,-0.248700276,-0.0939318612,-1.8224488497,-0.9296903014
9.5336685181,-0.1802556664,0.3665187657,-0.2251694351,0.0567694977,-1.7359679937,-0.8872134089
9.5436553955,-0.1595736891,0.3437855542,-0.2040256411,0.2073418796,-1.6367974281,-0.8511002064
9.5540771484,-0.1375379115,0.3064133823,-0.1773367077,0.3813965023,-1.5385235548,-0.8213649392
9.5637903214,-0.1198443249,0.2583530843,-0.1548770219,0.5288742781,-1.4511477947,-0.8001230955
9.5739250183,-0.1064390615,0.2189709246,-0.134163633,0.6284253597,-1.3737756014,-0.7841827273
9.5839223862,-0.0962406471,0.17663607,-0.1182649285,0.71727705,-1.2944432497,-0.7788572311
9.5941677094,-0.0843616799,0.1459616125,-0.1004102379,0.7568628192,-1.1974823475,-0.7703244686
9.6041231155,-0.0707278326,0.1191392243,-0.0817663819,0.7709215879,-1.1092826128,-0.7692213058
9.6141281128,-0.0640226081,0.0865622461,-0.0733240992,0.7715748549,-1.0702723265,-0.8084885478
9.6242637634,-0.0773133114,0.0704645813,-0.0904462487,0.8147829771,-1.133869648,-1.0187673569
9.634557724,-0.1319092661,0.09575966,-0.1977065951,1.065407753,-1.2457182407,-1.4213087559
9.6443986893,-0.1744045168,0.2275918424,-0.4402846396,1.5806769133,-1.4637631178,-1.8664427996
9.6543941498,-0.2311813384,0.4892146885,-0.7681311369,2.3726348877,-1.9260367155,-2.3839709759
9.6645307541,-0.3508707881,0.9279720187,-1.1296162605,3.0584349632,-2.4288215637,-2.6254241467
9.6748189926,-0.4092584848,1.3263992071,-1.077293992,2.7048017979,-2.4749979973,-2.2356772423
9.6845798492,-0.3828650117,1.1026643515,-0.5728187561,2.4650740623,-2.1923592091,-2.1802608967
9.6946754456,-0.3418515921,0.4773867428,-0.2691222727,2.473906517,-1.4830312729,-2.2754707336
9.7047548294,-0.2151467353,0.2207012475,-0.0557592064,2.2055950165,-0.788882494,-2.0488932133
9.7151012421,-0.1053960398,0.2385811806,0.0693198293,1.8036412001,-0.2717621326,-1.6163806915
9.7249059677,-0.051107116,0.1576251388,0.1154293269,1.4058406353,0.153425768,-1.1308258772
9.7349290848,0.0045071761,-0.0563811362,0.103321299,0.9774985909,0.4319218397,-0.644274056
9.745059967,0.0605689213,-0.2218685746,0.0338111967,0.434769541,0.5185591578,-0.1365523934
9.755358696,0.0847354457,-0.240686208,-0.0367553979,-0.2082003653,0.4907634556,0.3679515123
9.7651309967,0.0311186835,-0.1727044582,-0.0974543244,-0.8517165184,0.5110327601,0.7588673234
9.7751836777,-0.0881449655,-0.0817979872,-0.1776371747,-1.3757176399,0.7384850979,1.030934453
9.7853050232,-0.1967231184,0.0658563673,-0.2493314296,-1.8000495434,1.0280541182,1.2573500872
9.7958183289,-0.2651132345,0.2253481448,-0.3088991344,-2.0299258232,1.2900284529,1.3849551678
9.805393219,-0.2979040742,0.358726114,-0.3740870655,-2.1272938251,1.4230909348,1.4179618359
9.8154602051,-0.3015748858,0.4824273288,-0.4498184621,-2.125159502,1.4195110798,1.3542516232
9.8255710602,-0.3119915724,0.5867148638,-0.5133478642,-2.0094783306,1.3697860241,1.2214715481
9.8358888626,-0.3446344733,0.6758667827,-0.5534230471,-1.7233695984,1.3534299135,1.096098423
9.8456602097,-0.3770302534,0.7739903331,-0.6008926034,-1.2639095783,1.3992564678,0.999381721
9.8557252884,-0.4025517702,0.8810097575,-0.6159124374,-0.7734470367,1.4413110018,0.9334466457
9.8658409119,-0.4087353945,0.9821460843,-0.576837182,-0.3442661464,1.5308625698,0.9110853672
9.8761348724,-0.4212036729,1.0243455172,-0.5339170694,0.0684002414,1.6736782789,0.9429058433
9.8859291077,-0.4442727566,1.0343818665,-0.4743974507,0.4009004235,1.8321267366,1.0384612083
9.8959951401,-0.4539128542,1.0203597546,-0.4169113934,0.6607453227,2.0043079853,1.2221724987
9.9060707092,-0.4497110844,0.9697504044,-0.3697822392,0.7661942244,2.1470985413,1.4993475676
9.9164476395,-0.461560607,0.8641888499,-0.3321496546,0.7009052038,2.2920734882,1.8519538641
9.926194191,-0.4949479103,0.7264927626,-0.2766058147,0.4454873204,2.4546327591,2.2269151211
9.9362630844,-0.5451672077,0.6047436595,-0.2373407632,0.0062633692,2.6410045624,2.5945022106
9.9463748932,-0.5959655046,0.5228980184,-0.2057309896,-0.5597570539,2.808375597,2.9844098091
9.9566059113,-0.6308864355,0.4645223916,-0.1660674959,-1.1103903055,2.9289088249,3.3307561874
9.9667129517,-0.6625008583,0.4281291664,-0.1395936161,-1.6059521437,2.9827980995,3.6345827579
9.9767808914,-0.689574182,0.3990052044,-0.117014423,-1.9792314768,2.9727442265,3.8948132992
9.9867010117,-0.7079944611,0.3742108047,-0.0750667006,-2.2795040607,2.9174575806,4.1178407669
9.996963501,-0.7252519131,0.3418631256,-0.0361209065,-2.4866828918,2.8351268768,4.2994198799
10.0067367554,-0.7517855167,0.3026341498,-0.0090652863,-2.6816458702,2.7039260864,4.455488205
10.0168037415,-0.7685925961,0.2532922328,0.0089365682,-2.8293356895,2.5389065742,4.5690555573
10.0269403458,-0.7772880197,0.207119137,0.0209858268,-2.9430077076,2.3857257366,4.6624455452
10.037229538,-0.790317297,0.1773913801,0.0325063318,-2.9702589512,2.2318432331,4.6952915192
10.0469684601,-0.8167578578,0.1482409537,0.0315882415,-2.9442694187,2.0876626968,4.68034935
10.0570697784,-0.8417140841,0.1161547005,0.0307555646,-2.8499667645,1.941958189,4.6653871536
10.0671215057,-0.8504711986,0.0618617833,0.0386619419,-2.7357695103,1.8347115517,4.6631793976
10.0775604248,-0.8507874012,-0.0070486977,0.0299844593,-2.6748044491,1.7141684294,4.6461148262
10.0872478485,-0.846138835,-0.0943346322,0.0108308038,-2.5512578487,1.6300133467,4.5929517746
10.0973463058,-0.839179635,-0.1658579409,-0.0054211179,-2.3934881687,1.5375512838,4.5217251778
10.1073904037,-0.8315142393,-0.212978512,-0.0089344541,-2.2868776321,1.4370480776,4.4250249863
10.1177663803,-0.8188150525,-0.2592624128,-0.0260865837,-2.170273304,1.296131134,4.3006944656
10.1276245117,-0.7978454828,-0.3106665313,-0.0379501134,-2.0441479683,1.162643075,4.1636228561
10.137588501,-0.7793053985,-0.3440758884,-0.0291239768,-1.9863349199,1.0307209492,4.0329408646
10.1482925415,-0.7671710849,-0.3558973372,-0.0147838751,-1.9915904999,0.9100519419,3.9224543571
10.1604146957,-0.7469640374,-0.3745094836,4.6334e-06,-2.0247924328,0.8104987144,3.8332219124
10.1684856415,-0.7168762684,-0.4019306004,0.0259245485,-2.0680491924,0.7565460205,3.7535722256
10.1781520844,-0.6905305982,-0.4256633222,0.0355976671,-2.1094739437,0.7323072553,3.6718120575
10.188586235,-0.6630545259,-0.4166437685,0.0202348083,-2.1764330864,0.7016592622,3.6176614761
10.1987361908,-0.6288813353,-0.389308244,0.0204787105,-2.2953050137,0.6334536076,3.5688149929
10.2079410553,-0.6064527035,-0.3835437596,0.0225441307,-2.4236371517,0.5502265096,3.5072216988
10.2181272507,-0.5937126875,-0.389669925,0.0218043178,-2.5224406719,0.5022946596,3.4488239288
10.228055954,-0.5770355463,-0.3629273474,0.0121604046,-2.7244734764,0.4259489179,3.4021179676
10.2384185791,-0.5486972928,-0.3282743394,0.0379398912,-2.9299359322,0.3717868924,3.3448059559
10.2482557297,-0.5181782842,-0.3238892257,0.0257512182,-3.0428366661,0.3460792601,3.2959768772
10.258272171,-0.4847261906,-0.3031052053,0.0056985458,-3.1027121544,0.2487542778,3.2587804794
10.2682914734,-0.4543237686,-0.2737415135,0.0146461567,-3.0820147991,0.096719943,3.1854362488
10.2786617279,-0.4336435497,-0.2432468832,0.0022094091,-2.9376716614,-0.0404392406,3.1120669842
10.2885007858,-0.411159724,-0.1884438097,0.0116677126,-2.8327057362,-0.1873466671,3.0610003471
10.2985229492,-0.388191998,-0.1451614201,0.0466500372,-2.7913038731,-0.3803744316,3.0194830894
