0.0000000000,-0.0001686700,0.0024596269,-0.0010064391,0.0046142703,0.0055367793,0.0042522745
0.0089349747,-0.000210274,-0.0004656201,-1.81344e-05,-0.0006654467,0.0002197782,0.0095599545
0.018985033,0.0017015748,-0.0043914802,0.0009675476,-0.0017432282,0.0012714606,0.0095607536
0.0290869474,0.0006973259,-0.0063972659,-6.4519e-06,-0.003683527,0.0001121201,0.0075029959
0.0390930176,0.0006512813,-0.0074619837,-2.77904e-05,-0.010104754,0.0021629536,0.0053834524
0.0494419336,-0.0013354607,-0.0075702854,-0.0029929427,-0.0079923356,0.0042966781,0.0043221824
0.0596740246,-0.0033312626,-0.0037351733,-0.0020550636,-0.0026714997,0.0053701987,-0.0009881604
0.0694899559,-0.0033708103,-0.0027677601,-0.0020365862,0.0015741112,0.007508717,-0.0041735671
0.0795819759,-0.0024768598,-0.0017641967,0.0019018503,0.0005099401,0.0075054541,-0.003110633
0.0896559954,-0.0024803765,-0.0017905717,0.0018913599,-0.003477877,-0.0188699607,0.0255457778
0.099676013,0.004250627,-0.0027945226,-0.0009722856,-0.015783228,-0.1593373269,0.3057934344
0.1097730398,0.1746501476,0.0139016919,-0.0003925112,-0.0480663329,-0.2368164062,0.3461112976
0.1198710203,0.1295651644,0.0304323249,0.0120850056,-0.0011632452,-0.0356957465,0.0457109027
0.129914999,0.0081727616,0.0128191225,0.0097272843,0.0165257361,0.0053640734,-0.0275372136
0.1400020123,-0.0074821897,-0.0017220264,-0.0019449142,0.0113163814,-0.0050506173,0.009622273
0.1500719786,0.0072011165,0.0012611265,-0.0008933094,0.0048646079,-0.0009456212,-0.0031156268
0.1601040363,0.0037746839,-0.0026928072,-0.0034624485,0.0048757652,-0.0019427752,0.0064385305
0.1702020168,0.0020700507,-0.0046546645,-0.0055129076,0.0048560575,0.0002000041,0.0096250027
0.1802259684,0.0002137832,-0.0043848045,-0.0046499516,0.0038096225,-0.0019666771,0.0043159244
0.1903229952,-0.040501494,-0.0136965103,0.0053363894,0.0048123021,0.0044017397,0.0032570513
0.2003549337,-0.0579350479,-0.0222949572,0.0110007375,0.0015490782,0.0107319411,0.002200176
0.2104599476,-0.0490267165,-0.0236714371,0.0104397386,0.0015597306,0.0096709374,0.0021996433
0.220492959,-0.0423028953,-0.0164396353,0.0082200617,-0.0037783636,0.0095825205,-0.0041695726
0.2304719687,-0.0358006544,-0.0142097063,0.0094949454,-0.0070117069,0.0127375675,-0.0041671759
0.2406409979,-0.0286051519,-0.0127678998,0.0109562129,-0.0079960916,0.0042553325,-0.002048831
0.2507359982,-0.0257365592,-0.0103694387,0.0105769485,-0.0057877973,-0.0031599733,-0.0031148943
0.2607569695,-0.0223422833,-0.0082121082,0.0102454275,-0.0057394886,-0.0073846793,6.98469e-05
0.2709219456,-0.0219612904,-0.0071251281,0.0059885238,-0.0046169655,-0.0126526775,0.0043141264
0.2809749842,-0.0216596611,-0.005235482,0.0026504847,0.0007493831,-0.015802864,0.0021875259
0.2909649611,-0.0217274018,-0.004453022,-0.0006106642,-0.0024711778,-0.013681124,0.0064365994
0.3010109663,-0.0211971588,-0.0088669546,-3.2929e-06,0.0017128093,-0.005141831,0.0085632671
0.3111339808,-0.0219906755,-0.0085910447,0.0006635043,0.0006446149,-0.0051650004,0.0064399284
0.3211669922,-0.0211374648,-0.0084199496,0.0004200193,-0.002643642,0.0032885387,0.0053827865
0.3312239647,-0.0194987245,-0.00736304,0.0011678787,-0.0016489513,0.0107525801,0.0096334582
0.3413399458,-0.0209561773,-0.0053440817,0.0029424282,0.0026048608,0.0117882835,7.69708e-05
0.3514059782,-0.0174819417,-0.0022343879,0.0018692466,0.0090598306,0.0065253442,-0.0020508948
0.3614389896,-0.0150132366,-0.0029673462,0.0027606937,0.0132874129,0.0108060427,-0.0020492305
0.3715150356,-0.0145105012,-0.004624594,0.005613849,0.0048244195,0.0032975269,-0.0031126305
0.3815590143,-0.0119691081,-0.0101017244,0.0065410589,-0.0004807031,0.0001039973,0.00219465
0.3914779425,-0.0103530176,-0.0078608282,0.0074108695,0.0027302699,-0.0009428912,6.97137e-05
0.4014799595,-0.0116723962,-0.0027254706,0.0033963176,-0.0025760783,-0.0042071277,-0.005239564
0.4115979671,-0.0140406378,-0.0035124307,0.0051990007,-0.0003970796,-0.0084048025,-0.0009950181
0.4220860004,-0.0134353526,-0.0023975556,0.0030760618,0.0048844209,-0.0030670951,-0.0031172244
0.4319089651,-0.0139853247,0.0006205851,0.0019671174,0.0112754749,-0.0019640138,-0.0052418942
0.4419690371,-0.0126423128,-0.0012065058,-4.895e-05,0.0102229938,-0.0030073074,-0.0009942856
0.4520180225,-0.0142700262,-0.0059791096,-0.0010927466,0.0005448004,0.0043427506,7.3642e-05
0.4623719454,-0.0111077912,-0.0106908269,-0.0020733026,-0.0037303735,0.0053935014,0.0043231146
0.4721739292,-0.009967763,-0.0077339001,-0.0001709607,-0.0080409646,0.0096071549,0.0053881127
0.4822379351,-0.010778565,-0.0048847981,0.0006967637,-0.0069322651,0.0053514899,0.002200509
0.4923290014,-0.0105327852,-0.002964068,0.0025190564,-0.004821443,0.0074644419,-0.0020461679
0.5026359558,-0.0092971213,-0.0019811874,0.0033982249,-0.0026188754,0.0011368376,0.0011365095
0.5124440193,-0.0070643611,-0.0029564684,0.0042813276,0.0048510255,0.0012020851,0.0011346453
0.5224770308,-0.0078216083,-0.0028660183,0.0032676312,0.0112519329,0.0012586773,0.0011323816
0.5325779915,-0.0065487213,-0.0036096459,0.0013048503,0.0070776944,-0.00834841,-0.0020567537
0.5429170132,-0.00628509,-0.0081878491,-0.0006046441,0.0006328169,-0.0041462746,7.03796e-05
0.5527069569,-0.0080169328,-0.0070687719,0.0003350827,-0.0025579156,-0.0052352413,7.06458e-05
0.5627939701,-0.0097949095,-0.0050727017,-0.0006833223,0.0005725501,0.0022397859,0.0032597147
0.5728769302,-0.0096449442,-0.0021295731,-0.0007439402,-0.0005281344,0.0053927023,7.61719e-05
0.5831689835,-0.010535527,-0.004079897,0.0001935217,0.0004618149,0.012829979,7.87019e-05
0.59296,-0.0095131584,-0.003108639,0.0001733157,-0.0037321299,0.0053656711,7.60388e-05
0.6029750109,-0.0074843951,-0.0031361168,0.002099857,-0.004816277,0.0074768253,7.89016e-05
0.6131249666,-0.005502928,-0.0050819702,0.0011086318,-0.0048146788,0.0074975984,0.0032643087
0.6234229803,-0.005446393,-0.0020848399,0.0021005126,-0.0079548638,0.0010832414,7.61052e-05
0.6333249807,-0.0072531588,-0.0039828308,0.0010918232,-0.0046996828,-0.0041868878,0.0011344454
0.6434509754,-0.0070605166,-0.0039757676,0.0010199401,-0.0121576516,-0.0053064805,0.0021978458
0.6533679962,-0.0029878505,-0.0030569916,0.0038516971,-0.0100553529,-0.0021048284,0.0021989108
0.6637179852,-0.0077150054,-0.0001329964,0.0027975293,-0.0026005274,-0.0009912278,7.27763e-05
0.6735309362,-0.0095229931,-0.0030330901,-0.0021073965,-0.0026330175,0.0021848581,-0.000987428
0.6835049391,-0.0055314489,-0.0059465356,-0.0011484172,-0.0026088357,9.02819e-05,0.0032589822
0.6937609911,-0.0054376908,-0.0059289224,-0.0011770871,-0.0046903621,-0.0052403011,0.0021950495
0.7039979696,-0.0073227473,-0.0049908347,-0.0002597717,-0.0015473524,0.0011659327,0.004322649
0.7137379646,-0.0043193884,-0.0020460074,0.001678333,0.0005980898,0.0001304958,0.0053833863
0.7238550186,-0.0042411871,-0.001044411,-0.0002871898,-0.0004748441,8.05613e-05,-0.0009880939
0.7338849306,-0.0061757453,-0.0019907539,0.002620742,0.000570979,0.002211889,-0.0009872951
0.7445459366,-0.0050677843,-6.20669e-05,0.001587734,-0.0047235992,-0.00211375,-0.0062967064
0.7540509701,-0.0068864711,-1.70356e-05,0.0035025927,-0.0004428336,-0.0031166964,-0.003112897
0.7643280029,-0.0078180619,0.0020231719,0.0054621552,0.0016166167,0.0043432834,-0.0009865625
0.7744070292,-0.0077606924,0.0040768199,0.0035388323,0.0027247574,8.78184e-05,-0.0041743661
0.7847349644,-0.0047171898,0.0022222216,0.0016068075,0.0027574077,-0.00308121,-0.0020524929
0.794271946,-0.003674347,-0.0016448086,-0.0003461984,0.0027595377,-0.0030535134,0.0021947166
0.8046000004,-0.0026346333,-0.0046074577,-0.0032942442,-0.0025416175,-0.0062626884,0.00538019
0.8147659302,-0.0035352893,-0.0056449659,-0.0033514646,-0.0046971804,-0.0041593243,0.0053817881
0.8247840405,-0.0064117797,-0.0086139031,-0.0043794657,-0.0015061805,-0.0030917961,0.0021967804
0.834569931,-0.0053735264,-0.004758168,-0.0044136192,0.0037351865,0.0065246122,0.0053856494
0.8446170092,-0.0073108859,-0.0037994569,-0.0015193966,0.008021092,0.0043914868,-0.0020491637
0.8547369242,-0.0082601495,-0.0008329934,-0.002498403,0.0175613333,0.0108413966,-0.0020483648
0.8650269508,-0.0083121844,0.0012184496,-0.0004805473,0.0143357133,0.0129222572,-0.0041707708
0.8748309612,-0.0064177103,-0.0025130396,0.0025312754,0.0122110434,0.0118287634,-0.0062943762
0.8848949671,-0.0055317171,-0.0033154672,0.0055680727,0.0058061676,0.0117878169,-0.0041703051
0.8949480057,-0.0026446171,-0.005181361,0.0046627973,-0.0005209707,0.004318716,-0.002048831
0.9053349495,-0.0035880096,-0.0031093543,0.0066412543,0.0016302513,0.003281215,-0.0009860299
0.9151090384,-0.0035551377,0.00279535,0.0047094082,0.0006488767,-0.0052092085,7.17777e-05
0.9251619577,-0.0014415868,0.0037928636,0.0007846805,0.0007005418,-0.010534999,-0.0031162922
0.9353049994,-0.002252657,-0.0010069793,-0.0002330688,0.007082541,-0.0083501413,-0.0020550226
0.9456379414,-0.0021210201,-0.0019627099,-0.0002601293,0.0027947715,-0.0062163491,0.0053791245
0.9554129839,-0.00104459,-0.0068044253,0.0006820413,0.0016967496,-0.0030288121,0.0075045936
0.9655269384,-0.002913285,-0.0068341084,-0.0042191888,0.0006382503,-0.0041055284,0.0064419927
0.9756389856,-0.0058216043,-0.0107500441,-0.0052213813,-0.0047080452,-0.0030911304,0.0064438567
0.985929966,-0.0067766197,-0.007924933,-0.0033322123,-0.0079763038,0.0032408682,0.0053851833
0.9956499338,-0.0087469406,-0.0041619129,-0.0024218706,-0.0037418781,0.0064334655,0.0011385068
1.0057179928,-0.0068738647,0.0006321186,0.0004908892,0.0005002981,0.0096446387,7.94342e-05
1.0158029795,-0.0049850531,-0.0012678688,0.0015097711,0.0079909712,0.0075809546,-0.0009852975
1.0261909962,-0.0020669289,-0.0002261584,0.0015589449,0.001660265,7.04413e-05,-0.0052347705
1.0359209776,-0.0010180362,-0.0050169118,0.003526673,-0.0057233498,-0.0084689846,-0.0031135625
1.0461030006,-0.0009558387,-0.0069585033,0.0054477309,-0.0131913051,-0.0085064685,0.0011354443
1.0560569763,0.000207495,-0.0050070174,0.0044098948,-0.0130964965,-0.0180693474,-0.000992954
1.0664219856,-0.0005587824,-0.0031146293,0.0004005286,-0.0141368611,-0.0201670527,0.0043162573
1.0762079954,-0.0052184351,0.0007033462,-0.0016969589,-0.0066776117,-0.0190408025,0.0043149255
1.0863269567,-0.0069933124,0.0016372318,-0.004709139,0.0028386079,-0.010489258,0.0011309833
1.0963799953,-0.0078494139,0.0045799129,-0.0047438885,0.0017278036,-0.0062684147,-0.0009902245
1.1067060232,-0.0068665333,-0.0002732461,-0.0037701873,0.001632249,0.0032947306,0.0011379076
1.1164599657,-0.0069140084,-0.0021777933,-0.0037143377,0.0037025902,0.0096793929,0.0011405709
1.1265180111,-0.0050372072,-0.0031043475,-0.0017154958,0.0005126819,0.0086185895,0.00538758
1.1366069317,-0.0031961091,-0.0050254948,0.0002892467,0.0026043281,0.0128812445,0.0053891782
1.1469539404,-0.0023376234,-0.0030740683,0.0013115259,-0.0016193911,0.0086133964,0.0075121168
1.1567109823,-0.0014043339,-0.0031105166,0.0013121221,-0.0005224347,0.00541201,0.0032630437
1.166803956,-0.000420291,-0.0031207388,0.0032577368,0.003817372,-0.0019979028,7.22437e-05
1.1768690348,-0.0003634281,-0.0001987999,0.0032387229,0.0038152412,-0.0020255994,-0.0041749654
1.1872029305,-0.0002669282,0.0028028006,0.0012869092,0.0102139916,-0.0019895802,-0.0073628356
1.1970570087,-0.0031002648,0.0039287023,0.0003313276,0.0155709404,-0.0040649818,-0.0073652328
1.2070440054,-0.0049396344,0.0021494145,0.0013345333,0.0123961326,-0.0061812624,-0.0020555553
1.2171980143,-0.0048539229,-0.0006427949,0.0003793093,0.0091840941,-0.0051482227,-0.0020542238
1.2275259495,-0.0067640133,-0.000555951,0.0003954026,0.0059751985,-0.0041091898,-0.0009901579
1.2373039722,-0.0067322142,-0.0044021793,-0.0024985222,0.0037770253,0.0022381877,-0.0009864294
1.2473490238,-0.0057916827,-0.007316906,-0.0005382446,-0.0058817798,0.0074811531,0.0022029723
1.2574239969,-0.0068404563,-0.0054972656,-0.0015395429,-0.0123063894,0.0095403092,0.0011438332
1.2677129507,-0.0059559532,-0.0036738997,-0.0044845487,-0.0037687756,0.0096075544,8.02999e-05
1.2775030136,-0.0030505247,-0.0008115655,-0.0035158542,-0.0005471492,0.0074996622,-0.002045169
1.2875759602,-0.0040576942,0.00115959,0.0003892633,0.0079693468,0.0096888468,-0.0031075706
1.2976419926,-0.0031190403,0.0012620802,0.0014200064,0.0122490469,0.0086720521,-0.002047366
1.3080070019,-0.0011470802,0.0004178995,0.0024639817,0.011251187,0.0012091426,-0.0062991697
1.317778945,-0.0020722337,-0.0013961082,0.0015297983,0.0080721714,-0.0009269789,-0.0041758306
1.3278419971,-0.0010201223,-0.0022025888,0.0015696738,0.0091398861,-0.0009249817,-0.0052375002
1.3379160166,-0.0019225366,-0.0001438742,0.0006182644,0.0070173461,-0.0019907786,-0.0031138954
1.3481940031,-0.0028234608,-0.0010547822,-0.0003585962,-0.0004189182,-0.0052396357,-0.00311303
1.3580189943,-0.0008183904,-0.0049653538,0.0015736673,-0.006797188,-0.0073760236,0.0032583163
1.3681509495,-0.0017548092,-0.0040987916,0.0014999959,-0.0079051163,-0.0031277488,0.0053845844
1.3782309294,-0.0056543238,-0.0022471731,-0.0024476794,-0.001524183,-0.00095674,0.0043222494
1.3885259628,-0.0017536171,-0.002306897,-0.0024510769,-0.0036399057,-0.003103514,0.0032591154
1.3983620405,-0.0017434545,-0.0033202057,-0.0024776605,-0.0014960608,-0.0041597234,0.0011344455
1.4083729982,-0.0046650358,-0.0003725773,0.000426397,0.0069860541,0.0012133371,7.27763e-05
1.4184499979,-0.0056783147,0.0035959,0.0014310334,0.0101544168,0.004410462,-0.0020500293
1.4287849665,-0.0046804734,-0.0001987701,-0.0004506257,0.0070158816,-0.00199737,-0.0041760309
1.4388679266,-0.0046545155,-0.003036279,-0.0013960151,0.0059167948,0.0011763191,-0.0041741664
1.4486570358,-0.0037003644,-0.0020023768,0.0005917403,0.0015801312,0.0085922237,7.93677e-05
1.4587320089,-0.0027444251,-9.7936e-06,0.0006176087,0.0016317964,0.0032664344,-0.0031087026
1.4690239429,-0.0037301071,0.000990581,0.001593158,-0.0036945799,0.0021806636,7.64383e-05
1.4788119793,-0.0008163638,-0.0058592148,0.0016100261,-0.0100526111,-0.0020915794,0.0043231146
1.4888859987,-0.0007882901,-0.00693639,-0.0013606695,-0.010029654,-0.0042070616,0.0053842515
1.4989669323,0.001216542,-0.0061123557,0.0005035254,-0.011042987,-0.0095144752,0.0064436565
1.5093120337,0.0022768192,-0.0072100945,0.0013925883,-0.0131654721,-0.0105945207,0.0064440561
1.5190979242,0.0014054887,-0.002401877,0.0003325197,-0.0046220515,-0.0116363494,-0.0020530254
1.5292760134,-0.0033767112,0.0024695511,-0.0016821768,0.003850555,-0.0052098078,-0.004175365
1.5392400026,-0.0062126406,0.0005662853,-0.0007201579,0.0027615884,-0.0031040465,-0.0052358359
1.5495599508,-0.0081691034,-0.0013261919,0.001233444,0.0069342032,0.0064893914,-0.0041705049
1.5593919754,-0.0091581829,0.0036306793,-0.0016442684,0.0026837979,0.0042885556,-0.0105413189
1.5694479942,-0.0072182305,0.0017717595,0.000349507,0.0005548391,0.0042964788,-0.0062924447
1.5795409679,-0.004339654,-0.0001293605,0.0004074427,-0.0026976783,0.0096012289,-0.0020417734
1.5898889303,-0.003436733,0.0018206055,-0.0014958528,0.0005430961,0.0054005585,7.73703e-05
1.5996479988,0.0004571192,0.0008556658,-0.0024410633,-0.0004494647,-0.0020357862,7.39082e-05
1.6098459959,0.0004656427,-0.0020819192,-0.002454832,0.0005981158,0.0001233716,0.0043217833
1.6197789907,-0.0005087443,-0.0030705219,-0.0014906076,0.0027238512,0.001230714,0.0085689928
1.6300690174,-0.000492353,-0.0020904427,-0.0034425405,0.0038248021,-0.0019436409,0.0085677942
1.6399099827,-0.0014524944,-0.0040458031,-0.0024794487,0.003757691,0.0043808343,0.002200176
1.6499040127,-0.0043831654,-0.0049885996,-0.0015094427,0.0048428224,0.0022550989,7.4441e-05
1.6600279808,-0.0034122653,-0.0078641661,-0.0004979518,0.0058774604,0.0054405062,-0.0009860299
1.6706939936,-0.0053856261,-0.0029345935,-0.0014470365,0.0080133416,0.0054229954,-0.0062940428
1.6801990271,-0.0034639426,-0.0009243077,0.0005441758,0.0016206894,0.0042991415,-0.0073547796
1.690237999,-0.0025412627,-0.0047977157,0.0025135728,-0.0037232619,0.0053340457,-0.0041672424
1.700387001,-0.0045212097,-0.0008785611,0.0034981223,0.0026784446,0.0053761238,-0.0062924447
1.7106690407,-0.0035473593,0.002068233,0.0025371762,0.0027402835,-0.0009820398,-0.0052347705
1.7204790115,0.0003809445,0.0011349434,0.0035457464,-0.0004701577,7.17731e-05,-0.0020480319
1.7305179834,-0.0015607961,0.0021183307,0.000621483,-0.0015218668,-0.0009789108,0.0011382404
1.7405779362,0.0004418902,-0.0036775952,-0.0003445295,0.0017450331,-0.0072961948,0.0043196529
1.7509109974,0.0034577362,-0.0017142182,-0.0013224032,0.0028207377,-0.0083400216,0.0053797239
1.7607109547,0.0006037466,-0.002728421,-0.0023609546,-0.0066747637,-0.0190062486,0.0096240034
1.7707790136,-0.0003003962,-0.0046712048,0.0005318972,0.0049863392,-0.0115397424,6.93143e-05
1.7808539867,-0.0127917416,0.0061085634,-0.0073557044,0.0166741535,-0.0072970605,-0.0158585198
1.7911839485,0.0008001737,-0.0103654452,-0.0062490846,0.001533418,0.0151370745,0.027690623
1.8009749651,0.0045779161,-0.0084458478,0.0044937585,0.0016463362,0.0022111568,-0.0020462344
1.8110399246,-0.0179368444,0.00616033,-0.0004645732,0.0090289377,0.0096226009,-0.0147882616
1.8210920095,-0.0072371252,-0.0063843019,0.0035589191,-0.0005666977,0.0096494993,0.0022029723
1.8314479589,0.00830267,-0.0064377673,0.0055886959,-0.0069239298,0.0053627416,0.00432671
1.8412619829,-0.0014574416,0.0022795016,0.0025841447,-0.0025430294,-0.0063333297,-0.0052364352
1.8513169289,-0.0043299086,0.0022940154,0.0044998978,-0.0014718259,-0.0063183485,-0.0041736336
1.8613599539,0.0065803938,-0.0035855656,0.0025307985,-0.0056636408,-0.0137549601,7.09122e-05
1.8717080355,0.0018013828,-0.0036283319,0.001479611,-0.0141801899,-0.0159298964,0.0032565189
1.8815070391,-0.001988966,-0.0027569716,-0.0015362647,-0.0120145073,-0.0191011894,0.002192586
1.8915729523,-0.0017769523,-0.001901943,-0.0026511697,-0.0110063674,-0.0126991495,0.0064437236
1.9016349316,-0.0055906959,-0.0009923165,-0.003702834,-0.004665914,-0.0062564304,0.0096307276
1.9120060205,-0.0075873323,0.0009291286,-0.0046848203,0.0027222531,0.0012099415,0.0053835856
1.9217629433,-0.0076354332,0.0058226995,-0.0046693231,0.0069247214,0.0075855488,0.0011385068
1.9318429232,-0.006706167,0.0009902532,-0.0036499051,0.0058760489,0.0065195523,0.0022026394
1.9419510365,-0.0048895665,-0.0018800383,-0.0016077306,0.0047338195,0.0139303301,0.0011448319
1.9522439241,-0.0049956031,-0.0018547659,0.0003833625,-0.0005651005,0.0096204709,-0.0020429054
1.9620410204,0.000795614,-0.0057469793,0.0033631178,-0.002665801,0.0064395908,0.0011414364
1.9722019434,0.0007721893,-0.0018835848,0.0014068338,-0.0058045229,3.18256e-05,-0.0009846317
1.9822909832,-0.0011354573,0.001014244,0.0023426863,-0.0035956958,-0.0073765563,-0.0009888927
1.9925519228,-7.57761e-05,0.0010168368,0.0023110958,0.0028108032,-0.0073219612,-0.0009891591
2.0023298264,0.0010007732,0.0029942507,0.0022893401,0.0070883729,-0.0083664535,-0.004176164
2.0123839378,-0.0037869103,0.0011590237,0.0013060423,0.0113150226,-0.0040854216,-0.0041748323
2.0224208832,-0.0047128983,-0.0007174796,-0.0015939621,0.007028399,-0.0019591537,0.0021981122
2.0327858925,-0.0046596117,-0.0045761056,-0.0016005186,-0.001469722,-0.0062835277,0.0011351779
2.0425639153,-0.0066271313,-0.0036418026,-0.0035600809,-0.0047760364,0.0043193148,0.00432671
2.052644968,-0.0057242401,-0.004686553,-0.002591863,-0.0069297617,0.0064291377,0.0053905761
2.0628728867,-0.0038340278,-0.0018544381,-0.0035805849,-0.0048184069,0.0085490141,0.002205702
2.0731549263,-0.0029376633,0.0010364468,-0.0006297973,0.0026377505,0.0096550249,-0.0009815691
2.0828719139,-0.0039960034,0.0040185563,0.000387356,0.0122078201,0.0128942281,-0.0052295774
2.0929141045,-0.0021017082,0.0011983926,-0.0005015281,0.0122801252,0.0054751271,-0.0041725021
2.1029720306,-0.0021030493,-0.0025713032,0.0024763199,0.0091202846,0.0011893018,-0.0062974384
2.113312006,-0.0011388548,-0.0054093786,0.0034860226,0.0037736967,0.0033321478,0.0043247794
2.1230788231,0.0018364303,-0.0063919909,0.0015486929,-0.0078613888,-0.0074219629,-0.0020484314
2.1331458092,-0.0010029562,-0.0054867156,0.0024423453,-0.0121387709,-0.0063775377,0.00113864
2.1432600021,3.37474e-05,-0.003644753,0.0004223439,-0.003599612,-0.006275272,0.0053837188
2.1535620689,-0.0008635707,0.0030973072,-0.0025694517,-0.0003696494,-0.0094717983,-0.0009895586
2.1633300781,-0.003731925,0.0050722174,-0.003581777,0.0070789456,-0.0072845435,-0.0009903575
2.17344594,-0.0046629198,0.0022303278,-0.0035603193,0.010207654,0.0001626534,-0.0020483648
2.183508873,-0.0056574233,-0.0015557294,-0.0025211719,0.0080201328,0.0054490278,-0.002045169
2.1938581467,-0.006674666,-0.0044328757,-0.0034580377,-0.0005367622,0.0075101815,8.17645e-05
2.203635931,-0.0028784461,-0.0063807257,-0.0024272946,-0.0037898133,0.0128080081,0.0032706335
2.2136940956,-0.0019980259,-0.0035109406,-0.0004630235,-0.0069640893,0.0095987655,0.0032681036
2.2237889767,-0.0010912307,0.0003557021,0.0034377428,-0.0026540291,0.0053781876,0.0011413031
2.234153986,-0.0011314936,0.0032727534,0.0024697634,0.0069670398,0.0033202968,-0.0020485646
2.2442820072,0.0008509569,0.0023630376,0.0015200827,0.0070511959,-0.0051815789,-0.0041764304
2.2541029453,0.0009140484,-0.0024188941,0.0025254341,0.0091787409,-0.0041104555,-0.005236635
2.2641119957,3.41348e-05,-0.0033014899,0.0015528055,0.0070775067,-0.0072982591,-0.0031140952
2.2761290073,-0.000857342,-0.0032293682,0.0025060626,-0.0014864989,-0.0052772528,-0.0073593734
2.2849030495,-0.002759058,-0.0081094988,-0.0004274991,-0.0078956624,-0.0042167818,0.0011371752
2.295814991,-0.0026863106,-0.0033497696,-0.0024508981,-0.014239205,-0.009579855,0.0011382406
2.3043818474,-0.0036014505,-0.0034723764,-0.005453899,-0.0110894851,-0.0042261034,0.0043255119
2.3144869804,-0.0026520379,0.0022555108,-0.0016103532,-0.0047263149,0.0001154488,0.0106967911
2.3242769241,-0.0017116852,0.0012064094,-0.001628652,-0.0025622305,-0.003076616,0.0064474521
2.3345570564,-0.0026696809,0.0021725113,0.0002971741,0.0070588114,-0.0051273834,0.0043191868
2.3445739746,-0.0016850121,0.0032018537,-0.0006436256,0.006993298,0.0012178642,0.0011369756
2.3549408913,-0.005631227,0.0013200457,0.0013291689,0.0059280335,0.0012078775,0.0011379076
2.3647420406,-0.005636353,0.002373528,0.0003959986,0.0059163156,0.0022550325,-0.0009851644
2.374806881,-0.0056337304,0.00051884,0.0023854228,0.0091142133,0.0022700126,-0.0031104335
2.3848438263,-0.0036724098,0.0045366101,0.0014685246,0.0154956793,0.0044479459,-0.0031109662
2.3953130245,-0.0046803243,0.0056575947,-0.0004005578,0.0208148379,0.0066219503,-0.0020478987
2.4049890041,-0.0037727244,0.0029044265,-0.0012775806,0.0197498389,0.0066403262,0.0021995767
2.4150469303,-0.0018515773,-0.0008976644,-0.0012098697,0.0080612525,0.0012553483,0.0053834524
2.4251151085,-0.0019075163,-0.0057333298,-0.0011650471,0.0026744762,0.0065414566,0.0096346568
2.4355530739,-0.001975853,-0.0057670362,-0.0030994562,0.0048012771,0.0076128468,0.0085741859
2.4453020096,-0.0029984601,-0.0038436537,-0.0040583159,0.0005423501,0.0065007107,0.0064511141
2.455395937,-0.0031035729,-0.00383969,-0.0020747927,0.0036952393,0.0118533317,0.0096395165
2.4654121399,-0.0032504089,0.0029760713,-0.0010509638,0.0100324973,0.0182545055,0.0064557078
2.4757449627,-0.0024112053,0.0020931775,0.0019680115,0.0132690109,0.0139984414,8.0433e-05
2.4855649471,-0.0005569942,-0.0036549156,0.0010887238,0.0090234,0.0118599227,0.0032658398
2.4956009388,0.0003393404,-0.0064925142,0.0040775393,0.0048067896,0.0064825341,-0.0020443036
2.505669117,-0.0006542094,-0.0054985471,0.0021457525,-0.0036556711,-0.0010190578,-0.0020459015
2.5160288811,0.0003742687,-0.0045364983,0.0030953141,-0.0078810696,-0.0052863071,7.64382e-05
2.5258059502,-0.0005720444,-0.0036153083,0.0049904441,-0.0057350937,-0.0063148197,0.0021989776
2.5358560085,-0.0024668165,-0.0036748534,8.61141e-05,-0.0057451334,-0.0052682646,7.65048e-05
2.5459399223,-0.0014228411,0.0001529569,-0.0028855947,-0.0003983052,-0.0062757386,0.0011364429
2.5562949181,-0.0003898926,-0.001783598,-0.0029072312,0.0059787668,-0.0041175792,-0.0020504955
2.5660638809,-0.0032705255,-0.0007432586,-0.0067974473,0.0081034368,-0.0030240854,7.31092e-05
2.576166153,-0.0042276569,-0.0026098376,-0.0048200632,0.00380411,0.0001141173,-0.0009854306
2.5862231255,-0.0032712407,-0.0074457116,-0.0038189439,-0.002596532,8.58877e-05,0.0032633764
2.5965139866,-0.004319001,-0.0064970143,-0.0018654611,-0.0037695738,0.010672153,0.0011459637
2.6063570976,-0.0053977855,-0.0026399677,0.001068041,-0.0027045747,0.010653777,-0.0031015119
2.6164050102,-0.0034984238,0.0002502019,0.0001078698,-0.0058869729,0.0085259778,8.22307e-05
2.6264939308,-0.0026080795,0.002173316,0.0011049362,-0.001620057,0.0085424893,-0.0031042416
2.6368260384,-0.0026526339,0.0002458209,0.0021105262,0.0016021021,0.0064415215,-0.0041679079
2.6466088295,-0.0026438124,0.0012604708,0.003100619,0.0038434183,-0.0041429456,-0.0031119646
2.6567001343,0.0022985451,-0.0006541496,0.0031028839,-0.0057486221,-0.0052812472,-0.0020479653
2.6667590141,0.0014076941,-0.0036096161,0.004027233,-0.0099952985,-0.0074336138,-0.000986163
2.6770839691,0.0005219691,-0.0027063375,0.0010357948,-0.0078123854,-0.0116326865,0.0032597813
2.6868758202,-0.0013072081,-0.0027881449,-0.0029431132,-0.0088800481,-0.0116489325,0.0021982451
2.696958065,-0.002183903,6.09273e-05,-0.00398834,-0.0003567068,-0.0104980469,0.0043187873
2.7070169449,-0.0050749667,0.0020183439,-0.0059631611,0.0080828499,-0.0008952208,0.0011360433
2.7172379494,-0.0070398934,0.0040811114,-0.0059178616,0.0197877642,0.0023553006,-0.0041739
2.7271938324,-0.0060829706,-0.0015616303,-0.0058115865,0.0197360981,0.0076810904,-0.0009858301
2.7372419834,-0.0052256472,-0.0043267198,-0.0018043068,0.013318412,0.00978046,0.0043271761
2.7473120689,-0.0024249144,-0.0091005452,0.0002652857,0.0079279076,0.0150180981,0.001145764
2.7576439381,-0.004527349,-0.0042256601,-0.0016341356,-0.0005670432,0.0107423933,0.007515246
2.7673630714,0.0012478642,-0.0033181792,0.001297817,-0.0133102676,0.0042437483,0.0043298393
2.7774789333,0.0002468042,-0.0024749523,0.0022243711,-0.0111132143,-0.0021032307,0.0043257112
2.7875680923,-0.0016959198,0.0032909329,0.0031313153,-0.0025676629,-0.0031173623,7.5839e-05
2.7978610992,-0.0006929524,0.0052090399,0.0040886258,0.0017012246,-0.0030802113,7.49069e-05
2.8077189922,-0.000645835,0.0033367986,0.0031381699,0.0038200356,-0.0020628839,-0.0094813146
2.817896843,-0.0035382994,0.001488846,0.0021787139,0.0123197278,0.0022893872,-0.0041713705
2.8278141022,-0.0025244839,0.0006639177,-0.0035842208,0.011304264,-0.0030457235,-0.0073591741
2.8381109238,-0.0034682043,-0.0001771634,-0.0025728492,0.0070022466,0.0001147832,-0.0052338382
2.8479299545,-0.0073989816,-0.0010924225,-0.003527656,0.0069516464,0.005454421,7.78363e-05
2.8594110012,-0.0054995604,-0.0010295694,-0.0034784225,0.0058745313,0.0064774072,-0.0041675754
2.8682198524,-0.0036075301,-6.59114e-05,-0.0034320501,0.0015682001,0.0107464548,0.0053918413
2.8785581589,-0.0017672665,-0.0030116027,-0.0004847196,-0.001651004,0.0117535954,0.0011441661
2.8882119656,-0.0038400181,-0.002055276,-0.0004619506,0.0026180437,0.0117978044,0.0022049032
2.8982610703,-0.0010171421,-0.0020522659,0.0005732629,0.0036891419,0.0117914798,8.28299e-05
2.9084119797,0.0018642358,-0.0010550802,0.0006227347,0.0005825637,0.0022006372,-0.0020447695
2.9188318253,-0.0001332052,-0.0020089333,0.0016055558,0.0047998121,0.0075564543,8.07658e-05
2.9285159111,0.0008161478,-0.0029337888,0.0016393515,0.0048333677,0.0043942165,0.0032645748
2.93851614,0.0018160157,-0.0029011553,0.0006894323,-0.0014953148,-0.0031099054,7.74369e-05
2.9486188889,-0.001100231,-0.0068276115,0.0006623122,-0.0057734177,-0.002072338,0.0022026394
2.9589481354,-0.0030620284,-0.0019934957,-0.0013107208,-0.0015312145,8.16267e-05,0.0011392392
2.9685740471,-0.0030368157,0.000924539,-0.0022896079,0.0006344682,-0.0030896657,7.53064e-05
2.9786858559,-0.0050244816,-1.79892e-05,-0.0013123896,0.0037394483,0.0064804042,-0.0009825013
2.9886760712,-0.0050800331,0.0019839818,-0.0032090095,0.0122546386,0.0086700553,-0.0020453688
2.9993560314,-0.0051503666,0.0020891244,-0.004111066,0.0079909451,0.008638164,-0.00098097
3.0100209713,-0.0042572506,-0.0017565077,-0.0020955948,0.0026776725,0.0064833998,0.001142901
3.0190799236,-0.0014263876,-0.0046534128,0.0008739087,0.0005096998,0.0096697388,0.0043292399
3.0297899246,-0.0015134104,-0.0007309204,0.0028752538,0.0037419777,0.0065008439,0.0022032387
3.0401000977,-0.0006197877,-0.0007266289,0.0009566399,0.0005339608,0.0075537912,0.0053908424
3.0498328209,-0.0006681569,-0.0056305118,-1.922e-06,-0.0047489526,0.0021952447,0.0043277089
3.0592908859,-0.0016557463,-0.004750032,-0.0019807962,-0.0090050297,0.001117663,0.007513715
3.0692429543,0.0002711527,-0.0058438368,-7.64874e-05,-0.0111179808,-0.0010229859,0.0075131822
3.0795588493,-0.0007245131,-0.0030096953,0.0027968141,-0.0079306299,2.45019e-05,0.0011420355
3.0893099308,-0.0026710518,-0.0011180227,0.0027583691,-0.0047409618,0.0010996201,-0.0009818354
3.0993409157,-0.0016819425,-0.004073102,-0.0011276748,-0.0015173927,-0.0009805087,0.0011398384
3.1094770432,-0.0016800947,0.0007746333,-0.0021222977,0.0006381702,-0.0030838733,0.0011382404
3.11982584,-0.0006579645,-0.0040782578,-0.0011485961,0.0027918955,-0.0051936964,7.43743e-05
3.1295390129,-0.0006474741,-0.0030806547,0.0017651174,0.0017045271,-0.0030671617,0.0021993103
3.1397349834,-0.0006166883,-0.0030841117,0.000774965,-0.0025403388,-0.005205947,0.0053849835
3.1497631073,-0.0025237985,-0.0031572764,0.001700804,-0.0110230409,-0.0105716838,0.0075080558
3.1601529121,-0.0044363625,-0.0022742038,-0.0003252772,-0.0078777932,-0.0052661337,0.0032624444
3.1698930264,-0.0053656287,0.0044821613,-0.0003810671,-0.0015085768,-0.0020479702,7.70374e-05
3.1800580025,-0.005330611,0.0054603331,-0.000387266,-0.000436442,-0.0031332085,-0.0052338382
3.1900501251,-0.0053115375,0.0084197335,-0.0013511924,0.0069817933,0.0022578286,-0.0020476326
3.2003669739,-0.0043761022,0.0075684302,-0.0012791302,0.016525764,0.0087064067,-0.002045502
3.2101719379,-0.0005348511,0.0038444216,-0.0021258143,0.0176168606,0.006628342,0.003262178
3.2203030586,-0.0006078072,5.66656e-05,-0.0020511297,0.0080355797,0.0044503426,0.0075105191
3.2302761078,-0.001647491,-0.0047848709,-0.0019994525,0.0015917951,0.0086592026,0.0106996549
3.2408428192,0.001196485,-0.004809875,-0.0010004785,0.0016349116,0.004429237,0.0128209284
3.2506120205,-0.0017938204,-0.0028771346,-0.0019623188,0.0048645278,0.0012257206,0.0053859157
3.2606658936,-0.0027915426,-0.0009183472,-0.0029365567,0.0059135724,0.0033416688,0.0032646414
3.2707929611,-0.0018364675,-0.0038095301,0.001952276,0.002720709,0.0022250053,-0.0009823014
3.2810900211,-0.0038191564,-0.0067347474,0.0009893032,0.0037655998,0.004356666,-0.0009818354
3.2909379005,-0.0028539486,-0.0047627874,0.0010021778,0.001638799,0.0032354752,-0.0073526492
3.3009369373,-0.0038309582,0.0001512582,3.81324e-05,0.0048047397,0.0064334655,-0.0094763199
3.3110489845,-0.0057964213,0.0002249295,0.0010523649,0.0026598293,0.0074758269,-0.0094752545
3.3213469982,-0.0038743503,-0.0016538983,0.0011061284,0.0037397668,0.0064447178,-0.0062904474
3.3311958313,-0.0029032119,0.0022770877,-0.0008142141,0.0037621371,0.0043365592,-0.0041679083
3.3412230015,-0.0009822734,0.0023072476,-0.0007881668,0.0048329942,0.0043943496,0.0032644416
3.3512921333,-3.92087e-05,0.0033351595,-0.0027052311,0.0102005955,0.0012579449,0.0032615121
3.3616318703,-0.0010451861,0.0043895654,-0.0026522425,0.0123167979,0.0034258913,0.0075096535
3.3714179993,0.0008597188,0.0005666727,-0.0025945453,0.007005123,0.0012919003,0.0128189316
3.3814520836,0.0008065812,-0.0042973049,-0.0035334376,0.0080589615,0.0023702807,0.0138798682
3.3915560246,-0.0012110062,-0.0043207891,-0.0006042269,0.0006002467,0.0012509541,0.0149430027
3.4018630981,0.0007093661,-0.0053333528,0.000362322,-0.0015335837,0.0012179308,0.0128204636
3.4117240906,-0.0012619682,-0.0053641982,-0.0006208566,0.0006496757,-0.0041238377,0.0043228487
3.4217300415,-0.0032238849,-0.0014694219,0.0013161752,0.0027463287,-0.0009557412,-0.000986163
3.4319210052,-0.0031969137,-0.0033893173,0.0022901746,0.0038336972,-0.0030822752,-0.0031110991
3.4421579838,-0.0031518228,-0.0043430515,0.0032592865,0.000649889,-0.0041808295,-0.0041699726
3.4519939423,-0.0031028278,-0.0013855582,0.0013061615,0.0017047664,-0.0031312774,-0.0073551135
3.462002039,-0.0010924526,-0.0003815478,0.002272472,-0.003601742,-0.0063527701,-0.0062947753
3.4721198082,-0.0019740947,-0.0033351665,-0.0006837991,-0.0078473529,-0.0084912889,-0.003109368
3.4824399948,-0.0028980859,-0.0014679616,-0.0007571724,-0.0121142175,-0.0085220477,-0.002046101
3.4922509193,-0.0008602329,-0.0005756205,-0.0017832068,-0.0099778287,-0.0084757088,0.0022005755
3.502286911,-0.002771128,0.0032643492,-0.0037841348,0.0038531385,-0.0041037309,0.0032611794
3.5123949051,-0.0037515648,0.0062242858,-0.0057155038,0.0070119142,0.000168246,0.003262511
3.522685051,-0.0037838109,0.0004660601,-0.0027416495,0.010160489,0.005529522,0.0075109852
3.5324969292,-0.002886612,-0.0043579526,-0.001706138,0.0037470646,0.0065345992,0.0075131156
3.5425539017,-0.0019990094,-0.0063472874,0.0002529475,-0.0068839025,0.002212422,0.0096360547
3.5525920391,-0.0010791607,-0.0064479001,0.0012068602,-0.0100645144,5.55278e-05,0.0085739857
3.5629739761,-0.0020881481,-0.0036435013,0.0021250101,-0.0132582299,1.7711e-05,0.0075159119
3.5727539062,0.0008499734,-0.0037681346,0.0049958085,-0.0110829603,-0.0042284336,0.004327842
3.5828170776,0.0018817298,-0.0009240395,0.0030048939,-0.0024976227,-0.0094784554,0.001136443
3.592936039,0.0010143332,0.0010062272,0.0009963366,0.0028257705,-0.0083916206,-0.002049763
3.6032371521,0.0001516156,0.0030020887,-0.0009755638,0.0092541352,-0.0115591167,-0.0084249042
3.6130959988,-0.0036191531,0.0031345601,-0.0019614247,0.0124667073,-0.012585233,-0.0073644337
3.6230578423,-0.0034934469,0.0013229961,-0.0019323376,0.0081708673,-0.0094340472,-0.0062985034
3.6331539154,-0.0034337528,-0.0034634357,-0.0019323971,0.0027958099,-0.0051950943,7.57724e-05
3.6434950829,-0.0053828247,-0.0015225594,-0.0038798002,0.001643193,0.0033050503,0.0032650409
3.6532599926,-0.0044590123,0.0013887698,-0.0038604883,0.0005659452,0.004363657,0.0043276423
3.6633679867,-0.0045275576,0.0033002014,-0.004821911,-0.0026556002,0.0064501767,0.0032683033
3.6734399796,-0.0056060441,0.0013431127,-0.0028585938,0.002647019,0.0096659437,0.0011449651
3.6837449074,-0.0057314821,0.0023632462,-0.0008368638,0.0079363231,0.0139578944,0.0011444323
3.6935648918,-0.002897758,0.0004873986,0.0021512362,0.0047775479,0.0096859178,0.0011431008
3.703622818,-0.0010372587,-0.0063022859,0.0022250863,0.0015915819,0.0086165918,0.0043299058
3.7137479782,0.0008710437,-0.0033666675,0.0032286497,0.0005745208,0.0032607086,-0.0020433047
3.724011898,0.0018535368,-0.0053214617,0.0022550079,-0.003659266,4.65394e-05,-0.0009812363
3.7338190079,0.0028738789,-0.0063069053,0.0002961013,0.0017498806,-0.0073477272,-0.003109901
3.7439041138,2.92175e-05,-0.000443775,0.0012172314,0.002811417,-0.0073364088,-0.0031121648
3.7539329529,-0.0018574186,-0.0004302447,-0.0007491258,0.002811417,-0.0073364088,-0.0031121648
3.7643079758,-0.0017862506,-0.0013947075,-0.0017480997,0.0017492948,-0.0073404033,-0.002048498
3.7740910053,-0.0046985634,-0.0013763492,-0.0017527487,0.0027221469,0.0022387204,0.0011414363
3.784126997,-0.0047097988,0.0015754814,-0.0036788133,0.0037543615,0.0054249931,8.01e-05
3.7942249775,-0.006703753,0.0015706534,-0.0036802439,-0.0036830483,0.0021836597,0.0011421687
3.8045778275,-0.0048175044,-0.0033004468,-0.0016999986,0.0016531274,0.0022371893,0.0022026394
3.814330101,-0.0019535311,0.002573889,0.0012536498,0.0026552742,0.0085986815,8.19643e-05
3.8244249821,-0.0020257123,0.0045649521,0.0013056252,0.0069570527,0.0054524904,7.97672e-05
3.8344988823,-0.001085598,0.0007541293,0.0004002902,0.0101685589,0.0044125258,-0.0009833667
3.8448159695,0.0008549504,-0.0040638335,-0.0005340722,0.0006400608,-0.0030916631,7.73038e-05
3.854596138,0.0028302483,-0.0089344569,-0.0005203632,-0.0047051692,-0.0020634164,0.0022027725
3.86470294,0.0008947961,-0.0070480295,0.0013809059,-0.0100551937,-0.0010476869,0.0022033053
3.8747601509,-0.002031941,-0.0032328551,0.0013094995,-0.0079225339,-0.0010498173,-0.0009826344
3.8850829601,-0.0020044036,-0.0033027118,-0.0006575731,-0.0057998886,3.7285e-05,7.86353e-05
3.8948910236,-0.0010063238,-0.0004447287,-0.0045905854,0.0006566793,-0.0052048815,0.0011361766
3.9049611092,2.8085e-05,-0.0014430468,-0.0046237851,-0.003616523,-0.0041832929,0.0011399051
3.9150140285,-0.0009468086,-0.0034087484,-0.0007364896,-0.0004359093,-0.0020263987,0.0022019737
3.9256711006,3.64892e-05,-0.0034176295,0.0011972042,-0.0068213986,-0.0042242385,-0.0009837663
3.9354548454,-0.0008924492,-0.0034828668,0.0001857135,-0.0068192678,-0.0041965418,0.003263443
3.94520998,-0.0018677302,0.0013716633,0.0020960423,0.003843205,-0.0030358694,0.0043235812
3.9553098679,-0.0047549196,0.0053292923,0.000140712,0.0070621679,-0.0051783826,-0.0031108996
3.9657211304,-0.0056657381,0.0044114999,0.0020942541,0.0038605956,-0.0052062795,-0.0031101671
3.9754350185,-0.0036410578,0.0025193507,0.0030783268,0.0028025219,-0.006297376,-0.0062958403
3.9855530262,-0.004585702,0.002576452,0.0011381361,0.0038260799,-0.002036585,-0.0052327067
3.9955568314,-0.0026053973,0.000654977,-0.000790253,0.0005943347,0.0011392346,-0.0020449029
4.0059099197,-0.002602566,-0.0022454744,-0.0036928204,0.0027659284,-0.0020199402,-0.0009834999
4.0158438683,-0.0055321939,-0.0002905911,-0.0046770717,0.0016780272,9.96697e-05,7.9634e-05
4.0259828568,-0.0026387759,-0.0002801901,-0.0056195403,0.005880496,0.0065250783,0.00326584
4.0358338356,-0.0036890693,0.0017063434,-0.0026613025,0.0069582774,0.0054733958,0.0032650409
4.0461621284,-0.0027751215,0.0008176679,-0.0016278174,0.0143733164,0.0108228875,8.0433e-05
4.0559811592,-0.0028625019,-6.33484e-05,-0.0025276092,0.0122289397,0.0118721733,0.0011433006
4.0660910606,-0.0010122247,-0.003857035,0.0024412724,0.0090292851,0.0118293632,-0.0009785064
4.0760908127,-0.0001078434,-0.006703455,0.0024998041,0.005859857,0.0086183893,-0.0009793055
4.0864582062,-0.000166852,-0.004727263,0.0025399777,0.0026777787,0.0064549041,-0.0031035091
4.0962648392,-0.0001932867,-0.0027628725,0.0035166594,-0.0036919694,0.003229816,-0.0009799047
4.106274128,-0.0001806207,-0.0018041318,0.0044802879,-0.0036501056,-0.0010139314,-0.0009823014
4.1164321899,-0.0001372881,9.65113e-05,0.0024936649,-0.0036202772,-0.0042246385,-0.0052311085
4.1266551018,-5.42588e-05,0.0010592754,0.0014911745,0.0017248737,-0.0052315127,-0.0041717696
4.1365399361,-0.0009659715,0.0001267905,-0.0024055389,0.002781882,-0.004154264,-0.003109701
4.146572113,5.4162e-05,-0.0027767008,-0.0024177579,-0.0004186518,-0.0041611884,7.62384e-05
4.1566519737,-0.0008706041,-0.0037442928,-0.0024340895,-0.0014639432,-0.0062855915,0.0011372418
4.1669840813,-0.0008464046,-0.0057095177,-0.0024404672,-0.0025764778,-0.0009500154,0.0075126495
4.1767759323,-0.0018444248,-0.003806818,-0.0034395603,0.000613723,0.0001320271,0.0064505814
4.1868319511,-0.0048012622,0.001052689,-0.005394056,0.0048666308,0.0012107404,0.003263443
4.1969308853,-0.0048413463,0.0020428116,-0.002442613,0.002689763,0.0054361117,0.0032661064
4.2072591782,-0.0039246567,0.0001273269,0.0005144927,0.006959423,0.0054658726,0.002203838
4.2169809341,-0.0049846955,0.0011590237,0.0015330168,0.0069050943,0.0107570402,8.28964e-05
4.2271299362,-0.0021301694,0.0002811069,0.0025913569,0.0080296937,0.0043813,-0.0031077035
4.2371840477,0.0017767362,-0.0015828793,0.0026451799,0.0048506791,0.0022451787,-0.0009843654
4.2475390434,0.0008018129,-0.0025476997,0.0045969342,-0.0035980418,-0.0062971767,0.0021994435
4.2573242188,0.0018536262,-0.0055068024,0.0016391131,-0.0067669358,-0.0095012262,0.0032604469
4.267375946,0.0009603016,-0.0036412959,-0.0003873256,-0.0046198424,-0.0105301384,0.0053833858
4.2774438858,0.0001005046,-0.0017567461,-0.0014400629,-0.0066923127,-0.0169424973,0.0011335134
4.2878189087,-0.0017371066,-0.0027907377,-0.0015108731,-0.0014173109,-0.0105096987,0.0043213838
4.2975988388,-0.0045853741,0.0010925943,-0.005460992,0.0070962822,-0.0083408197,7.31093e-05
4.3076181412,-0.0055213757,0.0031038637,-0.0064208056,0.0081082834,-0.0030258163,7.48403e-05
4.3177042007,-0.0074964054,0.0021974856,-0.005419686,0.0091125611,0.0033633737,0.0022013744
4.3281140327,-0.0056140013,-0.0035432463,-0.0024205593,0.0079815704,0.0097058248,8.16315e-05
4.3378038406,-0.0047468133,-0.0044770725,-0.0004123595,-0.0027094232,0.0117553938,0.0032707667
4.3479700089,-0.001916606,-0.0064766891,0.001567528,-0.0101509076,0.008508401,0.0032697681
4.3580350876,-0.0010366328,-0.002685148,0.0015611502,-0.0090938993,0.0095856497,0.0043318365
4.3682870865,-0.0010917671,0.0020901675,0.0005626532,-0.0057859346,-0.0010106689,0.0022025062
4.3781571388,0.0018452518,0.0030495042,0.0025052878,0.0027718674,-0.0030650313,0.0011375082
4.3881649971,0.0008879416,0.0030909891,0.0034867378,0.0081284698,-0.0051474236,7.33755e-05
4.3982849121,0.0009842329,-0.0007225162,0.0015516134,0.0071124742,-0.0104894582,-0.0041762306
4.4085540771,-0.0008530505,0.0003212804,0.0005510899,0.0092601003,-0.011511446,-0.0009914893
4.4183630943,-0.0007504411,-0.0015571301,-0.0004240421,0.0028365562,-0.0094384421,7.29761e-05
4.4284310341,-0.0026259907,-0.0034828966,-0.0023954061,0.0039192643,-0.0104634259,0.0043203849
4.4385480881,-0.0045443363,0.000405174,-0.0043719555,0.0027770344,-0.0030526477,0.0032625776
4.4488286972,-0.0074706562,0.0024064297,-0.0043671275,0.0091026546,0.0044241105,0.0022021735
4.4586348534,-0.0085348077,0.0015170092,-0.0043000127,0.0154500324,0.0097573567,-0.0020439706
4.4686808586,-0.0047027655,-0.0012895053,-0.0022486595,0.0111389076,0.0139640858,-0.0020407748
4.4788250923,-0.0028821118,-0.0041201599,-0.0002039221,0.0036706049,0.0139196115,0.0011464964
4.4890928268,-0.0020311363,-0.0070347376,0.0008217546,-0.0016740402,0.0149405338,0.0022105624
4.498939991,-0.0011580475,-0.0041135736,0.000865266,0.0005012304,0.0106943902,-0.0009775079
4.5089850426,0.001722347,-0.0051063187,0.0018683526,-0.0047694054,0.004288489,8.26301e-05
4.5190339088,0.0026848428,-0.0032006388,0.0018596504,-0.0036703181,0.0011148,8.07658e-05
4.529446125,0.0007602982,-0.0002859419,0.0018333051,0.0038612876,-0.0051922975,-0.0009866958
4.5391368866,0.0008262806,0.0027099962,0.0028049799,0.0081282035,-0.0051757861,-0.004173168
4.5493021011,-0.0010591336,0.0008510167,-0.0010707525,0.0113082845,-0.0030258163,-0.0041729016
4.5593008995,-0.001983691,1.03826e-05,-0.0020073799,0.0209428035,-0.0061457092,-0.0073623029
4.5696210861,-0.0039203949,0.0021853561,1.64959e-05,0.0187001806,0.004439224,-0.0084187128
4.5794968605,-0.0019704886,0.0023276026,-0.0028209237,0.0112345424,0.0044293702,7.757e-05
4.5894999504,-4.26657e-05,-0.0083105154,-0.0037312058,0.0037956145,0.0011956935,0.0022007087
4.5996069908,-0.0039836057,-0.0024532562,-0.0017892269,0.0016309973,0.0043808343,0.0053882459
4.6099119186,-0.0030705519,-0.0014679318,0.002117798,0.0027103219,0.0033143712,0.0032647746
4.6197009087,-0.0021039434,-0.0005355066,0.0001617524,-0.0015059942,-0.0020417781,0.0011395721
4.6298089027,-0.0001580007,-0.0015568917,-0.0008165982,-0.0046912404,-0.0031042462,0.0053882459
4.6398358345,-0.0001606829,-0.00159936,0.0001422021,0.0006326847,-0.0020104861,0.0032638425
4.6501970291,-0.0021161027,0.0013047869,0.0001232478,0.001728069,-0.0051899673,0.0021990442
4.6601548195,-0.0001478083,-0.0015905385,0.0011176321,0.0027845455,-0.004119643,0.0021993103
4.670044899,-0.0011308081,-0.0044779368,0.0001555535,-0.0004794523,0.002217948,0.0022037714
4.6801609993,-0.0011094399,-0.0074419565,-0.0018126514,-0.0067740986,-0.00842724,0.0053854501
4.6903500557,-0.0010742433,-0.0055892058,-0.00381048,-0.0067863762,-0.0073798853,0.003262178
4.7000451088,-0.0029891618,-0.0017708724,-0.0028963236,-0.0068092793,-0.0052786507,7.78364e-05
4.7102069855,-0.0019807704,-0.0027756577,-0.0009749082,-0.0015156874,-0.0009882317,7.88352e-05
4.7202210426,-0.0029540248,-0.0007693058,0.0009792896,0.0155482506,0.0002288329,0.001136909
4.7307472229,-0.0039378293,0.0052442364,-0.0018750575,0.0240161978,0.0066072368,-0.0084183794
4.7405138016,-0.0039386638,0.0025200064,-0.0007985976,0.0155340293,0.0012484242,-0.0052335053
4.7507266998,-0.0039478727,0.0007462913,0.0012247416,0.0155019108,0.0044243769,-0.0062935767
4.7606420517,-0.0049395151,0.002835613,0.0003058764,0.0122669693,0.0075586513,-0.0094765872
4.7709941864,-0.00105666,0.0009900446,0.003300831,0.0037961202,0.0011599406,-0.003107171
4.780807972,-7.58655e-05,-0.0028867309,0.0023441764,-0.0025837496,-0.0009972199,7.87685e-05
4.7908267975,-0.0010318048,-0.0009803658,0.0013515803,-0.0047248229,6.5115e-05,0.0032660398
4.800992012,-5.73285e-05,-0.0020108407,-0.0006245521,-0.0036337264,-0.0020129494,0.0085737193
4.8112578392,-0.0019894429,0.0018160159,-0.0026142744,-0.0036065094,-0.0052227243,0.0043239803
4.8210258484,-0.0029384978,0.0008082801,-0.0016775278,0.0017083613,-0.0030471883,0.0053855162
4.8311109543,-0.0019736178,-0.0001532918,-0.0026276258,0.0091266762,0.0023224771,0.0053869146
4.8411750793,-0.0019908436,-0.0010334139,-0.0016083864,0.0123056918,0.0044585983,0.0032635764
4.8514819145,-0.0020448752,-0.0028847938,-0.0015422847,0.0143957408,0.0087004816,7.97672e-05
4.8612790108,-0.0040560849,-0.0008249467,-0.0024421362,0.0143845547,0.0097545609,-0.0009815026
4.8713850975,-0.0041327067,-0.0016695445,-0.0013840344,0.0101254154,0.0086496156,-0.0020430384
4.8814067841,-0.0051950403,0.0004020745,-0.0003428605,0.0122474227,0.0097084884,-0.0052284454
4.8917760849,-0.0023350008,0.0005055779,0.0007126185,0.0100910868,0.0118192434,-0.0041655111
4.9015688896,-0.0004581995,-0.0013335829,0.0017778131,0.0090665687,0.0075659081,-0.0041673756
4.9116120338,0.0004785471,-0.00128277,0.0008460137,0.003777558,0.0032951965,-0.0009819019
4.9216799736,0.0004577748,-0.0041946955,0.0028168412,-0.0057717394,-0.0020729373,0.0022032387
4.9320211411,0.0014387481,-0.0062164851,0.0018082712,-0.0089550139,-0.0042146519,0.0032634432
4.9418120384,0.0034315996,-0.0043536611,0.0027294608,-0.0067989202,-0.0063110916,0.0043236474
4.9520959854,0.003503453,-0.0024788564,0.0007203671,-0.0056417771,-0.0147772804,0.0064440565
4.9619588852,0.0006754212,-0.0015707796,-0.0032431034,-0.0014057523,-0.0115639111,0.005382787
4.9723830223,-0.0041413195,-0.0006208008,-0.0032951979,0.0028435597,-0.0094195995,0.003260314
4.9821157455,-0.0040842779,-0.0005843526,-0.0023248342,0.0049314788,-0.0052054143,-0.0041707046
4.9921550751,-0.0050611682,-0.0044322796,-0.0013418343,0.0006178506,-0.0009764472,-0.0009835665
5.002248764,-0.0040753968,-0.0044408925,0.0006038997,-0.0026165592,0.0021647513,-0.0031047743
5.0126438141,-0.0031240173,-0.0005605703,0.0005937669,-0.0015601357,0.0032493237,-0.0009813027
5.0223498344,-0.0041328855,0.0042838566,-0.0003676561,-0.000492475,0.003265569,8.02332e-05
5.0324440002,-0.0002711602,0.0033408517,0.0016109202,0.0038095163,0.0001121864,-0.0009834998
5.042591095,-0.0002607889,0.0033679123,-0.0003190187,0.0038425392,-0.0030569751,0.0011385068
5.0528297424,0.0017191581,0.000479948,0.0006587359,0.0028004702,-0.0051469575,0.0075087217
5.0626621246,0.0017523877,-0.0004782563,0.0026001784,0.0038984921,-0.0083344951,0.0053832526
5.0727210045,0.0008304827,-0.0033940261,-0.0003294495,0.0017629294,-0.0083526708,0.0053833192
5.0828437805,-0.0010442324,-0.0024442857,-0.0023183373,-0.0024741599,-0.0115798898,0.0043209847
5.0930976868,-0.0029260106,-0.0054138787,-0.0033471731,-0.0035613673,-0.0094462978,0.0075075896
5.1029219627,-0.0028908737,-0.0005983895,-0.0053455974,0.0006411001,-0.0030706907,0.003262511
5.1129879951,-0.0048662014,-0.0006106382,-0.0033891944,0.0005601654,0.0054158051,0.0032683033
5.1230340004,-0.0029524155,-0.003518868,-0.003371015,0.0048388001,0.0043851621,0.0022049032
5.1333880424,-0.0049473234,-0.0015083437,-0.0023527888,0.0080220513,0.0054341145,-0.0041677086
5.1432509422,-0.0030173846,-0.0023871248,-0.0013239529,0.0091099516,0.0033145044,-0.0052308422
5.1532249451,-0.0011125393,-0.0022884791,0.0016554449,0.006954602,0.0054106787,-0.0062907804
5.1633458138,-0.0021142848,-0.0022042578,0.0017024729,0.0069567328,0.0054383753,-0.0020435713
5.173664093,-0.0011511631,0.0007919783,0.0017497989,0.008046126,0.0033182329,-0.0031061724
5.183494091,-0.0011400767,0.000848096,-0.0001828817,0.0027307225,0.0011357723,-0.0052295104
5.1934981346,-0.0030908473,0.0028373415,0.0017707202,0.0048680156,0.0011889025,7.91013e-05
5.2035880089,-0.0021061786,0.0019153471,0.000814304,0.0027129855,0.0032991914,0.0011425016
5.2139348984,0.0008244924,0.0009498412,0.0008340332,0.0027436391,0.0001166472,0.0011404377
5.223692894,-0.0011182614,-3.1775e-06,0.0008402917,0.0048677763,0.0012032168,0.0022022398
5.2337808609,-0.0021048076,0.0009796734,-0.0020759252,0.0016830871,-0.0009593365,7.7104e-05
5.2438821793,-0.0030756779,6.0612e-06,-0.0011070516,-0.0025955476,7.13067e-05,0.0011405041
5.2541599274,-0.0021361299,-0.0039094873,-0.0020647196,-0.0015695645,0.004331233,0.0022045036
5.2639889717,-0.0031659193,-0.0020256524,-0.0001298335,-0.0079707382,0.0042960793,0.0053915083
5.274064064,-0.0012344904,-0.0040645488,-0.0021038202,-0.0090093184,0.001069393,8.0899e-05
5.2841048241,-0.0012667067,-0.0060916729,-0.0011540201,-0.0111851208,0.0053086127,0.0022071667
5.2945389748,-0.0003346391,-0.0042268522,-0.0001922992,-0.0058164801,0.0021433793,-0.00204184
5.3042497635,-0.0003368445,-0.0013314073,0.0007614943,-0.0004707165,0.0011220571,-0.0031055063
5.3142929077,-0.0012831874,-0.002269197,-0.0011863855,0.0048829559,-0.0009735178,-0.0062939096
5.3243579865,-0.0002579577,0.0007377678,-0.0011645701,0.0102388393,-0.0030627674,-0.0084199114
5.3347201347,-0.0002229102,-0.001091439,-0.0011150984,0.009122842,0.0022527021,-0.0052305758
5.3445248604,-0.0002304502,-0.0019700413,0.0018387887,0.0059124012,0.0033065148,-0.0020438374
5.35455513,-0.0012170263,-0.0009870415,-0.0020539907,-0.002594267,2.81637e-05,-0.0052287122
5.3646588326,-0.0021876879,-0.0029562896,0.0008535835,-0.0079165949,-0.001044824,8.10986e-05
5.3750009537,0.0007584505,-0.0030333584,-0.0001421121,-0.0079042921,-0.0020993024,0.001142768
5.3847551346,-0.0011699088,0.0037120993,0.001744375,-0.004660829,-0.0063222768,7.80361e-05
5.3948979378,-0.0011482723,0.0056698434,0.0027085396,0.0049291616,-0.0051832432,-0.0009866955
5.404917717,-0.0030550249,0.0047456138,-0.0002035049,0.0081108399,-0.0030125002,0.0021989776
5.4152622223,-0.0010736473,0.0018883462,-0.0021272448,0.0070535922,-0.0040754345,0.0032600476
5.4250507355,-6.48685e-05,-0.0039152987,-0.0030900387,0.0027957307,-0.0051737223,0.0032605801
5.4352178574,-0.0010381229,-0.0039197095,-0.0001635698,0.0006000875,0.0011940956,0.0064500486
5.4451470375,-8.00676e-05,-0.0059150346,-0.0021280793,-0.0047046626,-0.0020493683,0.0043261778
5.4556050301,-0.003022898,-0.0030656343,-0.0031434444,-0.0090137376,0.0021566285,0.0043301056
5.4653902054,-0.001089979,-0.0041360743,-0.0051088477,-0.0057894485,8.33576e-05,0.0075136479
5.4754142761,0.0008410029,-0.0012724882,-0.0031761674,-0.0004601972,9.66736e-05,0.0022019735
5.4854969978,-0.0001857169,0.0006950015,-0.0021881608,0.0090677943,0.007586814,-0.0009821018
5.4958729744,0.000772994,0.0007980579,0.001763806,0.0102117816,0.0001540645,-0.0031085024
5.5056128502,-0.0011786707,-0.0030011123,0.0027743431,0.0070093302,0.000112253,-0.0052313083
5.5156350136,-0.002130229,-0.0039087422,0.0027881714,0.0006383304,-0.0031266171,-0.0052313749
5.5257902145,-0.003053803,-0.0029007976,0.0037426206,-0.0025635883,-0.0031615044,-0.0062923781
5.5360298157,-0.0049680658,0.0009972269,0.0017841313,0.0027354639,6.26515e-05,-0.0073553794
5.5457038879,-0.0039276071,0.0029802138,0.0008024427,-0.0036151102,-0.0053121401,-0.0094800489
5.5557460785,-0.0048306771,0.0010294432,-0.0002085117,-0.0036236318,-0.0042234398,-0.0052323071
5.5658168793,-0.0048077293,0.0039366893,-0.0021611599,0.0037951348,0.0011745213,-0.0009842989
5.5765099525,-0.0028610416,0.0049528591,-0.0031176952,0.0038236044,-0.0009215863,0.0032636428
5.5861258507,0.0010309629,-0.0008762067,-0.0040456201,0.0005913256,0.0022473091,0.0053896438
5.5962300301,-0.0009539016,-0.0038273518,-0.003078833,-0.0047135046,-0.0009747827,0.0064505814
5.6062717438,-0.0009944625,-0.0028769558,-0.0011280921,0.0005688742,0.0043768394,0.0064519127
5.6165790558,-0.0010464378,-0.0029104238,-0.0020923165,0.0005681831,0.0043628579,0.0043284413
5.6263570786,-0.0010945983,-0.0028939431,-0.0001350787,0.0048462842,0.0033252903,0.0022032387
5.6364541054,-0.0021075793,0.0010098631,-0.0010850576,0.0048349388,0.0043723118,8.02998e-05
5.646545887,-0.0031263717,0.0030248875,-7.98848e-05,0.0122616962,0.0086746486,-0.0009812362
5.6568861008,-0.0031752475,0.0012157972,0.0019430969,0.0122955721,0.0043768394,-0.009479383
5.6666622162,-0.0022102483,-0.0025652235,0.0020112845,0.0069838972,0.0022428485,-0.0041701053
5.6767349243,-0.0012356527,-0.004459668,0.0020311924,-0.0015156604,-0.0009953557,-0.0009827676
5.6868038177,-0.0011993237,-0.0045003183,7.38951e-05,-0.0068523698,-0.0010558094,-0.0031050406
5.6971621513,-0.0011808462,0.0003021175,-0.0009538081,-0.0079061287,-0.0021057609,8.04994e-05
5.7069220543,-0.0011470206,-0.0016909128,-1.4737e-05,-0.0057276627,-0.0063103591,0.0032632432
5.7169699669,0.0008596294,-0.000764448,-0.0029595045,0.0017434349,-0.0062668836,7.69708e-05
5.7271060944,-6.94282e-05,0.0011904056,-0.002970591,0.0027972478,-0.0052311802,-0.0052317744
5.737393856,-5.21429e-05,-0.0007033831,-4.94865e-05,0.0070226458,-0.0009141294,7.71707e-05
5.7472090721,-4.13246e-05,-0.0026233976,-0.002953544,0.0017301459,-0.005197824,0.001138174
5.7573328018,-0.0010067113,-0.0035647338,-0.0019725708,0.0027249157,0.002244846,0.0022040377
5.7673902512,-0.0020109005,-0.0025905853,-0.0019561199,0.0005565705,0.0053815171,-0.0020410412
5.7777109146,-0.0020387359,-0.0016061848,0.0009659383,-0.0047972882,0.0063772732,-0.0052267145
5.7874550819,-0.0010817535,-0.0035727506,0.0019315336,-0.002584734,-0.0009826391,0.0022016407
5.7975540161,-0.0010952242,-0.0006676501,0.0029092284,0.0038116192,9.72061e-05,-0.0031059727
5.8075771332,-0.0030342527,0.0042462759,0.0019390436,0.0059661162,-0.0020200068,-0.0052311756
5.817964077,-1.07475e-05,0.0023641402,0.0019481631,0.0039144447,-0.0105186198,-0.0041742329
5.8277330399,-0.0008993931,-0.0005265957,0.0028947445,0.0028590336,-0.0115750963,-0.0020508948
5.837747097,-0.0017569251,0.0004736895,-5.8308e-05,0.0007124729,-0.0105392598,-0.0031120311
5.8479361534,0.0002742223,-0.0024472957,-0.0010531095,-0.0035848031,-0.007351988,0.0032614458
5.8582048416,-0.0006382354,-0.0044699796,-0.0001322177,-0.0099719698,-0.008449344,0.0064491164
5.867975235,-0.0015795119,-0.0026472693,-0.0041030194,-0.0120833246,-0.0105692204,0.00963399
5.8781061172,-0.0025122948,-0.004677821,-0.0041610147,-0.0046469802,-0.0073417351,0.0064483173
5.8881230354,-0.0034475215,0.0030530507,-0.0051849033,0.0006513791,-0.0041813618,-0.0041694399
5.8985009193,-0.0054033585,0.0001854414,-0.0042018439,0.0069469064,0.0064777406,-0.0052275797
5.908241272,-0.0025239773,-0.0006735211,-0.0011921074,0.0144189373,0.0065706847,-0.000982235
5.9183959961,-0.0016043968,-0.0044281371,0.0018073175,0.0080088414,0.0064818021,-0.0062913131
5.9283900261,0.0003178827,-0.0043691881,0.0018665644,-0.0005052853,0.0043059997,-0.0031048409
5.9386940002,-0.0006327219,-0.0033862179,-8.72162e-05,0.0006431229,-0.004213986,-0.0094804484
5.948600769,-0.0025467761,0.0024721737,0.0008505437,-0.0025241747,-0.0073972614,-0.005234038
5.9585609436,-0.0014819689,-0.0004256552,0.0037462565,-0.0025222832,-0.0074050515,-0.0062949751
5.9686608315,0.0005502515,0.0005433673,0.003727183,-0.0025206851,-0.0073842793,-0.0031095678
5.9792060852,-0.0013345666,0.001509052,0.0017340037,0.0017389078,-0.0062510371,0.0021985781
5.9887828827,-0.0012575872,0.0015040452,-0.0012000945,-0.0003862949,-0.0073514553,-0.0009868289
5.9988479614,-0.0041021593,0.0024857933,-0.0012464669,-0.0014609061,-0.0063009053,-0.0009848981
6.0088968277,-0.0030827709,0.002482068,-0.0032180098,0.0038539637,-0.0041253688,7.6638e-05
6.0193691254,-0.0040363558,0.0035017843,-0.0022314934,0.0048839152,-0.0009311736,7.61054e-05
6.0291309357,-0.0040448196,0.0006299728,-0.0022027043,0.008043224,0.0033477275,0.0011392392
6.0391049385,-0.0030910857,-0.0022235101,-0.0021516827,0.0091249719,0.002280399,-0.0009833667
6.0492630005,-0.0011851676,-0.0021715348,-0.0020949987,0.0048356848,0.0043720454,8.0566e-05
6.0595397949,-0.0022026487,-0.0050869472,-0.0030559448,-0.0004981998,0.0043532704,0.0043289736
6.0693130493,-0.0012795515,-0.0051382668,-0.001104429,-0.0047757691,0.0053977622,0.007515979
6.0793890953,-0.0003583319,-0.0013307517,-0.002096012,-0.0090042036,0.0010960246,0.0043291734
6.0894598961,-0.000390131,-0.0014000421,0.0007936212,-0.0036589727,6.77782e-05,0.0022037048
6.0998148918,-0.0004296191,0.0005271548,-0.0011487154,0.0058845975,0.0065236138,0.0032673047
6.1095948219,-0.0033916123,0.0025389905,-0.0020952967,0.0112607209,0.0022985085,-0.0009833667
6.1198320389,0.0004867129,0.0006834382,0.0008967969,0.0059220684,0.0022600924,7.85022e-05
6.129696846,0.0014670901,-0.0050907023,0.0028818103,0.0038266936,-0.0020510326,-0.0073557124
6.1400561333,-0.001447279,-0.0040537305,0.0009339902,0.0016859379,-0.0009745832,-0.0020451024
6.1499290466,-0.0004205294,-0.0060141273,0.0019029233,-0.0089326184,-0.0063797352,-0.0031069047
6.1599268913,0.0006012134,-0.0080413111,0.0028225037,-0.0099836877,-0.0074021891,0.0043260446
6.1700181961,-0.0003322251,-0.0003734117,0.0017635676,-0.0121088913,-0.0085026072,0.0011406374
6.1803479195,-0.001215864,0.0004780108,0.0007082078,-0.0121112876,-0.0085088657,7.81693e-05
6.1901369095,-0.0011386164,0.0003730769,-0.0032678393,-0.0067756437,-0.0084622605,7.68377e-05
6.2001991272,-0.0020405836,0.0003290588,-0.0052696015,-0.0035656029,-0.0095088165,-0.0020484314
6.2102708817,-5.98617e-05,-0.0016081219,-0.0033117679,0.0037780637,0.0033092448,0.001141503
6.2206139565,-0.0010558255,0.0022955949,-0.004283681,0.0027326392,0.0011208586,-0.0073520504
6.2303709984,-0.0049761422,-0.0025085395,-0.0013551858,0.0026708543,0.0075145755,-0.003101645
6.2404642105,-0.0040768571,0.001409095,-0.0032535938,0.0079515837,0.0129094748,0.0032687695
6.2506017685,-0.0032092221,0.0004924351,-0.0021926311,0.0047917431,0.0086236494,0.0011438333
6.260846138,-0.0003585704,-0.0033910458,0.0007646534,-0.000519027,0.0064964495,0.0075150467
6.2706441879,0.0005448572,-0.0053823777,0.0017615411,-0.0058365604,0.004286292,0.0011444989
6.2807817459,-0.000482101,-0.001573879,0.0036768767,-0.0089828987,-0.001025982,0.0043281084
6.2908010483,0.0024943464,-0.0026436334,0.0026554915,-0.0121454019,-0.0053464281,-0.0031058392
6.301156044,0.0006237738,-0.0037124341,0.0006360862,-0.0088815643,-0.0116910767,-0.0041719694
6.3109149933,-0.000230629,-0.0008382088,0.0024955722,-0.0077718263,-0.0159257688,-0.0041743661
6.3209991455,-0.0039897747,0.0010359103,0.0014179203,-0.0067366557,-0.0127334381,-0.0041730348
6.3310370445,-0.0058338232,0.002964061,-0.0005975512,0.0028035864,-0.0062835282,-0.0041722357
6.3414068222,-0.0047927387,0.0039714985,-0.0025344042,0.0038847765,-0.0073008556,0.0011362431
6.3511328697,-0.0047153719,-0.0008842832,-0.0044974829,-0.0024977559,-0.0094926376,-0.0009868288
6.3612298965,-0.004685957,8.81965e-05,-0.0054873968,0.0016766433,0.0001215076,0.0032639757
6.3713340759,-0.0047441907,8.93587e-05,-0.0035261062,0.0026926389,0.0054635424,0.0075135818
6.382437706,-0.0038632341,-0.0008508748,-0.0034640578,0.0016033798,0.0075480649,0.0032681702
6.3914451599,-0.0029710419,-0.0037596708,-0.0014753488,0.0026486702,0.0096724685,0.002207167
6.4015302658,-0.00207581,-0.0018228476,-0.0024204401,0.0026261667,0.0117664458,-0.0020386444
6.4115819931,-0.0021867044,0.0011217708,-0.0004325059,0.0047726743,0.0107448567,0.0011456973
6.4219312668,-0.0012732334,-0.0008104628,0.00059329,0.0037365984,0.0075457348,8.24303e-05
6.431704998,0.0006378405,-0.0036892181,0.0035425278,-0.001536727,0.0011123365,-0.0031048411
6.441781044,0.0006371848,-0.0037170236,0.0054836129,-0.0036581485,4.614e-05,-0.0009808368
6.4519381523,-0.0013001449,-0.0027349477,0.0044880365,-0.0015153689,-0.0010239179,-0.0052291108
6.4621772766,-0.0002537258,-0.000810135,0.0015404675,-0.0025011646,-0.0095269922,-0.0062961066
6.4720001221,-0.0011345334,-0.0018210297,0.0024642798,-0.0046455404,-0.0084777065,-0.0052332389
6.4820981026,-0.0029767342,-0.0028315668,0.001414046,-0.004630574,-0.0095473649,-0.006293843
6.4921040535,-0.0018847771,0.0039822869,-0.0034976152,0.0070987861,-0.0083630579,-0.003110833
6.5025200844,-0.0028195567,0.0069465749,-0.0054451372,0.0027748505,-0.0030660965,0.0011385735
6.5122756958,-0.0028362162,0.0030740912,-0.0044386531,0.0048377356,0.0044211145,0.0075125834
6.5223078728,5.3715e-05,-0.0007875448,-0.0073185111,0.010183285,0.0034069829,0.0075104525
6.5324749947,-0.0010044463,-0.0007762795,-0.0043578292,-0.0005428623,0.0085980166,0.004330372
6.5427408218,-0.0011007078,-0.0056779273,-0.0023886708,-0.0059292922,0.0138413142,0.0022120271
6.5525660515,-0.0012355335,-0.0037782078,-0.0004214791,-0.0027390914,0.0149233565,0.0011499585
6.5625667572,-0.0023342557,0.0001051838,0.0015549513,0.0005126288,0.0096331201,-0.000977774
6.5727000237,-0.0004454143,0.0010961706,0.0025631043,0.005901535,0.004374709,-0.0009817687
6.5830249786,0.0005214624,0.0011356587,0.003560886,0.0059412159,0.0001175129,-0.0031081699
6.5929327011,-0.0004258044,-0.0007452553,0.0055276011,0.0070738583,-0.0062184138,7.37751e-05
6.6042728424,-0.0003685839,-0.0006980484,0.0045494293,0.0039181989,-0.0104772747,0.0021967804
6.6132121086,-0.0002653189,-0.0055342205,0.0025849196,0.0028819628,-0.0136834532,7.18443e-05
6.6231460571,-8.83229e-05,-0.0045933314,0.0005678984,-0.0109166726,-0.0212385748,-0.0009902244
6.6335139275,8.89711e-05,-0.0076412447,0.0004393908,-0.02054107,-0.0191866104,0.0011368424
6.6430120468,-0.0026943274,-0.0038838272,-0.0016386656,-0.0066982517,-0.0158974063,-0.0009874947
6.6530060768,-0.0035606511,0.0019166584,-0.00559397,0.0039187055,-0.0105130272,-0.0031110994
6.663517952,-0.0034633167,7.5514e-06,-0.0036664156,0.0028719762,-0.0126511464,-0.0041738339
6.6731052399,-0.0023952313,-0.0018655246,-0.0046503688,0.0113008805,-0.0019873164,-0.0073560448
6.6831827164,-0.0082546957,0.0031372423,-0.0055910493,0.0186820459,0.0065600988,-0.0084165158
6.6932077408,-0.0063455291,0.0004079158,-0.005476966,0.0133160418,0.0097172763,-0.005228179
6.7037200928,-0.0015247352,-0.0033991819,-0.0015008596,0.0005420307,0.0064367945,-0.0031035091
6.7134447098,-0.0035665222,-0.0024238115,-0.000511184,-0.0016337717,0.0106760142,-0.0009772414
6.7234792709,-0.0016799755,0.0034106488,0.0014705511,0.002681002,0.0064893253,0.002205702
6.7336502075,0.0031588189,0.0044042878,0.0024931284,0.0027129594,0.0033063153,0.0022041041
6.743915081,0.0021515898,0.0005368406,0.0054325317,-0.0004132716,-0.0041559953,0.0011397719
6.753742218,0.0041641705,0.0005195552,0.0024778696,-0.0025145058,-0.0073437989,0.0032623112
6.7637729645,0.0032775514,-0.0005018002,0.0033993574,-0.0046064192,-0.0116348173,-0.0009858302
6.7738609314,-0.0005182512,-0.000553984,0.0004100057,-0.0056618312,-0.0126912929,0.0011375082
6.7841739655,0.0005837493,-0.0035307591,0.000333235,-0.0046101203,-0.0116406102,-0.0020487644
6.7940030098,-0.0032383092,-0.0035760587,-0.0016789583,-0.0067768684,-0.0084831659,-0.003108436
6.8041129112,-0.0051092394,-0.0016334241,-0.0046329047,0.0027963417,-0.0052379714,-0.0062937094
6.8141098022,-0.0060364194,0.0013293738,-0.0036696938,0.0049199471,-0.0041583255,-0.0062937094
6.8244318962,-0.0050430484,-0.0034732406,-0.0026838926,0.005922175,0.0022315965,-0.0041679079
6.8342518806,-0.0060515292,0.0014726932,-0.003600612,0.0133398771,0.0076157092,-0.0020435047
6.8443040848,-0.0031887479,0.0006328935,-0.0015676168,0.0112149939,0.0065294057,-0.0031055729
6.8543429375,0.0006533079,-0.0022322123,-0.002459958,0.0026571928,0.0085837683,-0.0020405753
6.8647270203,0.0006005578,-0.0041584857,-0.0004810241,-0.0037126355,0.0053302511,-0.0041634478
6.8745098114,-0.0003992505,-0.0031995063,-0.0014714148,-0.006872477,0.001044426,-0.0062883832
6.88458395,0.0015272312,-0.0071364827,0.0014510605,-0.0100936489,0.003180614,8.36953e-05
6.894654274,0.0005388968,-0.0043243356,0.0043250774,-0.0100611588,4.5281e-06,0.0011438996
6.9049968719,-0.0004023202,0.0024413581,0.0013487192,0.0006425371,-0.0031067764,-0.0020450358
6.9147648811,-0.0032806583,0.0063797049,0.000364289,0.0113228783,-0.004095342,-0.0052336389
6.9248480797,-0.0041827448,0.0026307518,-0.0025108603,0.0166542344,-0.0040472052,-0.0052365013
6.9349088669,-0.0021665879,-0.0001203006,-0.0024485139,0.0145306289,-0.0051268507,-0.0052365013
6.9452338219,-0.0021238513,-0.0029059832,-0.0004615334,0.0102677075,-0.005166132,-0.0052334392
6.9550132751,-0.0030701049,-0.0028138643,0.0005283806,0.004869746,0.0011740553,-0.0020435047
6.9651179314,-0.0011179931,-0.0037728732,0.0005450103,-0.0047117472,-0.0009967538,0.0032663725
6.9752669334,0.0018533878,-0.0068187006,-0.0024156717,-0.0185418092,-0.0053619407,0.0032677043
6.9857330322,0.0019035153,-0.0050465651,-0.0015537289,-0.0174560118,-0.0074665709,0.004327043
6.9955301285,0.0009604208,-0.0022910123,0.0012715909,-0.0142674092,-0.0064053009,7.95674e-05
7.0056109428,0.0010227375,0.0005146379,0.0012051318,-0.0068063242,-0.0052725924,0.0011405041
7.0156121254,0.0001134686,0.0005031938,0.0001970383,0.0017392281,-0.0062867235,-0.0031093683
7.0259847641,0.0002033226,0.0005873853,-0.0007778552,0.0092431363,-0.009405219,-0.003112098
7.035741806,0.0003076904,-0.0032004898,-0.00271143,0.0103294393,-0.0115456013,-0.0073606381
7.0457978249,0.000418704,-0.0089470036,0.0011812899,0.0039372938,-0.0126554072,-0.0062979711
7.0559048653,-0.0033600815,-0.0049844272,0.0001706931,0.0038819006,-0.0073780874,-0.0105425175
7.0662240982,-0.0042770095,0.0009125287,-0.0017911938,0.0038454691,-0.0030935938,-0.0041685072
7.0760140419,-0.0042122193,0.0048703663,-0.0037277488,0.011292466,-0.0009271121,-0.007354713
7.0860767365,-0.0071397312,0.0098577254,-0.0046762372,0.0165710375,0.0044472134,-0.0041699056
7.0961709023,-0.0062259324,0.0051536672,-0.0026239303,0.013349412,0.0065551056,-0.0020444365
7.1065268517,-0.0023772009,0.0023656006,-0.0005840805,0.0090543721,0.0096917767,-0.0031014453
7.1162719727,-0.0004695244,0.0014729614,0.0014238808,0.0058838781,0.0064669549,-0.0052258489
7.1263437271,0.0004916601,0.0015043134,0.0014437292,-0.0036570029,3.86166e-05,-0.0020420398
7.1364307404,0.0024667196,-0.0024213677,0.0014343711,-0.0079345712,0.0010831084,0.0011449649
7.1467909813,0.0014686994,0.0004064256,0.0013987873,-0.0068124766,-0.0041705091,0.007512317
7.1565446854,0.0005371384,0.0042230897,-0.0006073263,-0.0025136014,-0.0073370077,0.0043242467
7.1665949821,-0.0023608096,0.0032198543,-0.0006375459,0.0049361391,-0.005157277,0.0032622446
7.1766600609,-0.0023433454,0.0003729278,-0.0006147769,0.0134523958,-0.0029537778,0.0043229819
7.1870698929,-0.0033382364,-0.0004487818,-0.0015160587,0.0240478087,0.0045669228,0.0043235812
7.1969060898,-0.0034077056,-0.0032110696,-0.001406565,0.0154868113,0.00657974,-0.000982235
7.2069311142,-0.0034728833,-0.0089363046,-0.0013201382,0.0080069769,0.0075823534,8.20309e-05
7.2170090675,-0.0025488921,-0.0059828348,-0.0022528318,-0.0005439008,0.0085272426,-0.00628612
7.2273702621,-0.0026267953,-0.0050277598,-0.0002997068,-0.0037635295,0.0106486501,-0.0020367135
7.2372899055,-0.0017335303,0.0017652328,-0.0012581494,0.0026099477,0.013922208,0.0032722983
7.2472019196,-0.0008499809,0.003723603,0.000734553,0.0037599811,0.0054158717,-0.0009795051
7.2574472427,-0.0018577464,0.0028110261,-0.0002083328,0.0080279633,0.0054462319,-0.0020423727
7.2676382065,-0.0009065159,0.0009479636,0.0017875882,0.0080760866,0.0012215928,0.0011423019
7.2774772644,0.0020215623,-0.0009016877,0.0037953111,0.0091533354,0.0001629863,7.97007e-05
7.2874708176,0.0040293746,-0.0017936414,0.0028555247,0.0060005514,-0.005168329,7.61719e-05
7.2975749969,0.0031151585,-0.0037161594,-8.52493e-05,-0.0014251405,-0.009456818,0.0032613126
7.3082790375,0.0022384338,-0.0027529185,0.0008461925,-0.0014151009,-0.0105531747,-0.0020474994
7.3176212311,-0.0005847402,-0.0018320566,-0.0021584777,-0.002460923,-0.0126845017,-0.0020482983
7.3278217316,-0.0014821775,-0.0018348878,-0.00121434,0.0017245272,-0.0041386178,0.0011405041
7.3399610519,-0.0024397559,0.0001223797,-0.0021898893,0.0070383325,-0.0019769301,7.84355e-05
7.3482570648,-0.0024720617,0.0030957873,-0.0021665243,0.010139104,0.0076230997,0.0032655736
7.3587799072,-0.0035489388,0.0012517388,-0.0011153368,0.0122595131,0.0086611994,-0.0031052404
7.3680362701,-0.0036172159,0.0003568048,-0.0010526327,0.0111977104,0.00867132,8.17645e-05
7.4010100365,-0.0017343052,-0.0015103107,-0.0009727624,0.0058530122,0.0097064907,0.0032690358
7.4011130333,-0.0008715875,-0.0024491136,0.0020055624,0.0015855897,0.0096759312,0.0043321028
7.4011440277,0.0020286255,-0.0034402197,0.0020320865,-0.0015108678,-0.0009828389,0.0011421688
7.4164552689,0.0020446591,-0.002512384,0.0020044299,-0.006805419,-0.0052658012,0.0022024396
7.4194908142,0.0030688457,-0.0025893336,0.000975475,-0.0078405896,-0.0084581319,0.002201108
7.4286589622,0.0012048893,-0.0026688462,0.0009054992,-0.0056623351,-0.0127053419,-0.0009858968
7.4384212494,-0.0006253608,-0.0007731801,-0.0011297611,-0.004550999,-0.0169192608,0.0021971134
7.4483280182,-0.0034624226,-0.0017640775,-0.0011785177,0.0007407283,-0.0126281762,0.0021974463
7.4584140778,-0.0033543296,-0.0007606631,-0.0012246517,0.0071099442,-0.0094100125,-0.0009879607
7.4687008858,-0.0032708831,-0.00070234,-0.0041337158,0.0081137428,-0.003041995,-0.0020464342
7.4785680771,-0.0042310841,-0.0016099697,-0.0031333712,0.0091505116,0.0001711089,0.0011403045
7.4886007309,-0.003294576,-0.000550974,-0.0030814556,0.0090728272,0.0075850161,-0.0009803041
7.4987201691,-0.0033891387,0.0005120451,-0.0010745075,0.0101628583,0.0054931035,0.0022037714
7.5090141296,-0.0024858005,0.0005876833,-0.0029443649,0.0090118144,0.0139713436,0.0022087647
7.5188450813,-0.0006635971,0.0006370062,-0.0018946675,0.0079462845,0.0139827952,0.0053944383
7.5288538933,-0.000761915,0.0026292617,-0.0018321422,0.0101405149,0.0075941375,-0.0009803707
7.5390062332,-0.0027843602,0.0037310238,0.0001751038,0.0133520216,0.0065541733,-0.0020435045
7.5492711067,-0.0008598454,0.0028332288,0.0021739455,0.0048836749,0.0001332255,0.001141969
7.5591220856,0.0001078956,-0.0048954673,0.0061088656,0.0006061057,0.0011777172,0.0043289736
7.5691208839,0.0001118891,-0.0020117646,0.0031708332,-0.001457978,-0.0062877219,0.0011393725
7.5792069435,-0.0008196421,-0.0040181167,0.0011767599,-0.007879924,-0.0041939449,0.0053892452
7.589550972,-0.0007705875,-0.0051287301,0.001098797,-0.0174503922,-0.0074756923,0.0032674377
7.5994958878,-0.0017253049,-0.0043269284,0.001990244,-0.016414158,-0.0042695124,0.005392374
7.6095628738,-0.0026971288,0.0013810808,-0.0039112116,-0.0046910541,-0.0031043128,0.005388313
7.6196651459,-0.0017033704,0.0033220167,-0.0029467491,0.0049099075,-0.0030619688,-0.0009848981
7.6299519539,-0.0007306226,0.0004750902,-0.003892198,0.0134066958,0.0012699957,0.0011391727
7.6397571564,-0.0007434972,-0.0022905355,-0.0038067249,0.0187391434,0.0012750558,-0.005232973
7.6498327255,-0.0017317124,-0.0021113937,-0.0017858889,0.0154948533,0.005469867,-0.0084149837
7.6599607468,-0.0007961877,-0.0049020834,-0.0017003563,0.0037372643,0.0075170388,-0.0041637802
7.6702370644,0.0001105778,-0.0068301149,-0.0006920245,-0.0080138808,0.008483367,-0.0030994478
7.6803388596,-0.0009415038,-0.0029821878,0.0002741668,-0.0090698237,0.0074199671,-0.0020379119
7.6903057098,-0.0029406436,0.0018087442,0.0012267086,-0.0015606154,0.0043280371,0.0022076995
7.7003631592,-0.0039263852,0.0076441281,0.0002413842,0.005939113,0.0011825775,-0.002042972
7.7105240822,-0.0029766746,0.0125737004,0.0012556168,0.0112738768,0.0012650689,0.003263443
7.7203798294,-0.0010168739,0.0058524422,0.0003344867,0.0081129707,-0.0030346045,-0.0009850978
7.730345726,-0.0010232814,7.05535e-05,0.0052276705,0.0027713357,-0.0019720702,0.0064497152
7.7404408455,0.0019190125,-0.0028544848,0.0013550374,-0.0004076799,-0.0041081915,0.0085730543
7.7507772446,0.0029033534,-0.0058459826,0.0003570172,-0.0110557964,-0.0063240742,0.0085753174
7.7606258392,0.001943063,-0.0099125393,-0.0026339439,-0.019582171,-0.0074596461,0.0085769156
7.7706270218,0.0029503219,-0.0052237101,-0.0017629412,-0.0131834773,-0.0074093798,0.00751225
7.7807359695,-0.000920821,0.0005203897,-0.0028209237,-0.0036357781,-0.0020620183,0.0011417026
7.7910580635,-0.002861578,-0.0024024432,-0.0028295068,0.0070274933,-0.0009158605,7.89016e-05
7.8008899689,-0.0018825419,-0.0043106861,-0.0047487165,0.0070274933,-0.0009158605,7.89016e-05
7.8109021187,-0.002858419,-0.006179709,-0.0047188546,0.0102083459,0.0012267194,-0.0009821684
7.8209791183,-0.0018667765,-0.0060924478,-0.0037100462,0.007005895,0.0011849077,-0.0031049741
7.8313016891,-0.0008867271,-0.0021835153,0.0001814815,-0.0036475761,-0.0010432927,-0.0052278466
7.8410997391,-0.0018435903,-0.0031861549,0.0021087381,-0.0068585491,3.5961e-06,-0.0031029102
7.8511929512,-0.001831878,0.0026244337,0.0011043403,0.0016681477,0.0011532827,-0.0009811695
7.8612351418,-0.0037755556,0.0085139684,0.0011119101,0.0123506198,0.000192414,7.7437e-05
7.8715791702,-0.0047466941,0.0086230747,-0.0007956174,0.0134184668,0.0002085927,0.0011390394
7.8813948631,-0.0037659295,0.0067767911,0.0002193305,0.005939512,0.0012251214,0.0043268432
7.8914489746,-0.0018152781,0.0009756202,0.0031773897,-0.0004308494,-0.0020353198,0.0011421687
7.9015641212,0.0001510494,-0.0029204672,0.0022086354,-0.0004079463,-0.004136554,0.0043265102
7.9118299484,-0.0008202381,-0.0029756313,0.0002293441,-0.0100248866,-0.0031373359,0.0075135157
7.9216842651,-0.0008142181,-0.005063016,-0.0007870939,-0.0142688993,-0.0052550817,0.0138843292
7.9317007065,-0.0018098839,-0.0032789593,-0.0028000025,-0.0078765675,-0.0041453429,0.0128217284
7.9418101311,-0.0027982481,-0.0014383083,-0.0048062946,-0.0036314894,-0.0020137483,0.0085745184
7.952103138,-0.0028707869,0.0004661197,-0.0047924067,0.0037430422,0.0076145772,0.0107008526
7.9618940353,-0.0029733069,-0.0014202779,-0.0037529615,0.013285948,0.0128996205,-0.0052259155
7.9719600677,-0.0050134249,-0.0002666896,-0.0046178247,0.023966182,0.0119395507,-0.0041681076
7.9820299149,-0.002194155,-0.0029737537,0.0003864023,0.014329535,0.0150317475,-0.0052259155
7.992398262,-0.001301039,-0.0077302344,0.001459584,0.0058400962,0.0107256155,-0.003100913
8.0040178299,-0.0023476966,-0.0047417171,0.0015041681,0.0080068437,0.0075681722,-0.0020412407
8.0121860504,0.0005465262,-0.0017729884,0.0034882876,-0.0004741782,0.0022018359,8.24303e-05
8.0225868225,0.0015413873,0.0001097137,0.0015098902,-0.0089675328,-0.0021028975,0.002206035
8.0332069397,0.001565706,-0.0009231752,0.0024456235,-0.0046590697,-0.006294447,0.0043251123
8.0431337357,0.0025715046,0.0028755183,0.0004473779,-0.0057144798,-0.0073509235,0.0064484505
8.0531635284,0.0026346855,0.0008748287,-0.000559583,-0.0025130687,-0.0073300833,0.0053860489
8.0629587173,0.0036419742,-0.0020719951,-0.0015471128,-0.0014683111,-0.0052126041,0.0032632432
8.0729160309,0.0027486794,0.000837099,-0.0035445837,-0.0003565997,-0.0094764587,-0.0009848981
8.0825681686,-0.0001323409,-0.0020684784,-0.0035658029,0.0006460799,-0.0031080414,-0.0020437709
8.0926113129,-0.0020876415,-0.0020495837,-0.0025953797,0.0038148146,0.0001387515,0.0032648414
8.1027517319,-0.0030993111,-0.0020166819,-0.0025671867,0.0069842427,0.0033497247,0.0032656402
8.1130161285,-0.0021698959,-0.0019819622,-0.001556888,0.004852809,0.0033229601,0.0022055688
8.1226406097,-0.0032060333,-0.0019521599,0.000426695,0.002674344,0.0075275586,-0.0009771748
8.132648468,-0.0042433031,-0.0009652859,0.001416311,0.0016386406,0.004328303,-0.0020403087
8.1428041458,-0.001350034,-0.0028671806,0.0024381729,0.0048378957,0.0043285694,-0.006288317
8.1534690857,0.0006015114,-0.0028148179,0.0024769756,0.0038037635,0.0011572109,-0.0031044413
8.1631040573,0.0006583743,-0.0008454805,0.0043996428,-0.0046405876,-0.0085079335,-0.009477918
8.1731452942,-0.0002142973,-0.0028330272,0.0033671709,-0.0067522349,-0.0105992472,-0.0020467003
8.1831550598,-0.0010935254,0.0029831345,0.0013549778,0.0028540539,-0.0104876608,0.0021981122
8.1935739517,-0.0019616969,0.001062494,0.0003652427,0.0039454708,-0.0126014119,0.0021978458
8.2033786774,-0.0008849092,-0.0008972472,-0.0025855449,-0.0003747093,-0.007312906,0.0053869812
8.2133979797,-0.0027987845,-0.0009192115,-0.0045789625,0.0017484957,-0.0062260036,0.0064484505
8.223490715,-0.0047291704,0.0010364468,-0.0065332199,0.0059733344,-0.0019585541,0.0043259114
8.2337989807,-0.0037863441,8.45904e-05,-0.0055325772,0.0048368564,0.0044071991,0.005389045
8.2436647415,-0.0019098409,-0.0018394177,-0.0035346893,0.0005465038,0.0064849979,0.0043293731
8.2536735535,-0.0020029731,-0.0037923937,-0.0015515235,-0.0005587079,0.010703844,0.0022101628
8.2639579773,-0.0001231916,-0.0018488353,-0.000543609,0.0016165618,0.0064577004,-0.0009779073
8.274230957,0.0008002035,-0.0008793658,0.0023759457,-0.0058002882,0.0010946265,8.28299e-05
8.2841014862,0.0017665736,-0.0038546806,0.0052830433,-0.0057683289,-0.0020883835,8.12319e-05
8.2941102982,-0.000141073,0.0009952898,0.0033110233,0.0017773639,-0.0094790552,-0.0041703717
8.30423069,-0.0019920059,0.0039830618,0.0003579709,0.0124593033,-0.0104468483,-0.0041735671
8.3145084381,-0.0028755553,0.0050819032,0.0013580177,0.0188373867,-0.0082605919,-0.0031136959
8.3243112564,-0.0027871914,0.0052784197,-0.0005380061,0.023074476,-0.0050333738,-0.0020513609
8.3343648911,-0.0037056692,0.0005943591,-0.0014420893,0.0145408297,-0.0051162643,-0.0031096344
8.3444423676,-0.0007401593,-0.0032092219,-0.001409426,-0.0003968403,-0.0052190628,0.0011413031
8.3548355103,-0.0017146058,-0.0061904378,0.0014843199,-0.0121779731,-0.0010490848,0.0053927735
8.3645763397,-0.0037235804,-0.004375238,-0.0014922168,-0.0079802973,0.0064636925,0.012828053
8.3746318817,-0.002805341,0.0013735706,-0.0024747995,-0.0026275571,0.0043684505,0.0096393172
8.3847026825,-0.0028574057,0.0062082522,-0.0015072969,0.0037837364,0.0033356766,0.0053899772
8.3951263428,-0.0029089637,0.0043192916,-0.0024355797,0.0155127775,0.0045058695,0.0064496486
8.4048347473,-0.0009920783,0.0034841115,-0.0013678219,0.0219347235,0.0024120924,0.0021997765
8.4149074554,-4.26359e-05,-0.002156425,-0.0002831367,0.0219274797,0.0034576494,7.83025e-05
8.4249792099,-0.0020174868,-0.0048962124,-0.0002044585,0.0187575202,0.0002397518,-0.0009842989
8.4353742599,-0.0010287352,-0.0047510751,-0.0011165288,0.0155411661,0.0012814474,7.71041e-05
8.4454126358,-2.59168e-05,-0.0065908022,-0.0010688452,0.003854949,-0.0041399496,-0.0020462342
8.4553060532,0.0009871833,-0.0075741597,-0.0001095679,-0.0036019823,-0.0052385703,0.0022023732
8.4654111862,0.0010012202,-0.0057031102,-0.0011274364,-0.0079019209,-0.0020859202,0.0032668386
8.4757080078,2.84426e-05,-0.0018807536,-0.0011674311,-0.00258849,7.59009e-05,0.0022046368
8.4853925705,-0.0009383745,3.1125e-05,-0.0031356958,-0.0025911536,4.12797e-05,-0.0031043745
8.4955329895,-0.0009184666,-0.0009252614,-0.0021648554,0.0006077029,4.88032e-05,-0.0062909136
8.505531311,-0.001882989,0.0010946805,-0.0002026108,0.0069790496,0.003294664,-0.0052291108
8.515873909,-0.000931818,0.0001837725,0.001783118,0.0038015265,0.0011580097,-0.0031052404
8.5256633759,-0.0008965619,-0.0017219966,-0.0001419929,0.0027551698,-0.0009802422,-0.0041678417
8.5357036591,-0.0018703826,-0.0026709919,-0.0020841507,-0.0004190784,-0.003096723,0.0011420356
8.5457878113,0.0001348369,-0.002691794,-0.0021137146,-0.0078687388,-0.0052978257,-0.0009807702
8.5561294556,0.0001601093,0.0001596326,-0.0011811998,-0.0121614076,-0.0031978565,0.0011435669
8.5659208298,0.0001831167,-0.000925619,-0.0002610233,-0.0100479238,-0.0010502834,0.0022059018
8.5760202408,0.000151854,0.001932245,-0.0012651829,-0.0004405165,-0.0009390963,0.0064511136
8.5860805511,0.0001644306,0.0038691575,-0.0041790153,0.0038684774,-0.005173523,0.0022007087
8.5964212418,-0.0007655211,-0.002931494,-0.0032246856,-0.0003446685,-0.0105308043,7.66381e-05
8.6061906815,-0.0007331558,-0.0039240308,0.0006491992,-0.004675501,-0.0041812952,0.0032663061
8.6162233353,-0.0007250197,-0.0049130209,0.0006339404,-0.0004509557,0.0001147164,0.0053901104
8.6263208389,0.0012527518,-0.0030057614,0.0006168935,-0.0057578366,-0.0031564443,-0.00098097
8.6366586685,0.0002887361,-0.005019594,0.0015493485,-0.010045154,-0.0010441581,0.0032685031
8.6464977264,-0.002602566,-0.000255931,-0.0004727987,-0.0089274254,-0.0063744755,-0.0020434381
8.6564912796,-0.0045024045,0.003623199,-0.0005141643,0.0049103862,-0.0030905975,-0.0052311756
8.6666202545,-0.0054289587,0.004673522,0.0014362189,0.0091789011,-0.0030533134,-0.0052322405
8.6769199371,-0.0053837188,0.0067057423,-0.0004936007,0.0091690477,-0.0020068241,-0.0073546465
8.6867418289,-0.0044141598,0.0038924927,-0.0014013795,0.0133784404,0.0044587981,0.0022037048
8.6968011856,-0.0054284818,0.0030426795,-0.0013379004,0.0123205259,0.0033747584,7.97005e-05
8.7068777084,-0.00450157,-0.0017796045,-0.0042070295,0.0026774863,0.0075833518,0.0075168442
8.7172298431,-0.0016551204,-0.0027903204,-0.0022208241,-0.004779364,0.0064633596,0.0085806437
8.7270078659,0.0001759641,-0.0058153756,-0.0031823663,-0.0112013118,0.0085571371,0.0128305163
8.737077713,0.0010206513,-0.0030198877,-0.0022210029,-0.0048364112,0.0117839566,0.0107051805
8.7471084595,0.0008965246,-0.0001381522,-0.001216605,0.0005072216,0.0107349372,0.0053943051
8.7574615479,-0.0001608915,-0.0001357084,-0.0011837629,0.0058742375,0.0075560547,-0.0009785066
8.7672872543,-0.001210887,-0.0029806977,-0.0001480725,0.0058422796,0.0107390648,-0.0009769087
8.7773427963,-0.000268627,-0.0009832268,0.0027931782,0.0005887421,0.0021415153,-0.01053546
8.7874193192,-0.0002423711,-0.0058205016,0.002811298,0.0006009927,0.0011012845,-0.0073505854
8.797785759,-0.0002364106,-0.0009162014,0.0018331858,0.0005902871,0.0021765358,-0.0052268477
8.8075428009,-0.001169581,8.36665e-05,0.0008623454,-0.0004454162,-0.0010227195,-0.0062899813
8.8176107407,-0.0021304674,9.64219e-05,0.0008557889,-0.0004427535,-0.0009880986,-0.00098097
8.8276557922,-0.0001304932,0.0010430331,-0.0001462844,-0.0046675922,-0.0052555478,0.0011415695
8.8379888535,-0.0010717995,1.04124e-05,-0.0021157411,-0.0025335206,-0.0052368389,0.0011409703
8.8479223251,0.0009099953,-0.0009742564,-0.0021371988,-0.0025340533,-0.0052437633,7.91679e-05
8.8580770493,0.0009127371,-0.0029650813,-0.0031160263,-0.0047067394,-0.0009914276,0.0043297727
8.8681468964,0.0009115152,-0.0010532623,-0.0031488088,-0.0014739288,-0.0041533988,0.0032655736
8.878288269,-7.60443e-05,-0.0010767465,-0.0021782068,0.0016660178,0.0022752725,0.0085769156
8.8879985809,-0.0030493326,0.000848096,-0.0021820215,0.0027406039,0.0011820449,0.0022053027
8.8980369568,-0.0021212287,-0.0010677462,-0.0002002862,0.005887927,0.0065295389,0.0043301056
8.908246994,-0.0031453855,-0.0010205989,0.0008095357,0.0059486469,0.0001219735,-0.002043904
8.9186296463,-0.003158588,-0.0019264703,0.0018154237,0.0059392722,0.0011896349,-0.0009813027
8.9281711578,-0.0021833964,6.4742e-05,0.0018392655,0.0059600449,-0.0009392961,-0.0020441704
8.9383220673,-0.002168376,0.0011176879,0.001866624,0.0070180125,0.0001304958,-0.0020433713
8.9484443665,0.0017855577,0.0001812989,0.0018866513,0.0006706342,-0.0052027507,0.0022027725
8.9589195251,0.0008405261,-0.0037399416,0.0018544648,-0.0078639174,-0.0052426313,0.0075138481
8.968375206,0.0028128736,-0.0038447862,0.0008466098,-0.0057301922,-0.0052309134,0.0064515132
8.9787549973,-6.45406e-05,-0.0020200794,-0.0002151278,-0.0099502914,-0.0105714835,0.0064481841
8.9888505936,1.61044e-05,-0.0040887482,-0.0012804416,-0.0142411776,-0.0085006095,0.0043267105
8.9991521835,-0.0018719025,-0.0032323187,-0.0023284105,-0.0089157866,-0.0074002575,0.0032644419
9.0101661682,-0.0028293021,0.0016038532,-0.0023648886,0.0049030893,-0.0019809918,0.0022018405
9.0190753937,-0.0047739334,0.0006932432,-0.0042925621,0.0112954751,-0.0008855003,-0.000983966
9.0290966034,-0.0038019009,0.0007876867,-0.0032730249,0.007005123,0.0011922979,-0.0020436377
9.0393877029,-0.0028574653,-0.0020576899,-0.0032150296,0.0080187749,0.0065138265,-0.0009797049
9.0492858887,-0.0019369908,-0.0029920524,-0.0012281087,-0.0026413258,0.0053665368,8.4228e-05
9.0590295792,-0.0010045953,-0.0020355468,0.0007123801,-0.0058203964,0.003194862,-0.003100513
9.0691661835,-0.0029912479,-0.0001414304,0.0007064196,-0.0047836276,0.0064079659,8.62253e-05
9.0794296265,0.0009010248,0.0037395472,0.0007135722,0.0016730735,0.0011799809,0.0032670384
9.0894584656,0.0009028129,0.0037197287,-0.0002723482,-0.0004510637,9.34112e-05,0.0022052359
9.0997209549,-4.96395e-05,0.0037227089,-0.0012504008,0.0049462318,-0.0062180804,0.0032615124
9.1094551086,-1.08071e-05,0.003780287,-0.0002706793,0.0070682387,-0.0051592076,7.61054e-05
9.1200122833,6.4485e-06,0.0028808827,-0.0002437976,0.009184707,-0.0030127,0.0011395055
9.1294927597,-0.0009726174,2.57308e-05,-0.0011935381,0.0048842337,0.0001330257,0.0011421688
9.1395454407,-0.001963038,-0.0028924232,-0.0021443514,-0.000464485,0.0011482892,0.0011431674
9.1496982574,-0.0020006783,-0.0009404903,-0.0031066684,0.0005722838,0.0043613929,0.0043299058
9.1599578857,-0.0059572645,-0.0019329374,-0.0031090525,-0.0015631458,0.0043075974,-0.0009780405
9.1698083878,-0.0030776449,-0.0009788757,-0.0011460928,-0.0026515797,0.0064202831,-0.000976709
9.1798458099,-0.0011949427,-0.0048804171,0.0027706476,-0.0015962487,0.0074981311,8.47606e-05
9.1898822784,-0.0022507198,-0.0039635189,0.0008292648,-0.0047859168,0.0064230124,0.0022086315
9.2002077103,-0.0003494509,-0.0030628627,0.0027696344,-0.0090070544,0.0021613557,0.0053941053
9.2100315094,-0.0003361888,-0.0040998943,-0.0001703647,-0.0036213445,-0.0031386013,-0.0009807036
9.220161438,-0.0022631474,0.0007377082,-0.0021554378,-0.0004457105,-0.0009941573,-0.0020436377
9.230050087,-0.0002609082,-0.0031316762,-0.0002035645,-0.0025080629,-0.008474444,-0.0073558446
9.2405443192,0.0007950477,-0.0041251965,0.0007343742,-0.0025377031,-0.0052638035,-0.0031069715
9.2502975464,-0.0021131225,-0.000210393,-0.0012320426,0.0070030713,0.0011930304,-0.0020443699
9.2602968216,-0.0011199601,0.001803648,-0.0021819023,0.0070163868,0.000116847,-0.0041671759
9.2704200745,-0.0030427463,-5.53315e-05,-0.0011828687,0.0038134027,6.81111e-05,-0.007351784
9.2808256149,-0.0020584352,-0.0049097724,-0.000194445,-0.0057798084,-0.0010555431,-0.0041649789
9.2904520035,-0.0010817237,-0.0039809532,0.0017225596,-0.0068554599,2.38363e-05,8.30295e-05
9.3006982803,-0.0011044629,-0.0030661707,0.0017045591,-0.0068657929,0.0010989541,0.0022069004
9.3106937408,0.0008745901,-0.0031611209,0.0006976578,-0.015350624,-0.0042944793,8.27631e-05
9.3209972382,0.0019014291,-0.0042838342,-0.0003471521,-0.0163937584,-0.0063983104,0.0043293731
9.3308420181,0.0009921305,-0.0024734323,-0.003374174,-0.0099606253,-0.0095461663,0.0011407705
9.3409366608,0.0010875575,0.0023150856,-0.0034335998,-0.0046227733,-0.0094932364,0.0022018405
9.3509378433,0.000174623,0.001311254,-0.0005687621,-0.0035780137,-0.0073757572,7.90348e-05
9.3613471985,-0.0027654357,0.0032536502,-0.0015545038,0.0059292316,0.0022859916,0.0043275091
9.3710889816,-0.0038083382,0.0023388381,-0.0063690091,0.0069755879,0.0044242437,0.0053901104
9.3810977936,-0.0019051917,-0.0034897809,-0.0043808366,-0.0015374999,0.0022196125,0.0043305052
9.3912296295,0.0009715073,-0.0074668415,-0.0034057645,-0.0132743167,0.0021378533,0.0075188414
9.4016513824,0.0009058528,-0.0066265352,0.0023919197,-0.0164576471,-3.9414e-05,0.0032709665
9.4113197327,0.0018667988,-0.005818475,0.0033010098,-0.0175263733,-6.95076e-05,8.58258e-05
9.4214029312,0.0019157045,-0.0040410645,0.0022350403,-0.0195427053,-0.0117594535,8.07659e-05
9.4315052032,0.0010484271,-0.0012562459,0.0040664528,-0.0152757885,-0.011742942,-0.0031057065
9.4418029785,-0.0027347095,0.0035282488,0.0029812905,-0.0056517376,-0.0138018969,-0.0062945089
9.4515666962,-0.0015923865,0.0054628067,0.0019532891,-0.0013523307,-0.0169614721,-0.0084207766
9.4616918564,-0.0033811219,0.0035529847,0.000924215,-0.0014080163,-0.0116555896,-0.0084189782
9.4719200134,-0.0042825527,-0.0003328806,-0.0010562685,-0.0004442185,-0.00099469,-0.0020431052
9.4822235107,-0.0052159615,0.0016291554,-0.0049562599,0.0038480507,-0.0030874019,-0.0031059724
9.492108345,-0.0052016564,0.0026351328,-0.0059255506,-0.0026165061,0.0032503889,0.0011460304
9.502117157,-0.0032981522,-0.0003471559,-0.0059138085,-0.0047679404,0.0053949659,0.0075187753
9.5122470856,-0.0023924895,0.0025147612,-0.005915537,-0.0026352806,0.0053928355,0.0043328353
9.522518158,-0.0024531968,0.0024958963,-0.0039467956,0.001609291,0.0075601824,0.005393506
9.5323781967,-0.0006050058,0.0025030489,-0.0019492056,0.0058580977,0.0097402455,0.0085789133
9.5423736572,0.0002636723,0.0015859718,-0.0009107736,0.0111889746,0.009767211,0.0053910427
9.552482605,-0.0017712899,0.0006855244,0.0010799023,0.0080509726,0.0033663032,0.0043268432
9.5627632141,-0.0008360334,-0.0022025292,0.0001531097,0.0037643742,0.0054356456,0.0022069006
9.5726394653,-0.0018562265,-0.0041201003,0.0031021687,-0.0015622135,0.0043072645,-0.0009777076
9.5826416016,-0.0008838065,-0.0070490129,0.0040740226,-0.0025658254,-0.0020608199,8.08324e-05
9.5927610397,0.0011177771,-0.003169555,0.002118692,-0.0025365315,-0.0052784509,-0.0052297772
9.6030788422,-0.0017538555,-0.0031750982,0.003054783,-0.0047120415,-0.0010677937,-0.0073498529
9.6129188538,-0.0007498749,-0.0051794834,0.0010683986,-0.0078894589,-0.0031831427,-0.002041108
9.6229076385,-0.0006764121,-0.0003431624,-0.000921264,-0.002550113,-0.0042306306,-0.0073535154
9.6329936981,-0.0025781877,0.0006444568,-0.0038596538,0.0006310325,-0.0020668118,-0.005229644
9.6433086395,0.0013850741,0.0016324932,-0.0048256661,0.0038565733,-0.004126301,7.75701e-05
9.6531438828,0.0004001968,-0.0002529805,-0.0009212044,0.0070052291,0.0012136032,0.0011412366
9.6632480621,-0.0005963631,0.0007327909,-0.0018791702,0.0016506771,0.0032952633,0.0022061015
9.6733131409,0.000356447,-0.0031702404,-0.0028363613,-0.0036412906,-0.0009815071,0.0043289075
9.6835680008,-0.000645835,-0.0051791258,6.62658e-05,-0.0089767482,-0.001028179,0.0043303054
9.6934080124,-0.0006662793,-0.0033219045,0.0019702765,-0.0090087056,0.0021548311,0.0043319035
9.7034645081,-0.0006899126,0.0014537687,0.0009693953,-0.0089650815,-0.0021108873,0.0011452979
9.7135181427,-0.0006663688,0.0004195387,0.001904771,-0.0078878338,-0.0031694937,8.26967e-05
9.7239360809,-0.0006183274,-0.0025782769,-9.71106e-05,-0.0067731673,-0.008477373,-0.002045502
9.7351713181,0.0014154725,0.0012895281,-0.0001330522,0.0017430894,-0.0062738741,-0.000984765
9.7471818924,0.0004948787,-0.0006432718,0.0008176419,-0.0024824431,-0.0105553046,-0.000985697
9.7538642883,-0.0003641732,-0.0065137632,0.0007683489,-0.0067078145,-0.0148296785,7.504e-05
9.7643213272,-0.0002549775,-0.0056282766,-0.0002845076,-0.008873364,-0.0116442051,0.0032622446
9.7808227539,-0.002125103,-0.0028180366,-0.0013547685,-0.0131743681,-0.008505404,0.0022031055
9.7884283066,-0.0030284412,-0.0029430573,-0.001438513,-0.0110373162,-0.0084877601,0.0022035716
9.7998390198,-0.0049104281,0.0008483047,-0.0044424678,-0.0036094934,-0.0041715745,0.0032656402
9.8047447205,-0.0049155243,0.0057066791,-0.0034831909,0.0037801135,0.0033085125,0.0011422352
9.8142242432,-0.0020079203,0.0038233812,-0.0034352688,0.0059138383,0.0033202304,7.99003e-05
9.8242731094,-0.0010853596,0.0038892145,-0.0024085192,0.0080421027,0.0043982114,8.15648e-05
9.8345499039,-0.003086824,6.31625e-05,-0.0013904122,0.0059286184,0.0022506383,-0.0009807702
9.8446922302,-0.0001906045,-0.0037777012,0.0015830252,-0.0004852852,0.0032843442,0.0032676377
9.8543920517,0.0017593913,-0.0048108287,0.0035059305,-0.0164293647,-0.0032353404,0.0011448319
9.8645782471,0.0018037669,-0.0059607811,0.0043888544,-0.0227722153,-0.0085844323,0.0032693685
9.8744249344,0.0008978657,-0.0012750214,0.0023347589,-0.012090276,-0.0095522255,0.0032661727
9.8848028183,0.001000654,0.0015515501,0.0012637231,-0.005665319,-0.0127042765,-0.0009869621
9.8945989609,0.0001669638,0.0015373344,0.0002244565,-0.0013557924,-0.0169317778,-0.0041755652
9.9047031403,-0.0035827048,0.0025568719,-0.0008102802,0.006095998,-0.0147527792,-0.0052368343
9.9147377014,-0.0044146962,-0.0003045088,-0.0017987635,0.0050059659,-0.0126608666,-0.0084209098
9.925122261,-0.0052680857,-0.0021908169,-0.0008483079,0.0017705727,-0.0095050875,-0.0084192455
9.9349718094,-0.0041981824,-0.0021746045,-0.0028312353,-0.0036055502,-0.0052799825,-0.0041685738
9.9448900223,-0.0041638501,-0.0032066887,-0.0038305072,-0.01109388,-0.0031957927,8.18311e-05
9.9549655914,-0.0041705556,-0.0023055857,-0.0038695482,-0.0058115004,0.0021558297,8.31627e-05
9.9653434753,-0.0031959303,0.0044806413,-0.0048477794,-0.0004764162,0.0022026347,8.16315e-05
9.9751272202,-0.0002897568,0.0015757794,-0.0038424281,0.0017015161,-0.0020088882,0.0022025728
9.9851551056,-0.0003266819,0.0026109035,7.61601e-05,0.0091287009,0.0022790674,-0.0009820352
9.9952688217,-0.0023043938,0.001727652,-0.0008496788,0.0123322168,0.0023347274,0.003264375
10.0056028366,0.0016182177,-0.0030387824,-0.0017517951,0.0123841213,-0.0030053766,-0.0020468335
10.0154132843,0.0006569736,-0.0019661372,-0.000754371,0.0081172045,-0.003021888,0.0011396387
10.0254497528,-0.0022540279,-0.0048450418,-0.0017287878,-0.0036339946,-0.002091113,-0.0031041084
10.0356082916,-0.0022151656,-0.0068515427,0.0001788589,-0.0131939426,-0.0063982438,8.15648e-05
10.0460395813,-0.0012096651,-0.0050389953,0.002058849,-0.0142980618,-0.0021228716,0.0064556412
10.0556964874,-0.0031963475,-0.0032297557,4.71923e-05,-0.0090050297,0.0021677474,0.0064564403
10.0657300949,-0.0032209642,-0.0014043336,-0.0019456294,-0.0143388612,0.0010348387,0.0022076329
10.0758066177,-0.0022446997,-0.0044408329,-3.07706e-05,-0.0111497259,0.0021030325,-0.0009780405
10.0862512589,-0.0032236166,0.000364911,-0.0010421423,-0.0025997031,0.0010873029,-0.005226315
10.0960988998,-0.0051812716,0.0052730553,-0.0020076183,0.0069469311,0.0064208158,-0.0137204668
10.106180191,-0.0032300837,0.0024688358,-1.19355e-05,0.0059366613,0.0011407658,-0.0084135197
10.1162118912,-0.0002764948,-0.0023001914,0.0010289404,0.009118339,0.0033115083,-0.0052278461
10.1265697479,-0.0002545305,-0.0022362655,-0.0009048131,0.0017339261,-0.0052134031,-0.0009836997
10.1363544464,0.001766514,-0.0032031422,4.24835e-05,-0.0046704439,-0.0052901022,-0.0041675088
10.1464061737,0.0008751862,-0.0012709682,6.2439e-06,-0.002505905,-0.0084538711,-0.0041702385
10.156457901,-5.05037e-05,0.0006515497,-3.58966e-05,-0.0014686035,-0.0052338429,7.83025e-05
10.1667633057,2.91579e-05,0.0016255791,-0.0029702333,0.0060486207,-0.0093787201,0.0053840517
10.1765403748,8.0239e-05,-0.0002906209,-0.0039575244,0.0038930578,-0.007275356,0.0053856494
10.1867198944,-0.0009026118,-0.0031972711,-0.0020045785,0.0006502857,-0.0030383996,0.0085738525
10.1967630386,-0.0019115694,-0.0042016394,-0.0010340957,-0.003672556,0.0022154844,0.0064539765
10.2071218491,-0.0039181598,-0.002312172,-0.0020259765,-0.0058278525,0.0042974106,0.0032708333
10.2168884277,-0.0020006783,-0.0033448224,-0.0010447053,-0.0068955133,0.0042811651,0.0022092974
10.226934433,-0.0020601042,0.000493359,-8.31035e-05,-0.0047873016,0.0063950494,-0.0020383112
10.2369966507,-0.0010847934,0.0014536495,0.0008867833,-0.0004570009,3.86166e-05,-0.006289782
10.2473583221,-0.0039838441,0.0044437759,0.0008927438,0.0112715857,0.0011805135,-0.0094767204
10.2571659088,-0.0039520748,0.00948162,0.0009397122,0.0176722258,0.0012087431,-0.0137255276
10.2672147751,-0.0019511767,0.00483061,5.45832e-05,0.0219931789,-0.0040373513,-0.0105447136
10.27729702,-0.0028836913,0.0031142051,-0.0008422282,0.0230107736,0.001325456,-0.003109701
10.2876434326,5.31785e-05,0.0003679509,0.0002205226,0.0144858612,0.0001964755,-0.0020459681
10.2974243164,6.19702e-05,-0.0024267619,-0.0016555933,0.0144453812,0.0044681858,0.0022033718
10.3075008392,-0.0009688921,0.0005950743,-0.0045167352,0.0133879995,0.0033910703,0.0011411699
10.3175573349,-0.001999516,-0.0012702232,-0.0034802703,0.0112324366,0.0054944349,0.0011427678
10.327917099,-0.0010867603,-0.0011788493,-0.0034150032,0.010135401,0.0086673917,0.0011453646
10.3376560211,-0.000163842,-0.0010709052,-0.0014000681,0.011233422,0.0054798541,-0.0009801043
10.347738266,-0.0002564676,-0.0019659584,-0.0003572252,0.0090664085,0.008658736,0.0011449649
10.3577833176,-0.0012853034,-0.0009278244,0.0006517026,0.0048293183,0.005431518,8.263e-05
10.3681659698,0.0006154589,-0.0018775945,0.003622398,-0.0037242221,0.0074914726,0.0022107619
10.3779296875,0.0005775802,-0.004832793,0.0026429745,-0.0068387883,-0.0010037448,0.005392707
10.3880062103,-0.0003793724,-0.0020182615,0.0025914761,-0.0121154692,-0.0074359439,0.0022042373
10.3980731964,-0.0003180988,0.0008054489,0.0025123211,-0.0068016648,-0.0052742567,0.0011421687
10.4084224701,-0.0012384839,0.0066201203,-0.0014096644,0.0081243422,-0.0040887501,7.62385e-05
10.4182748795,-0.0011948831,0.005746346,-0.0033350734,0.014525516,-0.0040535964,-0.0031107662
10.4282560349,-0.0001638718,6.32221e-05,-0.0032775549,0.0166857112,-0.006151502,-0.0020490971
10.4383583069,-0.0011262782,-0.0036690121,-0.0022438315,0.0166345797,-0.0008187881,0.0022007753
10.4486732483,-0.002099473,-0.0045561679,-0.0031826047,0.0080748871,0.0012433641,0.00432671
10.458486557,-0.0011816211,-0.0094071813,-0.0031368879,0.0005549202,0.0065246783,0.0107020512
10.4684343338,-0.0002641268,-0.008523006,-0.0021773723,-0.0143208867,6.7919e-06,0.0075177765
10.4787168503,-0.0032448359,-0.0067326017,0.0006799552,-0.0154306246,0.0042414842,0.0075201732
10.4892177582,-0.0023363419,-4.3649e-05,0.0016172382,-0.0058389576,0.005379919,0.0064560403
10.4990291595,-0.0023598857,0.002814811,0.0025633427,-0.0026210612,0.0032235575,-0.0031020446
10.5087337494,-0.0014030524,0.0047858171,0.0025790187,0.0005675163,0.0042919512,-0.0062879175
10.5191650391,0.000539165,0.0009457881,0.0026208612,0.0048360312,0.0043292353,-0.0062889829
10.5292615891,0.0005837791,-0.0009410566,-0.0012527254,0.0027754363,-0.0031232212,-0.0073541137
10.5389966965,0.0006414168,-0.0038327461,-0.0002797392,-0.0014376845,-0.0084378254,-0.0031085028
10.5491323471,0.0026891045,-0.0038643365,0.0006517026,-0.0078359032,-0.0084669199,0.00114117
10.5591335297,-0.0011580773,-0.0010161584,-0.0023456363,-0.0057224175,-0.0063193473,0.002203505
10.5695352554,-0.0030859299,0.0018466527,-0.0033633856,0.0006470904,-0.003079945,0.0022030389
10.5792598724,-0.0021194406,0.0008760804,-0.0043247486,0.0038095945,0.0012405011,0.009636987
10.5893287659,-0.0021639951,0.0008520001,-0.0052875425,0.0016698251,0.0012024847,0.0064507145
10.599489212,-0.0031982251,-0.0020517593,-0.0033136157,0.0026831571,0.0065098982,0.005391309
10.60983181,-0.0032969005,-0.003033269,-0.0032828001,0.0016346453,0.0054509589,0.0075171106
10.6195650101,-0.0014004596,-0.0050262697,-0.0003548411,-0.0100515718,2.95618e-05,0.0053937724
10.6296110153,-0.0004678257,-0.0041514821,0.0015711043,-0.006905688,0.005363341,0.0053948374
10.6396598816,-0.0024897642,0.0006786996,0.0025432559,-0.0015812293,0.0064640255,0.004332236
10.6500692368,-0.0005660541,0.0035770948,0.0025478455,-0.0025558658,-0.0031358046,-0.0020431718
10.6597938538,-0.001503963,-0.0003144627,0.0025323483,-0.0004120218,-0.0041920142,-0.0041678417
10.6699266434,-0.0014797635,-0.0012589281,-0.00037761,0.0016902778,-0.0009903621,-0.0041667763
10.6799354553,0.0005495958,-0.0002593284,0.0015554879,-0.0024839602,-0.0105974488,-0.0073559117
10.6903123856,0.0016074292,-0.0031805222,0.0005438182,-0.0036125565,-0.0041989386,-0.000981902
10.6999120712,-0.0012893267,-0.0002938395,0.0005034062,-0.0025566118,-0.0031355384,-0.0020434381
10.7100400925,-0.0012444742,0.0026038403,-0.0004982498,-0.0025342414,-0.0052436972,7.91013e-05
10.7200288773,-0.0021877475,0.003570121,-0.0034328846,0.0059500569,0.0001428127,0.0011414363
10.730717659,-0.0041730292,0.0046012811,-0.0014644411,0.0080635948,0.0022761379,8.05662e-05
10.7403783798,-0.0032381602,0.0027170295,-0.0023790745,0.0080444198,0.0044258414,0.0043288404
10.7504043579,-0.0023226626,-0.0001671498,-0.0023204235,0.0027083773,0.004386493,0.0053916415
10.7605361938,-0.002430249,-0.0040610023,-0.0013152506,-0.0037471252,0.0096425079,0.0064577051
10.7707967758,0.0004243366,-0.0031433885,0.0016182516,-0.0079591265,0.0042777034,0.0032724312
10.7806301117,0.0013547651,-0.0061529167,0.0016101453,-0.0089916335,0.0011199933,0.008580111
10.7906637192,0.00230534,-0.0023713296,0.0006019327,-0.0089755226,-0.0010072733,0.007515579
10.8008089066,0.0033037774,-0.0015019958,-0.0004235652,-0.0046223197,-0.0094649401,0.0064484505
10.811085701,0.0004434697,0.0004241878,-0.0014479307,0.0038707405,-0.0051814453,0.0011399051
10.820936203,-0.0044048019,0.0034235234,-0.0033927707,0.012362496,-0.0008974844,-0.0041691065
10.8309297562,-0.0033972748,0.0006220454,-0.0004318503,0.0091654509,-0.000941227,-0.0062899818
10.8410367966,-0.0024014302,-0.006075073,-0.0003834513,0.0070008342,0.0022439137,-0.0031024441
10.8513298035,-0.0043795593,-0.003118444,-0.0003703383,0.0026738895,0.0074992627,-0.0052237851
10.861164093,-0.0024605282,-0.0021492129,-0.0013147143,-0.004773641,0.0053258566,-0.0030993815
10.8712234497,-0.0005245395,-0.0001809781,-0.0012952831,0.0005512442,0.0064121606,-0.0062850546
10.8813304901,-0.0025325902,0.0056793801,-0.0003197935,0.0026641963,0.0085528092,-0.0062845219
10.8916091919,-0.0016229637,0.004748445,0.0007184598,0.0058223056,0.0128534818,-0.0020369799
10.9014310837,0.002220612,0.0038377757,-0.000189915,0.0058553284,0.0096843196,8.5027e-05
10.9114761353,0.0041619651,-0.0009950583,-0.0030784754,0.0049372567,-0.0051576765,0.0032626442
10.9215354919,0.002207946,-0.0019651537,-0.0001516488,0.0017262837,-0.004110788,0.0053875805
10.9323101044,0.0012475066,-0.0029356664,0.000793204,0.0006626705,-0.0041142502,0.0064507145
10.9416437149,0.0022456758,-0.0010230427,-0.0001815704,-0.001470522,-0.0041190437,0.0085748518
10.9528884888,-0.0006950982,-0.0039798208,-0.0011875775,0.0016976018,-0.0009076046,0.0085751843
10.9618606567,-0.0036420114,-0.0010982936,-0.0031416563,0.0049085747,-0.0019544931,0.0064502484
10.9721374512,-0.004667867,0.0018544013,-0.0011802461,0.0059312554,0.0022923835,0.0053898441
10.9820642471,-0.0027655847,-0.0010135358,-0.0001632717,0.009110271,0.004428505,0.0032665057
10.9926767349,-0.00186776,-0.002899844,0.0008821341,0.0058505083,0.0107788127,0.005395703
11.0021724701,-0.0009916015,-0.0048231073,0.0009348246,0.0080476161,0.0044175861,0.0032683699
11.0123186111,-0.0019894131,-0.0018466001,0.0019249771,0.0027383119,0.0011472906,-0.0031035757
11.0220403671,-0.0010022409,-0.0018346494,0.0029178711,-0.0004524216,5.83241e-05,-0.0031033093
11.0321073532,-0.0009929128,-0.0017933433,0.0029322358,0.0038236026,-0.0009713874,-0.004167642
11.0422372818,5.167e-06,0.0021392519,0.0009955021,0.0048784809,7.81645e-05,-0.0073527829
11.0525150299,4.66816e-05,0.002196979,0.0019590112,-0.001493264,-0.0031604392,-0.0073531158
11.0623016357,-0.000863988,0.0051143579,-0.0009827164,0.0017304923,-0.0052406341,-0.0052313749
11.0723724365,-0.0028212555,0.0051557235,-0.0009690073,0.0048712371,0.0011735228,-0.002042972
11.0825119019,-0.001863379,0.0003488178,3.47945e-05,0.0048744334,0.0012150682,0.004327842
11.092795372,6.9391e-05,-0.0025777405,-0.0028489975,0.0005881293,0.0033056494,0.0053928401
11.1025753021,-0.0009556599,-0.0035795157,-0.0009097007,-0.0047272751,0.0011231889,0.003269502
11.1126527786,-0.0019873269,-0.0036410873,5.57157e-05,-0.0036706915,0.0022148187,0.0064546424
11.1229457855,-7.82795e-05,-0.0017500704,5.26163e-05,-0.0015374999,0.0022196125,0.0043305052
11.1332244873,-9.79788e-05,-0.0017370766,6.60869e-05,0.0069997953,0.0022727423,0.0011436334
11.1430435181,-0.0020428784,0.0022673721,-0.0018347052,0.018757917,0.0002324947,-0.0020457683
11.1530685425,-0.0030167885,0.0034349973,-0.0027374176,0.0251346454,0.0023836631,-0.0062944423
11.1632127762,-0.0010635443,-0.0002362912,-0.0006798056,0.0176860485,0.0001964089,-0.0062936433
11.1734771729,-0.0010844059,-0.0059182234,-0.0005982068,0.0101714609,0.0043830313,-0.0052287783
11.1833410263,0.0008589439,-0.0058330484,0.0004253241,0.0069716731,0.0043758405,-0.0020425725
11.1933870316,0.0008391552,-0.0048181601,0.0004498812,0.0006051464,0.0011353729,-0.0020410414
11.203414917,0.000850331,-0.0048554726,-0.0005407479,-0.0036095735,-0.004200004,-0.0009808367
11.2137718201,-0.0001281388,-0.0029469316,0.0004111382,-0.0046852231,-0.0031206249,0.0032671713
11.22356987,-8.34353e-05,0.002876472,-0.0005946305,0.0038603274,-0.0041347565,-0.000982701
11.2336072922,-6.79679e-05,0.0039003009,-0.0005802062,0.0070310081,-0.0009100013,0.0011417692
11.2436819077,0.0018973164,7.90769e-05,-0.0005393174,0.0080864187,0.0001464747,-0.0009815692
11.2540512085,-0.002009768,-0.0037515943,-0.0014892366,0.0069892756,0.0033479272,0.0032674377
11.2638511658,-9.178e-05,-0.0047055073,-0.001465514,-0.0025829244,8.10274e-05,0.0032682368
11.2738847733,-0.0020707138,-0.005713243,-0.0005050448,-0.0057938173,0.0011065443,0.0022083651
11.2840223312,-0.0001348443,-0.0048100539,0.000446305,-0.0100511461,1.51808e-05,0.0032707001
11.29429245,-0.0001539476,-0.001980949,0.0004013631,-0.0058055883,0.0021679469,0.0022084983
11.3040790558,0.0018310063,-0.0001011377,0.0013460966,-0.0057224976,-0.0063477773,-0.002042972
11.3141517639,0.0038350634,-0.0001572257,0.0013167713,-0.0046671936,-0.0052628051,8.01e-05
11.3242483139,0.0019343011,0.0017882402,0.0003009292,0.0027931202,-0.0041227057,0.002202373
11.3345603943,4.24497e-05,0.0057020895,-0.0006984618,0.0049678572,-0.0083757741,-0.0020474994
11.344417572,0.0011061244,-8.14384e-05,-0.0006977466,0.00500088,-0.0115449354,7.45074e-05
11.3544073105,-0.0007583983,0.0028865749,-0.0007093099,0.0049821585,-0.0094167367,0.0011381074
11.3645458221,-0.0016921349,0.0009547586,-0.0016935017,0.0006720982,-0.0051961592,0.0032649077
11.3748140335,-0.0007204302,-0.0019765382,-0.0026602296,0.0006564111,-0.0030334729,0.009637652
11.3846921921,-0.0026988573,-0.0020330732,-0.0026901511,-0.004711723,9.60077e-05,0.0085787801
11.3946838379,-0.003728766,-0.0040601678,-0.0027140526,-0.0100499475,4.32106e-05,0.0075175762
11.4047489166,-0.0047656186,-0.0032110696,-0.0017626431,-0.007980139,0.0064209485,0.0064584371
11.4151058197,-0.0009300895,-0.0003567522,-0.0017616299,-0.0037463522,0.0096351178,0.0053963689
11.424911499,-0.0010363348,0.0005969221,-0.0017230657,0.0037650932,0.0054425034,0.0032687695
11.4349527359,-0.0001114197,-0.0003130918,-0.000703707,0.0048509175,0.0032809486,-0.0041647786
11.4450817108,-0.0011138208,-0.0031800454,0.0022508355,0.0016804244,5.61269e-05,-0.0062891822
11.45540905,0.0018399768,-0.0060378499,0.0042278026,-0.0004442725,-0.001030243,-0.0073511847
11.4651412964,0.0009176545,-0.0050539859,0.0022631141,-0.0015119342,-0.0010464883,-0.0084127206
11.4752187729,0.0009965412,-0.0021395569,0.0022167417,-0.0057189828,-0.0074418029,-0.0073541137
11.4852972031,-0.0008674152,0.0017358775,0.0002282712,-0.0004147645,-0.0042052642,-0.0062920456
11.4956436157,-0.0047018714,0.0066464357,-0.0046667005,0.0080955271,-0.0009495495,-0.0062907143
11.505440712,-0.0046797879,0.0067537837,-0.0036519913,0.0144471657,0.0044390904,-0.0020424393
11.5155630112,-0.0027808733,0.0078657381,-0.0055180932,0.016557347,0.0065736142,-0.0031045079
11.5255889893,-0.0038212128,0.0002215022,-0.0024945883,0.0100938557,0.0129252532,0.0032710996
11.5359010696,-0.0010238476,-0.0016554778,0.0005011412,0.0026563667,0.0097052921,0.0075179762
11.5456953049,-0.0001755841,-0.0055770762,-0.0004168895,-0.0016313232,0.0118177123,0.0117673157
11.5558099747,0.0006651096,-0.0017695313,-0.0013696102,-0.0047900975,0.0075457348,0.0117659839
11.5658512115,-0.0003990121,0.0001179094,0.0005740973,-0.0015700702,0.0054170704,0.0064551085
11.5761985779,-0.0004432388,8.35771e-05,-0.0004000214,0.0016611433,0.0022343264,0.0022055022
11.5859670639,0.0005153827,0.0010920579,0.0005974623,0.0080740349,0.0012223253,0.0011415695
11.5960283279,-0.0004707165,-0.0036982184,0.001605496,0.0091766901,-0.001959753,7.93677e-05
11.6061563492,0.0005638115,-0.0055862553,0.00064908,0.0006913263,-0.007360111,-0.003106572
11.6164493561,-0.0013278909,-0.008505363,0.0006168339,-0.005722817,-0.0063618915,-0.0041663107
11.6262578964,-0.0022356696,-0.0085582025,-0.0004098561,-0.0110893529,-0.0032116384,-0.0020397762
11.6362638474,-0.0012230761,-0.0047499426,-0.0024005321,-0.0068538357,-1.23163e-05,-0.0052244505
11.6464309692,-0.0021553226,6.84077e-05,-0.002448037,-0.0057664663,-0.0021388505,-0.0073493868
11.6567554474,-0.0021345206,0.0010320062,-0.0024619249,0.0005925233,0.0021757367,-0.0052260486
11.6664972305,-0.0021498688,0.0040085129,0.0004729482,0.0090970621,0.005426391,-0.0062883836
11.6766014099,-0.0021769293,0.005090218,-0.0023875979,0.0111890547,0.0096960375,-0.0052250498
11.6866416931,-0.0012343414,0.0023047144,-0.003279343,0.0101863742,0.0033276207,-0.004166177
11.6970357895,-0.0002836771,0.0004485959,-0.0022350696,0.0080435686,0.0044048028,0.0011437001
11.7067623138,-0.0013068207,0.001481306,-0.0022075323,0.0048320619,0.005444767,0.002206834
11.7168674469,0.0025311522,0.0005501622,0.0017539713,0.0026773782,0.0075620469,0.0043319697
11.7269296646,0.0024755709,-0.0013756638,-0.0001720336,0.0048553115,0.0033505238,0.0064529115
11.7372550964,0.0014511459,-0.0013942008,-0.0011311915,0.0027456619,0.0012229242,0.0085767824
11.7470321655,0.0014260225,-0.0043457933,-0.0020987538,-0.00468216,-0.0030932608,0.0075147133
11.7571182251,0.0013949983,-0.0044461973,-0.0001924184,-0.0111292209,0.0010954255,0.007517843
11.7671842575,0.000403028,-0.0025834327,0.0007508847,-0.0078873541,-0.0031483215,0.0032677043
11.7775020599,0.0013614409,-0.0006942337,0.0026619884,-0.004693158,-0.0020392481,0.0064535104
11.7873191833,0.0004224889,-0.0027062779,0.0006896707,-0.0036191065,-0.0031394004,-0.0009799048
11.7973852158,-0.0024928041,-0.0007669216,-0.0003131774,0.0006570509,-0.0041549299,7.90348e-05
11.8073987961,-0.003435988,0.0002451057,0.0006505105,0.0038568396,-0.0041477391,-0.003107171
11.818031311,-0.0043961294,-0.000686813,0.0006634447,0.0048639402,0.0022333276,-0.0020412409
11.8275957108,-0.0014666803,0.0003508145,0.0007054064,0.0059417216,0.0011816452,-0.00204204
11.8376522064,-0.0024166293,0.0033494944,-0.0012155322,0.0069939899,0.0022321292,-0.0052281125
11.8477201462,-0.0024397857,-0.0004894322,-0.0002131608,0.0038171057,0.0001237046,0.001142435
11.8580284119,0.001463335,0.0004800374,-0.0001937893,-0.0036414769,-0.0009814405,0.0043288404
11.8678560257,-0.0004895516,-0.001511324,-0.0011871008,-0.0068551134,3.0827e-05,0.0011447653
11.8778877258,-0.0005040057,-0.0005808061,-0.0012014059,-0.0047155572,7.60339e-05,0.0053925738
11.8880395889,0.0014656,-0.0006129032,-0.0012219099,-0.0014736904,-0.0041677132,0.001142435
11.8983068466,-0.0014343448,0.0013486857,-0.0002686527,0.003837904,-0.0020123501,-0.0009820352
11.9080896378,-0.0033864565,0.0023785646,-0.0021922735,0.0123429755,0.0012452283,-0.0009825677
11.9181966782,-0.0023999698,0.0025143737,-0.001160517,0.0155620174,-0.0008688555,-0.0041705715
11.9282217026,-0.0023867376,-0.0012550836,-0.0030506996,0.0101848291,0.003342401,-0.0020435047
11.9386301041,-0.0024299212,-0.0050788112,-0.0020278839,0.0048126746,0.0075518601,8.53598e-05
11.9483613968,-0.0015099533,-0.0050533302,-0.0010179428,0.0016309964,0.0053811176,-0.0031003135
11.9584732056,-0.0005888231,-0.0011327451,-6.6903e-06,0.0036860509,0.0128213242,-0.0041603846
11.9685182571,-0.0007089563,-0.0001352912,3.43177e-05,0.0015549893,0.0128442273,0.0022109617
11.9788417816,0.0001795106,0.0018333907,-0.0008789447,0.0080022886,0.0086412262,8.46939e-05
11.9886341095,-0.0008596666,0.0028747434,0.0011117313,0.0091024414,0.0054813856,0.0022064345
11.9986772537,0.0020136647,-0.001914758,0.0011764023,0.005932427,0.0022777359,0.0032670381
12.0087003708,0.0029890351,-0.0038072353,0.0021884295,0.0027933596,-0.0041370201,7.92345e-05
12.0191078186,0.0010617189,-0.0067221411,0.0012014958,-0.0035999324,-0.0052393023,0.0022031055
12.0289306641,0.0030772798,-0.0077396818,0.0011591765,-0.0057027638,-0.0084478781,0.0011402379
12.0389633179,0.0021800511,-0.0048941858,0.0001214597,-0.0088813268,-0.0106055057,7.89018e-05
12.0490398407,-0.0016679056,-0.0049715824,4.3616e-05,-0.0068099201,-0.0042069945,0.0022051695
12.0593633652,-0.0016149767,-0.0020951217,-2.9948e-06,-0.0036359113,-0.0020761995,-0.0009815691
12.069231987,-0.0045144148,-0.0011555438,-0.0010068563,-0.0025378894,-0.0052637374,-0.0031070381
12.0792207718,-0.0025214143,0.0007785672,-0.0010248569,-0.0025748024,-0.0010004158,8.19643e-05
12.0893678665,-0.0025588758,0.0036892707,-5.64602e-05,0.0027054483,0.0043235095,-0.0041639134
12.0996417999,-0.001591105,0.0037204737,0.0009371492,-0.0004526619,7.26385e-05,-0.0009801709
12.1095352173,0.0013433211,0.0007899517,-1.16971e-05,-0.0036417972,-0.0009955554,0.0022055022
12.1195001602,0.0033118241,-0.0012128835,0.0019070957,-0.007842401,-0.0073718284,0.0064512468
12.1295585632,0.002376508,0.0006134922,0.0018423649,-0.0088871587,-0.009489309,0.0085740527
12.1398859024,0.0014591925,0.0034497494,0.0017697666,-0.0035201162,-0.0126255136,0.0085709235
12.1497707367,-0.001388628,0.0034202451,-0.0002284196,0.0007467996,-0.0126090012,0.0053844512
12.1597986221,0.0006230585,0.0004445428,-0.0002781299,-0.0067505315,-0.0094572837,0.0106975902
12.1698560715,-0.0012887008,-0.0035592502,-0.0032513288,-0.0067622494,-0.0084101288,0.0085745184
12.1801538467,-0.0032123215,-0.0036416834,-0.0052520181,-0.0067978557,-0.0052471589,0.0053899772
12.1900243759,-0.0031921752,-0.0027166193,-0.004305854,-0.0015058881,-0.0009703885,0.0032671716
12.2000293732,-0.003198076,-0.0027474051,-0.003355637,-0.0004389193,-0.000968125,0.0022052359
12.2101345062,-0.0052013583,-0.0017825847,-0.0023703722,0.0016197041,0.0064636925,8.48272e-05
12.2204456329,-0.003305573,-0.0008091217,-0.0003960279,-0.0005149525,0.0064523076,0.0011468292
12.2302837372,-0.0013978668,-0.0037216132,0.0025456997,-0.0026396224,0.0053588133,-0.0009767753
12.2402906418,0.0005281083,-0.0047391243,0.0015772436,-0.0089998906,0.0010375683,-0.0041621821
12.2503652573,0.0035056286,-0.0048184879,0.0025063606,-0.0132380435,-0.002203499,-0.0073481216
12.2608451843,0.0006297939,-0.00201546,0.0033919069,-0.0152935795,-0.0096150758,-0.0020417736
12.2705554962,0.0007372312,0.0027404244,0.0003838393,-0.0078226123,-0.0095359804,7.99668e-05
12.2805690765,0.0008436553,0.0036834294,0.0003272149,-0.0024367953,-0.0148146311,-0.0031099673
12.2906265259,5.8822e-06,0.0027147944,-0.0026537327,-0.000312658,-0.0137280626,-0.0020481651
12.3010129929,-0.0018429048,0.0017200524,-0.0046492959,-0.0003446434,-0.010537928,-0.0009849645
12.3107624054,-0.0007889159,-0.000238586,-0.0056501771,-0.0014421325,-0.0073434659,0.0022023064
12.3209095001,-0.001742769,-0.0002486592,-0.0056635286,-0.0025926176,0.0011345741,0.0022074997
12.3309192657,-0.0027477928,-0.0022240763,-0.0027542857,-0.0068914928,0.0043010726,0.0053955698
12.3412685394,9.81204e-05,-0.0032774692,-0.001769617,-0.0112050939,0.0084731141,8.98206e-05
12.3510351181,3.8933e-05,-0.0004637128,-0.002760127,-0.0047916695,0.0074680373,8.76901e-05
12.3610935211,-0.0019640513,0.0024475271,-0.0017872003,0.0016542459,0.0032868744,0.0011457639
12.3711605072,0.0009349398,0.0034523422,-0.0007861999,0.0048758714,0.0011789823,-0.000979705
12.3815383911,-0.0010127909,0.0015666599,-0.0007589009,0.0091662239,-0.0008988159,7.99668e-05
12.3912963867,-1.73338e-05,0.0006713385,0.001209602,0.0059951982,-0.0041305618,-0.003106239
12.4013051987,-0.0009795614,-0.0051265247,0.0002561662,-0.0004485864,7.82979e-05,8.28963e-05
12.4114809036,3.20487e-05,-0.0071053691,0.0031541439,-0.0089003947,-0.0084842974,8.07658e-05
12.4217987061,-0.0019062348,-0.0043233521,0.000152156,-0.0164546631,-4.04795e-05,0.0032720317
12.4315700531,-0.002892036,-0.002530474,-0.0008840707,-0.0153981885,0.0010298451,0.003272298
12.4416503906,-0.0019056387,0.0012256021,-0.0019174365,-0.0143027762,-0.0021567601,0.0011458971
12.4517440796,-0.0028950162,0.0001627023,-0.0010015515,-0.0079106567,-0.0010398305,0.0011448319
12.462020874,-0.0009543188,0.0040138178,0.0019155594,-0.003684327,0.0032270863,-0.000977175
12.4718170166,-0.0029237159,0.0039967708,0.0018993471,-0.0036640875,0.001091231,-0.0031018448
12.4818840027,1.5717e-05,-0.0047758706,0.0019131156,-0.0089673987,-0.0021385178,-0.003101978
12.4919872284,0.0020121746,-0.0048427768,-5.84272e-05,-0.0078677805,-0.0053052823,-0.0020420398
12.5023193359,0.0010905974,-0.0039501078,-0.0001168397,-0.0110661844,-0.0053343112,-0.0020401755
12.5121660233,0.0030887835,-0.0001553779,-0.0001767424,-0.011043814,-0.0074424697,8.23638e-05
12.5221767426,0.00120176,-0.0002526527,-0.0002607253,-0.012134484,-0.0053289845,8.28963e-05
12.5323038101,0.0002373271,-0.0003761535,-0.0022660641,-0.0078734262,-0.0041891518,0.0064531779
12.5425987244,-0.0016928501,-0.0043691881,-0.0013559606,-0.0121121136,-0.0074371425,0.0022054357
12.5524072647,-0.0006648786,-0.002561379,-0.0033803133,-0.0121435383,-0.0042472086,0.0032688358
12.5624160767,0.0013112538,-0.0036509221,-0.0014705805,-0.0121553354,-0.0031786817,0.0043305717
12.5725851059,-0.0006341226,-0.0018287485,0.000400767,-0.0121553354,-0.0031786817,0.0043305717
12.5828208923,0.0013648383,-0.0029072647,-0.0006326583,-0.0099976445,-0.0053041503,0.0011448985
12.5927019119,-0.0015247948,-4.54968e-05,0.0002769682,-0.005720607,-0.006355566,-0.0031039088
12.6027011871,-0.0034139641,0.000899356,-0.0007320789,-0.0003989991,-0.0052396352,-0.0020443036
12.6128444672,-0.0033439584,0.0038427825,-0.0007622984,0.0017443132,-0.0063027693,-0.0052307756
12.6231307983,-0.0042486377,0.0009879882,0.0011818262,0.0017329687,-0.0052557476,-0.0073537142
12.6329717636,-0.0022348948,1.33628e-05,0.0011739585,-0.0046985652,-0.0020871186,-0.0009797048
12.6429662704,-0.0041609593,0.0009452218,0.0001585337,-0.0046625594,-0.0052573457,0.0011433671
12.6531038284,-0.0021743663,0.0018663222,-0.0018169429,-0.0057185022,-0.0063207457,0.0022049032
12.6633758545,-0.0021313019,0.0018009359,-0.003803089,-0.0025685169,-0.0009884315,0.0022074331
12.6732311249,-0.0021361597,-0.0001789516,-0.002843037,-0.0036553517,0.0011450269,0.0053941715
12.6832790375,0.000772994,-0.0060939379,-0.00186564,-0.0121623147,-0.0021047618,0.0064556412
12.6933202744,0.0007522516,-0.0053055175,-0.0009696034,-0.0217670035,-0.0021955755,0.0053962357
12.7036571503,-0.0022135861,-0.0035121327,-0.0020105985,-0.0101045696,0.0053131403,0.0022116941
12.7134943008,-0.0022305734,0.0012653882,-0.0030225662,-0.0068728225,0.0021373208,-0.0009761096
12.7235012054,-0.0002740212,-0.0006813293,-0.0020359901,0.0016827947,6.95093e-05,-0.004165112
12.7336387634,0.0007128231,-0.0006233936,-7.42224e-05,0.0038378239,-0.0020407797,-0.005228512
12.7438926697,0.0007525198,-0.000558365,0.0009152147,0.0049477508,-0.0062755388,-0.0052308422
12.7537336349,0.0018027239,0.0004848058,0.0018766973,0.0049573379,-0.0073503903,-0.0073549794
12.7637653351,-6.37062e-05,0.00150935,0.0018701407,0.0017470028,-0.0063250735,-0.0084146513
12.7739105225,-0.0019450672,0.0005937034,0.0008852336,0.0027944241,-0.0041729733,-0.0052284459
12.7841749191,-0.0018828698,0.0025651867,-0.0001011637,-0.0004071752,-0.0041937456,-0.0041661104
12.7940320969,0.0001269393,-0.0023226326,0.0008592459,-0.0078547057,-0.0063671507,-0.0020417068
12.8040399551,0.0021267943,-0.0024082547,0.0007964227,-0.0142657589,-0.0053486917,8.44942e-05
12.8141469955,0.0021885745,-0.0015869623,-0.0012367514,-0.0163771119,-0.0074685682,0.0032693688
12.8244686127,0.0012791269,0.0002143795,-0.0013234165,-0.0131443283,-0.010623415,0.003266772
12.8342380524,0.0022939555,0.0010755474,-0.0033358482,-0.0067399582,-0.0105467159,0.0064505814
12.8443040848,0.0004178397,0.0029578621,-0.0024362353,-0.0067368159,-0.0116406102,0.0011393059
12.8544044495,0.0004760437,-0.0009737497,-0.0005368736,-0.0024986612,-0.0083995424,0.0043252455
12.8647575378,-0.0014222451,0.0009508246,-0.0005644706,0.0006681299,-0.0052303146,-0.0020445697
12.8745107651,-0.002358783,-1.24758e-05,-0.0005746034,-0.0003984664,-0.0052327113,-0.0009825011
12.8845596313,-0.0003419109,-0.0038719361,-0.0005774644,-0.0003970554,-0.0052616727,-0.0052284459
12.894698143,-0.0002718754,-0.0048484989,-0.0006052998,-0.0035867225,-0.0063367905,-0.0031045743
12.9049892426,-0.0021695979,-0.002959538,0.0003124329,-0.0057417257,-0.0042336266,-0.0031027768
12.9148387909,-0.0001832433,-0.0030076688,-0.0006985214,-0.0078839725,-0.0031566441,0.0022073002
12.9248876572,0.0028061979,-0.0011214202,-0.0007304099,-0.0056791157,-0.0105991801,-0.0031064388
12.9349040985,-2.95229e-05,-0.0021768098,-0.0018004325,-0.012069637,-0.0116953375,8.00334e-05
12.9453144073,0.0020308308,-0.0032686775,6.77559e-05,-0.0141808027,-0.0138152801,0.0032649743
12.9550495148,0.0031205229,-0.0014644747,-0.001006737,-0.0152143752,-0.0169868395,0.0064490493
12.9651050568,0.0002858154,-0.0016255265,-0.0030681042,-0.0163154341,-0.0138337901,0.0032653739
12.9751749039,-0.0005866177,-0.0017678028,-0.0022111086,-0.0152578931,-0.012749617,0.0053892452
12.9855623245,-0.001491446,3.83372e-05,-0.0023046283,-0.0174259208,-0.0095988307,0.0032675043
12.9953098297,-0.0033918209,0.0008662457,-0.0023998765,-0.0110987807,-0.0021297294,0.0011460303
13.0054178238,-0.0033823736,0.001719963,-0.0014813688,-0.0143112447,-0.0010823079,0.003270434
13.016283989,-0.0034022219,0.0016411061,-0.0034614948,-0.0036404915,-0.0009960216,0.0022059684
13.0266551971,-0.0043516941,0.0045414083,-0.002517238,-0.0014888439,-0.0031477888,-0.0052283122
13.0364332199,-0.0024113841,0.0006675238,0.0004275891,-0.0036417432,-0.0010098033,8.22973e-05
13.0464410782,0.0005676262,-0.0042458065,0.0013787601,-0.0110699655,-0.0053187311,8.16979e-05
13.0561637878,-0.0003864057,-0.0043479092,0.0013185593,-0.0153384795,-0.0053560156,8.27633e-05
13.0658807755,-0.0003216453,-0.0035357659,0.0002561662,-0.0174600612,-0.0064292699,0.0011450981
13.0758619308,0.0016883425,-0.0036772972,0.0011405798,-0.0216955505,-0.0096357157,0.0032681702
13.0857009888,-0.0011672862,-0.0019286757,3.53309e-05,-0.020639129,-0.0086009447,-0.002039643
13.0958709717,-0.0020581372,0.0008617455,-0.0010304002,-0.0089225518,-0.0063833306,-0.0031033095
13.1062068939,-0.0019874163,0.0056896321,-0.003037825,-0.0003882386,-0.006329135,-0.006291247
13.1159934998,-0.0028985627,0.0047629289,-0.0049797441,0.0059719225,-0.002029195,-0.0062907143
13.1261539459,-0.0028729029,0.0039091818,-0.0029976515,0.0155148003,0.004412659,-0.0073505859
13.1361408234,-0.0038722642,0.0050738864,-0.0029051451,0.0176176317,0.0076212352,-0.0062877177
13.1464509964,-0.0009979494,-0.0015971547,-0.0018164065,0.0080018369,0.0086129298,-0.0041619157
13.1563816071,0.003862422,-0.0035045033,0.0001745078,-0.0004702108,0.0021861899,-0.0020393766
13.1664772034,0.001894962,-0.0025643294,0.0011253807,-0.0090041785,0.0021389851,0.0022102962
13.1765317917,0.0018873625,-0.0026695614,0.00302206,-0.0153414356,-0.0042621884,0.0053941049
13.1868629456,0.0019161813,-0.0018746143,0.0019663426,-0.0153234322,-0.006397245,0.0032686361
13.1966590881,0.0019578747,-7.3809e-05,-6.41492e-05,-0.01105332,-0.0063391882,0.0064529777
13.2067365646,2.98433e-05,0.0017346854,-0.0021000055,-0.008919782,-0.0063274037,0.0053905761
13.2168092728,-0.0038346238,-0.0002724415,-0.0031172184,-0.0035873344,-0.0063223438,-0.0009815691
13.2271757126,-0.0037871487,-0.0012478416,-0.0031424311,-0.0004384397,-0.0009967538,-0.0020410412
13.236946106,-0.0047528632,-0.0012356227,-0.0021708754,0.0016936874,-0.0010058086,-0.0062887827
13.2470207214,-0.0027671047,-0.0021609252,-0.0031316427,0.0048618093,0.0022056308,-0.0062884502
13.2571105957,-0.0037396736,0.0018377418,-0.0031006483,0.0122875012,0.0064941188,-0.0094735911
13.267408371,-0.0027788766,3.48801e-05,-0.0020426658,0.0101571856,0.0064669549,-0.010533263
13.2770366669,0.0001340024,-0.0057155676,-0.0019859222,0.0027203085,0.0032325457,-0.0084093921
13.2871332169,0.000141453,-0.0076574571,-3.75655e-05,-0.0089845499,-3.22235e-05,-0.005222653
13.2972145081,0.0021044128,-0.0067721196,0.0009099099,-0.0143185956,-5.80563e-05,-0.0020359147
13.3079204559,0.0031013004,-0.0069325157,0.0018071982,-0.0217584297,-0.0032985241,-0.0009747115
13.3174476624,0.0031203143,-0.0022672599,-0.0002517846,-0.018576216,-0.0011208572,0.0032727642
13.3275680542,0.0031204335,0.0004526789,-0.0022846011,-0.0228142124,-0.0043548672,0.0011484937
13.3376207352,0.0012373738,-0.001652885,-0.0033636836,-0.0152803976,-0.0106556397,0.0011434337
13.347943306,0.0003086142,-0.003724653,-0.0014891771,-0.0110554779,-0.0063597606,0.0032673711
13.357717514,0.0003569238,0.0010541792,0.000389919,-0.0089095021,-0.0073882742,0.0053899107
13.3678426743,-0.0025301166,0.0019461627,0.0003206584,-0.0067834221,-0.0063237417,0.0032675709
13.3779163361,-0.0015375204,0.0009587819,0.0003026578,0.0006539887,-0.0030824083,0.0022055022
13.3882608414,-0.0015234835,0.0019507224,-0.000659838,0.003824749,0.0001209748,0.0011451647
13.39798069,-0.0025108941,0.0019713456,0.0003241751,-0.0004363088,-0.001018858,-0.0052251164
13.4081163406,-0.0025067814,0.0010074491,0.0003213736,0.0005967841,0.0021813295,-0.0041629151
13.4181318283,-0.0044765659,0.0059258752,-0.0016109493,0.0059084585,0.0043153204,-0.0094721923
13.4285373688,-0.0044788904,0.0079932623,-0.0005758551,0.0155112585,0.0044139242,-0.0073518511
13.4382562637,-0.0015483089,0.0062234811,-0.0014566925,0.0187025238,0.0055098147,-0.0062903147
13.4483861923,-0.0015731044,0.0034761543,-0.0023338941,0.016538173,0.008673517,-0.006287518
13.458360672,-0.0016378649,0.0026528949,-0.0032164601,0.0122499503,0.010779012,-0.0030999805
13.4687347412,0.0002466552,-0.0060521848,-0.0031347421,-0.000530852,0.0085723838,0.0011498253
13.4785137177,-0.0008120723,-0.0070656426,-0.0021637825,-0.0080098063,0.0095889121,0.0043376293
13.488617897,4.46849e-05,-0.005212266,-0.0021534113,-0.0058987457,0.0117373504,0.0053990986
13.4986696243,-8.28095e-05,-0.0023580974,-0.0021292714,-0.0016621891,0.014957645,0.0053996313
13.5090618134,-0.0002191551,0.000570994,-0.0020835546,0.0090323463,0.0129068112,0.0022117607
13.5187902451,-0.0012856014,0.0035941417,-0.002976015,0.0165310092,0.0097475033,-0.0041625155
13.5289316177,0.0025472157,-9.06175e-05,8.29551e-05,0.0239865817,0.010860838,-0.0062883832
13.5389165878,0.002494406,-0.0018024629,0.0011807535,0.0229508784,0.007661582,-0.0073515177
13.5493202209,0.0034638755,-0.0045316704,0.0022574516,0.0123670232,-0.0009133304,-0.0062907138
13.5590591431,0.0044836812,-0.0073512383,0.0022822472,0.0038624853,-0.0041639851,-0.0052283788
13.5691871643,0.0015853457,-0.0044185705,0.0022625776,-0.0036547398,3.06938e-05,-0.0031028436
13.5791950226,0.0006386153,-0.0044608302,0.0002788159,-0.0078795785,-0.0042367554,-0.0009803041
13.5895738602,-0.0003002472,-0.0006519145,-0.0007423309,-0.0057623908,-0.0020833903,0.0011449649
13.5993213654,-0.0003028698,0.0041678064,-0.0017543581,-0.0004352704,-0.0009480845,0.0053913752
13.6094579697,-0.0022760518,0.0041650943,-0.0036938933,0.004866045,0.0022681484,0.0032675709
13.6194553375,-0.0032678135,0.0032532627,-0.0026893762,0.0102118077,0.0012468261,0.0022039046
13.6298828125,-0.0033118315,-0.0005890912,-0.0016737131,0.0059162877,0.0044121263,0.0053931726
13.6395950317,-0.0023885258,-0.0024892574,-0.000659242,0.0027021188,0.0054174699,0.0011472953
13.649725914,-0.0024349876,-0.0053986795,-0.0006231812,0.0005331347,0.0085757123,8.68245e-05
13.6597270966,-0.0025160797,-0.0034591442,0.0003651234,0.0026663272,0.0085805058,-0.0020373128
13.670129776,-0.0045322664,0.0004984254,0.0023507925,0.0058535705,0.0096564898,-0.0041620489
13.6798534393,-0.0026407428,0.0035053606,0.001446471,0.0143591743,0.0129209924,-0.0031007794
13.6899986267,-0.001701463,0.0046435706,0.0005623552,0.0197729282,0.0055393092,-0.0031045743
13.7000226974,-0.0007550307,0.0029096717,0.000679836,0.0229636617,0.0066282758,-0.0031048406
13.7103748322,-0.0017616339,-0.0018086915,0.0027047249,0.0101971077,0.0022452453,-0.0073515177
13.7201309204,0.0051142089,-0.0075609572,0.0027745219,0.0017165374,-0.0030927947,-0.0009812363
13.7302703857,0.0031964593,-0.0046507604,0.0017667862,-0.0046884455,-0.0031550461,-0.0020420398
13.7402534485,0.0032785051,-0.0047381707,-0.0021979955,-0.0099585745,-0.0095468992,0.001141503
13.750664711,0.0033738129,-0.0038615947,-0.0022801307,-0.0078026922,-0.0116361491,0.0032632435
13.7603960037,-0.0004798658,-0.0010270064,-0.005281284,-0.0036087474,-0.0041718408,0.0032659066
13.7705068588,-0.0004292317,-0.00203808,-0.0043401266,-0.0014951015,-0.0020670115,-0.0020413741
13.7805309296,-0.0023935027,-0.0029843634,-0.0033518223,0.0080355536,0.0054577501,8.35622e-05
13.7908802032,-0.0034042783,5.36556e-05,-0.0023290066,0.0155163985,0.0044334317,-0.0041651786
13.8006649017,-0.0015030093,0.0011662359,-0.0022482423,0.014406126,0.0086611994,-0.0052245841
13.8107919693,-0.0015434809,-0.0006496793,-0.0011797097,0.0112148598,0.0075653093,-0.00628612
13.8207969666,-0.0006088801,-0.0034918671,0.0008152577,-0.0004793461,0.0032395364,-0.0030999142
13.8311433792,0.0023096614,-0.0044697411,0.0037360045,-0.0046943314,-0.0020744021,0.0011450317
13.8409986496,0.0013537221,-0.0026110893,0.0046694134,-0.0121413283,-0.0042408835,0.0043312376
13.8509893417,0.0013908856,0.0011412615,0.0016764853,-0.012135949,-0.0053355759,-0.0009792388
13.8611249924,-0.0004975982,0.0030366594,-0.0003364232,0.0006781165,-0.0063124229,-0.0052301763
13.8713874817,-0.0033782609,0.0089251213,-0.0032745746,0.0070331916,-0.0009463537,-0.0041655116
13.881272316,-0.0053267665,0.0041668527,-0.0032281426,0.0134269092,0.0001913488,-0.0009811698
13.8912687302,-0.0033668168,-0.0015601998,-0.0031553654,0.0070340708,-0.0009324385,-0.0020419734
13.9014129639,-0.0014504679,0.0005017334,-0.0030927209,0.0059072874,0.0042801667,-0.0147806723
13.9116802216,-0.0102253146,0.0025640542,-0.0079500824,0.0132701015,0.0150054488,-0.0073461249
13.9215297699,0.0091515295,-0.0061308332,-0.0029027013,0.0036760643,0.0150531195,0.0128305163
13.9315385818,0.0021959655,0.0016900713,0.0019869658,0.0069435495,0.0074792225,-0.0137173384
13.9416542053,-0.0105619021,0.0037585909,-0.0047902609,0.0207778718,0.0118998028,-0.0052242512
13.9519395828,0.0050098412,-0.0009212678,-0.0007417348,0.0143978968,0.0097711384,0.002208099
13.9617881775,0.0059473924,0.0021035487,0.0012755247,0.0112476442,0.0044104615,-0.0020409746
13.9717903137,-0.0048394091,-0.0016912108,-0.0026005057,0.0112577369,0.0033496581,-0.0020417068
13.9819316864,0.0029554181,-0.0035376733,0.0004002902,0.0070339632,-0.0009039426,0.002204437
13.9921970367,0.0058672838,-0.0074226744,0.0004312846,-0.0015121996,0.0001246366,0.0085773151
14.0019950867,-2.25492e-05,-0.0035907214,-0.0015503314,-0.0014935583,-0.0020319913,0.0032672379
14.0120620728,-0.0030009933,0.0022354836,-0.0035004762,0.0069728447,0.0055108801,0.009639916
14.0221309662,-0.0011076517,-0.000638563,-0.0034529117,0.0048252717,0.0065186201,0.0043319697
14.0324935913,-0.0011904426,-0.0035325771,-0.0024253277,0.0026669921,0.0086016115,0.0011477614
14.0422954559,-0.0002868064,-0.0034768765,-0.000425413,0.0101480782,0.0076127797,0.002207167
14.0523290634,0.0006305687,0.0014841373,0.0025536867,0.0101479972,0.0075843511,-0.0020393101
14.0624570847,0.0005973391,-0.0003490632,0.0026195499,0.010200195,0.0022654855,-0.0041655777
14.0727863312,0.001581829,-0.0041452833,0.0036432,0.0048957393,-0.00095674,-0.0031045082
14.0827064514,0.0035885684,-0.0050973184,0.0016948435,-0.0035544708,-0.0094985627,7.87685e-05
14.0926446915,0.0037028603,-0.0032005196,0.0045391177,-0.009893273,-0.015934756,-0.0020460347
14.1027450562,0.0008839183,-0.0013610309,0.0034600946,-0.0131239546,-0.0127450889,0.0032653739
14.1130161285,-0.000974346,0.0004644806,0.0004432651,-0.0120878527,-0.0095530907,0.0032670384
14.1228370667,6.55465e-05,0.0023055489,-0.0015776304,-0.0077969665,-0.0116239646,0.0053885123
14.1328773499,0.0001504831,0.0002414102,-0.0035920886,-0.0088761328,-0.0105504449,0.0085736532
14.1429843903,-0.000779409,0.0001241977,-0.0056086327,-0.0067727687,-0.0073349443,0.0106983231
14.1532831192,-0.0007730611,0.0010441358,-0.0036982445,0.0017321957,-0.0040986706,0.0075129159
14.1631355286,-0.0007765479,0.0030335898,-0.0036808399,0.0102575077,-0.0029769472,0.0053877132
14.1731290817,0.0001841597,0.0011846835,-0.0036286262,0.0144699616,0.0023663526,0.005388313
14.1831951141,-0.0037600286,0.00231291,-0.0025915054,0.0219270792,0.0034649065,0.0011397719
14.1935510635,-0.0057470687,0.0025148506,-0.0015126612,0.021884257,0.0076663094,-0.0052278461
14.20337677,-0.0048259385,0.0007656628,-0.001407638,0.0154607128,0.0097393142,-0.0041633807
14.213388443,-0.0009764023,-0.0039456971,-0.000316098,0.0123044662,0.0054877773,-0.0009789725
14.2235269547,0.0009443276,-0.0029013341,-0.001243308,0.0037786225,0.0043591294,8.44278e-05
14.2338314056,0.0008893125,-0.0019416099,-0.0002522615,-0.0068903202,0.0042864252,0.0032727642
14.2436122894,0.0008460395,-0.0019925719,-0.0002575067,-0.0004875492,0.0043423516,0.0032711662
14.253663063,-0.000148315,0.0019064362,0.0007143471,0.0048794933,0.0012061464,0.003268037
14.2637987137,-0.0001680739,0.0048998408,0.000741646,0.0134042716,0.0023209457,8.10323e-05
14.2740726471,0.0007940941,0.005074691,0.0008393976,0.0240623504,0.0034618438,-0.0020452356
14.2839298248,-0.0001624115,0.002389055,-0.0019917635,0.0230032094,0.0023568985,-0.0073545137
14.2939300537,-0.0001928098,-0.004231561,6.35835e-05,0.0155264921,0.0033726278,-0.0041659111
14.3040332794,-0.0011962838,-0.0089841075,-0.0018131878,0.0059138117,0.0043774387,8.4228e-05
14.3143510818,-0.0012296028,-0.0089867897,-0.0018011477,-0.0026227115,0.0043169186,0.0022097635
14.3242101669,-0.0003060885,-0.0061463602,-0.0018277314,-0.0090041785,0.0021389851,0.0022102962
14.3342399597,-0.0023137815,0.0015503878,-0.0028352884,-0.0079554254,0.0042834952,0.0043353653
14.3443336487,-0.0033423491,0.0054235272,-0.0018611697,0.0037478358,0.007527492,-0.0020367801
14.3546180725,-0.0024484582,0.0074931197,-0.0017706301,0.025024496,0.0140664177,-0.0041628485
14.3644342422,-0.0015382655,0.0106695406,-0.0006530431,0.0325545818,0.0077171754,-0.0116005242
14.3744649887,-0.001586128,0.0041794889,-0.0004874614,0.0282514486,0.0108780814,-0.0094755888
14.3846035004,0.0012671165,-0.0033704822,0.0016126486,0.0186408982,0.0119105894,-0.0009782402
14.3948879242,0.001196336,-0.0061423369,0.002672896,0.009109525,0.0054788552,0.0022089644
14.4047470093,0.0011481456,-0.0070760436,0.0017493818,0.0006065853,0.0022489736,0.0064567062
14.4147443771,0.0020952038,-0.0071398504,0.0007632825,-0.0068470445,6.35171e-05,0.0064557074
14.4248723984,0.0011169724,-0.0033433323,-0.0012244132,-0.0057799164,7.28383e-05,0.006455441
14.4351682663,0.0010997765,-0.0014729684,-0.0012623218,-0.0036590267,0.0011321106,0.0032696349
14.4449443817,0.0010892563,-0.0014845317,-0.0002926734,0.0006398475,-0.0020343878,8.15648e-05
14.4549808502,0.0011200421,-0.0014244502,0.0016678426,0.0080885217,0.0001314944,-0.003104042
14.4651012421,0.000186991,0.0025647397,-0.0022000221,0.0134332199,-0.0009036763,-0.0062913131
14.4754104614,-0.0007626303,0.0007848257,-0.0011711862,0.0134441126,-0.0019789941,-0.0084149847
14.4852151871,0.0002559535,-0.0020003801,-0.0001548675,0.0092006307,-0.0040898155,-0.000982368
14.4953145981,0.0032288842,-0.0058411248,0.0008417222,0.0007044822,-0.0083935503,0.0011402379
14.5054016113,0.0023037307,-0.0058802553,0.001780853,-0.0035603046,-0.0083823651,0.0085739195
14.5157613754,-0.0005938299,0.0008599574,-0.0012052802,-0.0056869974,-0.0094822515,0.00538798
14.5255584717,-0.0005363114,-0.001170296,-0.0012617257,-0.0077876998,-0.0126631297,0.0085723214
14.5356254578,0.0015029125,-0.0012412553,-0.0013208535,-0.0035385722,-0.010518753,0.0064497823
14.5456342697,-0.0004151054,0.002637666,-0.0013612655,0.006000604,-0.0040826919,0.0043269768
14.5559511185,-0.0023487695,0.0007198566,-0.002330139,0.0038551092,-0.0030330068,0.0053894445
14.5657510757,-0.0003910847,-0.0031830852,-0.0032771972,-0.0015231445,0.0011644014,0.0053929063
14.5758171082,-0.0014060326,-0.0061729439,-0.0023243574,-0.0121916356,0.001070192,0.0053965682
14.5858926773,-0.002389688,-0.0062806793,-0.0014140157,-0.0132592963,0.0010539467,0.0043350328
14.5962781906,-0.0004534312,-0.0054563172,-0.0014671829,-0.015383088,-2.56323e-05,0.0043349657
14.6060438156,-0.000454206,-0.0026544814,0.0023681971,-0.0121726478,-0.001079445,0.0011482273
14.6160869598,-0.001436729,0.0040949099,0.0013542029,-0.0025759991,-0.0010284455,-0.0041649118
14.6261548996,-0.0023733862,0.008018475,0.0013526531,0.0059578335,-0.0009954222,-0.0105378563
14.6365280151,-0.0023166724,0.0061846189,-0.0005707887,0.0145398704,-0.0051586088,-0.0094796494
14.6462879181,-0.0012395866,0.0053836517,-0.0024657396,0.0166746601,-0.0051330421,-0.0084183794
14.6563453674,-0.0011904426,0.0026296789,0.0005085322,0.0123864384,-0.0030275474,-0.0052308422
14.6664228439,-0.0001773722,0.0007971043,-0.0004364994,0.0102905305,-0.0061461087,0.0075097205
14.6767616272,-0.0001679249,-0.0010869091,-0.0013713982,0.0059455824,0.0011944951,8.25636e-05
14.6865005493,-0.0001679249,-9.47302e-05,-0.003304973,0.0038022706,0.0022576291,0.0032690358
14.6965923309,-0.0002052374,-0.0029989367,-0.0042470242,0.003810714,0.0011903007,0.0022061015
14.7067089081,-0.0012314506,0.0019188339,-0.0042206193,0.0080254329,0.0065256776,0.0011458971
14.7169456482,-0.0003604777,-0.0009293741,-0.0012262014,0.0079978416,0.0097355852,0.0053955032
14.7268075943,-0.0004537292,-0.004755009,-0.0011607555,0.0080266036,0.0065110298,-0.0009769086
14.7369222641,0.0005016141,-0.005640436,0.0008491728,0.0059419349,0.0011744549,-0.0031035759
14.746969223,0.001499068,-0.0056001432,0.0008584711,-0.0004299441,-0.0020783299,-0.0052271802
14.7573041916,0.0025153272,-0.0016626304,0.0028008672,0.0038470123,-0.0031083743,-0.0062911799
14.767118454,-0.000371892,0.0013128931,-0.001095548,0.0081155263,-0.0030710902,-0.0062922449
14.7771120071,-0.0012924559,0.0033711607,-0.0010805276,0.0123769576,-0.0019811916,-0.0073531154
14.7873497009,-0.0022078045,0.0025087411,-0.0030021814,0.0091649182,-0.0009481511,-0.0073517836
14.7976169586,-0.0012406595,-0.0002958959,-0.0019648222,0.0112449285,0.0043900888,-0.0052267807
14.8074607849,-0.0022502728,0.0017619843,-0.0038465408,0.0112033831,0.0086479504,-0.003101046
14.81727314,-0.0023220964,-0.0010614579,-0.0047550346,0.0080071632,0.0086323712,-0.0009751776
14.8273448944,-0.0004544146,-0.0029743498,-0.0046883966,0.0015958687,0.0096651446,0.0032741623
14.8378410339,-0.0005870946,-0.0039413758,-0.0017086413,0.0004739054,0.0149827451,0.006461367
14.8476457596,0.0002195947,-0.0020168906,0.0012545439,-0.0005612653,0.0117904143,0.0064600352
14.8577127457,0.0010921173,-0.0039744861,0.0022636505,-0.0004874952,0.0043281037,0.001147961
14.8677663803,0.0039902143,-0.0059309788,0.0022833201,-0.0015231986,0.0011288481,8.48271e-05
14.878121376,0.0039959662,-0.0030143743,0.0022820088,0.002785556,-0.0030912634,-0.0020424393
14.8878793716,0.0001496487,-0.0020143872,0.0012832733,0.0049491078,-0.0062902523,-0.0073535815
14.8980016708,0.0012359433,-0.0019337719,0.000313625,0.007137002,-0.0115767606,-0.0073566446
14.9080181122,-0.0015582629,-0.0018488055,0.0012582394,0.0060475026,-0.0094779236,-0.0094789173
14.9184322357,-0.0014355667,-0.0017896777,-0.0026582626,0.0028251037,-0.0073626405,-0.0062921122
14.9281425476,-0.00134914,-0.0027448719,-0.0036444811,0.0006833896,-0.0062787337,7.97672e-05
14.9382381439,-0.0012822337,-0.0027293449,-0.0027095822,0.0061225244,-0.0156771634,0.0160005428
14.9482765198,-0.0042336769,0.0001860971,-0.0017452387,0.0026910417,0.0064928541,0.0032708999
14.9586763382,-0.001342345,0.0001909251,0.0011951181,-0.0025887564,0.0011474236,0.0043321028
14.968419075,0.003506016,0.0039954595,-0.0017305758,-0.0079451725,0.0032297494,0.0053963019
14.978556633,-0.002406586,0.0010249431,-0.0007786301,-0.0036901329,0.0042863581,-0.0009749111
14.9885444641,-0.0004613288,0.004915487,0.002153978,0.0006316444,-0.0009813742,-0.0009786397
14.9989013672,0.0044474714,0.0040058009,0.0031579586,0.0070761214,-0.0051762527,-0.0020443033
15.0087127686,0.0006293766,0.004086297,0.0011962506,0.0081725456,-0.008384563,-0.0073551796
15.0187482834,-0.000238914,0.0022344107,0.0011907669,0.0060501387,-0.009436178,-0.0031083028
15.0289011002,0.0008368604,0.0003327841,0.0002124759,0.0050059129,-0.0115467329,7.63051e-05
15.0391654968,-0.0020348616,-0.0006142145,-0.0007742193,0.0027968744,-0.0041311616,0.0011421022
15.0490150452,-0.0029750653,-0.0025544947,-0.0046832706,0.001709505,-0.0020046269,0.0032670384
15.0590114594,-0.0029732771,-0.0045186765,-0.0056567336,-0.0025899019,0.0011549472,0.0053933058
15.069149971,-0.0020481534,-0.0065381117,-0.0037186292,-0.0068664066,0.0022132874,0.0107039157
15.0794210434,-0.0011233278,-0.0046956427,-0.0047161723,-0.0089799706,3.7285e-05,0.0053951037
15.0892877579,-0.0001953132,-0.0018477028,-0.0027727035,-0.0036970582,0.0053958315,0.0064582378
15.0992879868,-0.0012451299,-0.0008772498,-0.0008145121,0.0058922409,0.0065208841,0.0032700344
15.1093587875,-0.0012925155,0.0011624212,0.0002032372,0.0155150406,0.0044481456,-0.0020424393
15.1196994781,-0.0003166385,0.003259104,0.0002724978,0.0166232344,0.0001784326,-0.0073534483
15.1295003891,-0.0002748854,-0.0024264043,0.0022800418,0.0059833732,-0.0031047126,-0.0084141856
15.1395606995,-0.0012216456,-0.002361316,0.0013265464,0.003796679,0.0022098254,-0.0041642459
15.1496753693,-0.0021700449,-0.0013659184,0.0022848698,-0.004688153,-0.0031836086,-0.0062883832
15.1599588394,-0.0001633651,-0.0023881679,0.0003058764,-0.0110889282,-0.0032260192,-0.004162848
15.1698303223,-0.0001490898,-0.0005417651,0.0002539012,-0.0143307932,0.0010177278,8.72907e-05
15.1798152924,0.0008266978,0.0022197778,-0.0017526891,-0.0164353568,-0.0021760017,0.001147029
15.1899700165,-0.0001565702,0.004058104,-0.0037464646,-0.0069057662,0.0053349119,0.0011483605
15.2002363205,-0.0002342649,0.0021016414,-0.0008067039,0.0037718574,0.0054756599,0.0085792458
15.2100477219,0.0026590042,0.0001592452,-0.001742914,0.004879999,0.0012201946,0.0053914422
15.2200775146,0.0016586892,-0.0036949997,-0.0007409599,0.0070362277,-0.0008620643,0.0085749179
15.2302207947,0.0016348772,-0.0027044003,0.0002451393,0.004901438,-0.0008876307,0.0075136488
15.2405490875,-0.0012992807,-0.002685148,-0.0007365492,0.0049222624,-0.0030308098,0.0043275757
15.2503166199,-0.0002775677,-0.0007276124,-0.0017163899,0.0038860273,-0.0062369891,0.0022026394
15.2603530884,-0.0002547689,-0.0007121747,-0.0007482317,0.0006653601,-0.004136554,0.0032668384
15.2704801559,0.0007599406,-0.0036318188,0.0021574351,-0.0046399236,-0.0073869424,8.11653e-05
15.2807588577,0.0008224361,-0.0056293793,0.003083274,-0.0057091545,-0.0073812832,0.0022039043
15.2906236649,-0.0010817833,-0.000836212,0.0010850283,-0.0100021698,-0.0053381058,-0.0041647786
15.3006467819,-4.03114e-05,-0.0018767004,0.0020080658,-0.0089122467,-0.0074513238,-0.0041655777
15.3107748032,0.0010336451,-0.0019697731,-0.0009947566,-0.0120912623,-0.0095874453,-0.0020422395
15.321056366,0.0011154227,-0.0030548756,-0.0010652688,-0.0142211234,-0.0095863137,0.0011446987
15.3309059143,0.001193922,-0.0022055095,-0.0030921844,-0.0078162225,-0.0095026912,0.0053903102
15.3409252167,-0.0006899126,0.0016289765,-0.0031595973,-0.0035624886,-0.0083958134,0.0064499155
15.3510389328,-0.0016190894,-0.0003733521,-0.0032065061,-0.0067638727,-0.0084237773,0.0064507145
15.3613119125,0.0013640337,-0.0014286523,-0.0051999236,-0.0046497239,-0.0063049002,0.0032668386
15.3711061478,-0.003489662,0.0034075195,-0.0042724754,0.0049112905,-0.0019839213,0.00220477
15.3812122345,-0.0025376864,0.0054169111,-0.002291098,0.009146383,0.001229782,0.0011431674
15.3912353516,-0.0015903302,0.0025914724,-0.0012641695,0.0134047773,0.0023349938,0.002204437
15.4016571045,-0.0035765059,0.004648339,-0.0012210753,0.0123167699,0.0044332985,8.26967e-05
15.4113540649,-0.002652932,0.001832586,-0.002111688,0.0101841111,0.0044354289,0.0032686363
15.4214353561,-0.0007528551,-3.54236e-05,-0.0010684279,0.0069699949,0.0054763258,0.0043308381
15.431517601,-0.0027471371,-4.0417e-06,-7.7143e-05,0.0059348242,0.0022839943,0.0043295063
15.4418544769,-0.0018440373,0.0010073299,-0.0019859222,0.0069505265,0.0076047909,0.0053941719
15.4516859055,0.0010070913,0.0029786641,2.81784e-05,0.0048588794,0.0033421349,0.0053925738
15.4616756439,-1.31912e-05,-0.0008835977,5.13646e-05,0.0027372995,0.0022688808,0.0064549088
15.471821785,-0.0010487325,0.0001049454,8.66505e-05,0.0059376201,0.0022829955,0.0043305052
15.4820737839,0.000877481,-0.0017899161,0.0001160356,0.0048870565,0.0001249032,8.15648e-05
15.4919776917,0.0008422546,-0.0027116721,0.000153825,0.0058902698,0.0065002441,8.44942e-05
15.5019540787,-0.0001934357,-0.0036673134,0.0011563154,0.0005817367,0.0043722456,0.0064565064
15.5121040344,0.0007711463,-0.0046809502,0.0001836273,-0.00361434,-0.0031197595,0.0022066343
15.5223913193,-0.0002146251,-0.0037420874,0.0001556727,-0.0025885962,0.0011544811,0.0053937719
15.5322399139,-0.0002454706,0.0010507221,0.0001420233,-0.0047127325,6.79113e-05,0.0043319697
15.5422496796,0.0016940944,2.01279e-05,0.0001238438,-0.0025705937,-0.0009805751,0.0032683033
15.5523757935,0.0007556491,0.0009710604,-0.0018494275,-0.0003942577,-0.0052128704,0.002203838
15.5626163483,-0.0011785813,0.0019101317,-0.0018666533,-0.0014886046,-0.002012417,0.0064538433
15.5725078583,-0.0002323575,-0.0020055061,-0.0009014753,-0.005767772,-0.0009886979,0.006455441
15.5825042725,0.0017229728,-0.0030426269,-0.0009074357,-0.0035795588,-0.0062610907,0.008575717
15.5926408768,0.0017046146,-0.0040830262,3.5927e-05,-0.0078912154,-0.0020612858,0.0075171106
15.6029272079,0.0016876869,-0.0051767714,0.0019447657,-0.0153509434,-0.0031589079,0.0117647192
15.6127767563,0.0036717467,-0.0063330419,0.0018474909,-0.0238389689,-0.0085938871,0.0032697681
15.6227750778,0.0008316748,-0.0036512797,0.0007253739,-0.0216609314,-0.0128339054,0.0011442993
15.6329050064,-4.28446e-05,-0.0008911079,0.000610933,-0.0163258202,-0.0127942245,8.11655e-05
15.6431932449,9.62131e-05,-0.0009915715,0.0014731738,-0.0088275578,-0.0159462746,-0.0052316412
15.6530199051,-0.0017093904,0.0008607918,0.0004006478,-0.0120390635,-0.0149063114,-0.0041685076
15.6630392075,-0.0006109662,-0.0021665578,-0.0016282944,-0.0120304879,-0.0159594584,-0.0031081699
15.6731777191,-0.0014428087,-0.0012742763,-0.0046395804,-0.0088621248,-0.0127623323,-0.0052309753
15.6834487915,-0.0032889731,0.0006217176,-0.0066688205,-0.0089215403,-0.006405035,-0.0062877843
15.6933088303,-0.0052203126,0.0005976373,-0.0028097776,-0.0047473004,0.0032020523,-0.003098649
15.7033081055,-0.0023063011,0.0034996683,-0.0047407295,-0.0004877616,0.0042997412,-0.0030985824
15.7134437561,-0.0033678003,0.0044947676,-0.0037436632,0.0026837979,0.0075384113,0.0011494259
15.723698616,-0.001503516,0.0015812332,-0.0027160791,-0.0005513048,0.0107154297,0.0043360312
15.7335786819,-0.0016203709,0.000593614,-0.0007280257,-0.0026743775,0.0096427081,0.0053978339
15.7436351776,0.0021873228,-0.002366144,0.0032061788,-0.010121081,0.0074476642,0.0043376954
15.7537107468,0.0040750913,-0.0054136105,0.0051271175,-0.0132569522,0.0010744532,0.0075207059
15.7639932632,0.0050499551,-0.0055644996,0.0041004275,-0.0153338984,-0.0053363084,0.0032692354
15.7738437653,0.0051417463,-0.0018178408,0.0030156823,-0.0099039804,-0.0148595069,7.77032e-05
15.7838411331,0.0023461394,0.0019781108,0.0038820358,-0.0088209519,-0.0159201771,-0.000982834
15.7939796448,-0.0004044063,0.0009384865,0.0027913901,-0.0077128103,-0.0201756414,-0.004170638
15.8042545319,-0.0011669286,0.0009161645,-0.0002180484,-0.0013102787,-0.0212052856,-0.0084231067
15.8141107559,-0.0029136725,0.0018715675,-0.0032325534,-0.0034871465,-0.0169799142,-0.0084204432
15.8241081238,-0.0037479885,-7.00539e-05,-0.0032842306,-0.0014042882,-0.0116569214,-0.0084176473
15.8342447281,-0.0036511607,0.0018858726,-0.0052680518,0.000691087,-0.0073457966,-0.0009834332
15.8445205688,-0.0036111362,0.0018879587,-0.0052831317,-0.0014942233,-0.0020530967,8.2164e-05
15.8541431427,-0.0026344843,-6.6269e-05,-0.0052903439,-0.0004686406,0.0022140865,0.0022076329
15.8641653061,-0.0036383457,0.0018547291,-0.0043102647,0.0006091408,0.0011624041,0.002206834
15.8743238449,-0.0017237552,0.001860481,-0.0042923833,0.0027119732,0.0043709804,0.0032697015
15.8849592209,-0.0017489679,0.0009306485,-0.0023154167,0.0070029907,0.0022644866,8.31627e-05
15.8945999146,-0.0017757602,0.0010226483,0.0006432983,0.0112379491,0.0054640081,-0.0031017116
15.9046478271,0.0011410229,0.0011378641,0.0016907308,0.0102005955,0.0022582281,-0.005227047
15.9147834778,0.0011581592,-0.0006779021,0.0017373416,0.0112778433,0.0011996217,-0.0062896488
15.9250564575,0.0021815412,-0.0035255139,0.0007932636,0.0027834522,-0.0031260841,-0.0073512509
15.93491745,0.0012551658,-0.00347485,0.0017653558,-0.0025830828,2.4169e-05,-0.0052247173
15.944934845,0.0003158562,-0.0035104339,-0.0002115515,-0.00788661,-0.0031983892,-0.0041633137
15.9550209045,0.0013412349,-0.0045376606,-0.0012297777,-0.0089319004,-0.0053227926,-0.0031023107
15.9653787613,0.0004095547,-0.0016946082,-0.0012788918,-0.0089724855,-0.0010723877,-0.0020378453
15.9751148224,-0.0005791374,0.0001636857,-0.0032773165,-0.0068675233,0.0021638856,0.0032722314
15.9851818085,-0.0005892999,0.0020815546,-0.0013355162,-0.0036907187,0.0042936821,8.64917e-05
15.9952306747,-0.0006061085,0.0001154656,-0.0032876281,0.0016891323,0.0001170468,0.0032684365
16.0056018829,0.0032942407,-0.0018401926,-0.0022951511,-0.0004550852,0.0011733896,0.0053929733
16.0153999329,0.0052183382,-0.0077283569,-0.0003472713,-0.0067934087,-0.0052416325,0.0064531779
16.0255374908,0.0042622797,-0.0058837719,0.0005735609,-0.0099289073,-0.0116149774,0.0096363211
16.0355587006,0.0043367259,-0.0060025044,-0.0004847196,-0.0098862974,-0.0158589911,0.0096341902
16.0458717346,0.0024931245,-0.0032200699,0.0003748986,-0.0141326804,-0.0180399194,0.0064496491
16.0556735992,-0.0003506728,-0.0004467552,-0.0007131246,-0.0120937638,-0.0084653227,0.0075157122
16.0656585693,-0.0012636669,0.0062896125,0.0011538122,-0.0035507428,-0.0094998945,8.01e-05
16.0758075714,-0.004109133,0.0024108405,-0.000818446,0.0018040752,-0.0116029931,-0.004169506
16.0860805511,-0.0020725317,-0.0004747992,0.0001373741,0.0017375499,-0.0052360399,-0.004167242
16.0959339142,-0.0039460249,0.0015035684,0.0001081082,0.0017364845,-0.0052498886,-0.0062908474
16.1059932709,-0.0038685389,0.0025249238,-0.0018350033,0.0017407723,-0.0052514197,-0.0062893159
16.116065979,-0.0018397756,-0.0003800576,-0.0008845475,-0.0078207748,-0.0095793232,-0.0062890495
16.1264228821,0.0021612458,-0.0053222068,-0.0009247211,-0.0120760547,-0.0106216175,0.0022053025
16.1362686157,0.0012681596,-0.0034834628,-0.0010082868,-0.0120872399,-0.0095675392,0.0011440328
16.1462612152,-0.0006276257,-0.0016490703,-0.0010919718,-0.0110440264,-0.007435279,0.0011438997
16.156288147,-0.0005953498,0.0001900012,-0.0040779854,-0.0078841848,-0.0031494533,0.0032688361
16.1666755676,-0.0005662628,0.0010850544,-0.0050953175,-0.0046743043,-0.0042030662,8.18977e-05
16.1764392853,-0.0015541501,0.0010597224,-0.0041320468,-0.0036263503,-0.0020440419,0.0043299058
16.186548233,-0.0005834885,-0.0018950289,-0.0021943001,-0.0015215743,0.0011424967,0.0022086315
16.1965847015,-0.0005972572,1.94127e-05,-0.0021990684,-0.0015332922,0.0021896516,8.55594e-05
16.2070064545,-0.0015872307,9.5183e-06,-0.0002730039,-0.0025918195,0.0011200598,8.45609e-05
16.216796875,-0.0006150492,1.56278e-05,0.0007079694,0.0027209213,0.0032678992,-0.0031011126
16.2268772125,-0.0015888698,0.0019710178,0.0007145855,0.0006293012,-0.0010018805,-0.004164313
16.2369213104,-0.0005606897,-0.0009171551,0.0016752932,-0.0014639432,-0.0052853087,-0.0073513174
16.2472438812,-0.001495529,-0.0028872674,0.0026276561,-0.0036381753,-0.0010181924,-0.0009780403
16.2570571899,-0.0004909821,-0.0009976213,0.0006421062,-0.0089764809,-0.0010994186,-0.0062857205
16.2670574188,0.0005171113,0.0008865708,-0.0003712323,-0.0111164367,-3.74832e-05,-0.0030980497
16.2771568298,-0.0004594214,0.0007886404,-0.0004143861,-0.0164494179,-4.94674e-05,0.0022122934
16.2874832153,0.0024595074,-0.000312317,0.0005270097,-0.0100467252,2.78307e-05,0.0053955032
16.2973251343,0.0014837794,0.0015688355,-0.0004748252,-0.0004329802,-0.0009631314,0.003268969
16.307384491,0.0014896207,0.0015347714,-0.0014687326,-0.0046802424,-0.0031081743,0.0053921742
16.3174304962,0.0024897568,-0.0033768599,0.0004488084,-0.0046280455,-0.0084270397,0.0032659066
16.3278102875,0.0015558712,-0.0034294014,-0.0005680469,-0.0046380851,-0.0073306831,0.0085747186
16.3375778198,0.0006342046,-0.0025091951,0.0003616664,-0.0056982897,-0.0084494762,0.0011418358
16.3476715088,-0.0002722926,-0.0035439616,-0.0006686595,-0.0067407573,-0.0105820028,0.0011422352
16.3577251434,-0.0011674054,-0.0026444381,-0.0036581901,-0.0099645136,-0.0085018082,-0.0009795052
16.3680686951,-9.68166e-05,-0.0037148481,-0.002760723,-0.0109905768,-0.0127403615,0.0011413032
16.3777999878,0.0009936802,-0.0047874637,-0.0009024289,-0.0131360199,-0.0117049245,8.05662e-05
16.387928009,-0.0008832999,-0.0029556637,-3.13667e-05,-0.0131570306,-0.0095616793,0.0032665723
16.3979225159,-0.0027859397,-0.0001709049,-0.002055302,-0.0100094415,-0.0042356239,0.0022066343
16.4083137512,-0.0017453022,0.0036322589,-0.0060131694,-0.0067824079,-0.0063454462,8.30961e-05
16.4180583954,-0.0046605058,0.0036232288,-0.0050617005,0.0027056355,0.0054233288,0.002210163
16.4281787872,-0.0037287064,0.0026753361,-0.0079454929,0.0048360303,0.0054291207,8.50268e-05
16.4381904602,-0.0028092749,-0.0011892205,-0.0020710973,-0.0047878344,0.0074880105,0.0032738959
16.4486122131,1.06804e-05,-0.0080924816,0.0008747432,-0.013334292,0.0084953513,0.0064618327
16.4583129883,-9.4939e-05,-0.0063055642,0.0027816149,-0.01864703,0.0063475119,0.0096475063
16.468460083,-0.0011376031,-0.0035609489,0.0007799718,-0.0197063312,0.005235509,0.0032765591
16.4784584045,-0.000192482,-0.0017867272,-0.0012267377,-0.0153850857,-3.91477e-05,0.0022110282
16.4888420105,0.002749633,-0.0009198969,0.000688121,-0.0142752398,-0.0043023359,-0.0020377787
16.4986019135,0.0037676804,-0.0010180657,0.001604602,-0.0110632014,-0.0053353761,-0.0020391103
16.50872612,0.0057996325,-0.0049988516,0.0025182816,-0.014212016,-0.010682337,-0.0041644461
16.5186271667,0.0049524717,-0.006100256,0.0014344308,-0.015234936,-0.0149149001,-0.0009809034
16.5290851593,0.0031575374,-0.0052448697,-0.0016210226,-0.0141288983,-0.019155385,-0.0020462342
16.5389289856,0.001406651,-0.004439611,-0.0017715838,-0.018332433,-0.0255448408,7.52399e-05
16.5489463806,0.0016183071,-0.0016728227,-0.0019442585,-0.0172834918,-0.0234003961,0.0022003758
16.5590324402,-0.0011641569,0.002091896,-0.0020742563,-0.0109568881,-0.0159382187,-0.0009829006
16.5693225861,-0.0039600618,0.0039564185,-0.0041138674,-0.0056337612,-0.0148299448,-0.0009843654
16.5791301727,-0.0038434155,0.0039540641,-0.0032006649,0.0049949139,-0.0104927206,-0.0009848981
16.5892028809,-0.0076857395,0.0118532293,-0.0032048968,0.0187925659,-0.0029728196,-0.0052312417
16.5993556976,-0.0086727031,0.0130704455,-0.0021174101,0.0282816738,0.008809804,-0.0009805704
16.6096382141,-0.0048377998,0.0103743784,-0.0010000018,0.0175826102,0.0107768811,-0.0105336625
16.6194133759,-0.001958359,0.0047271363,-0.0008687523,0.0165277328,0.0097273299,-0.0073485216
16.629447937,-0.0039926656,0.0058511011,-0.0007860211,0.0132862134,0.0139780678,-0.0020366469
16.6396083832,-0.0011793263,0.0030086453,-0.0006852892,0.0058179111,0.0139335934,0.0011506244
16.6498794556,0.0016316585,0.0001206512,-0.0006044057,0.0037116446,0.0118474718,0.0096453754
16.6596622467,0.0014942698,-0.0008299535,-0.0005443242,0.0079583209,0.0139998384,0.0085835736
16.66979599,0.0003717653,0.0011325295,-0.0033977178,0.0101215793,0.0108294124,0.0075187748
16.6797924042,0.0022243373,-0.0026548391,-0.002326384,0.0165334065,0.0098035624,0.0043312376
16.6902160645,0.0011606328,-0.0024958139,-0.0022210029,0.0240019225,0.009840847,8.24303e-05
16.6999130249,0.0001164191,-0.004208643,-0.0011178402,0.0261553526,0.0077097854,-0.0041663768
16.7100658417,0.0020049624,-0.0069031306,0.0009521696,0.0218766928,0.0087475525,-0.0020413739
16.7200622559,0.0009587519,-0.0096455701,-0.0008757261,0.0133268796,0.0097062904,-0.0062859198
16.7304840088,-0.0010678656,-0.0075987764,-0.0008195785,0.0069362526,0.0085888281,-0.0062843221
16.7401752472,-0.0011100955,-0.00460108,0.0002106282,0.0058691241,0.0085795075,-0.0062840562
16.7503356934,-0.0031349249,0.0003217871,0.0012098404,0.0058283247,0.0128371026,-0.0041580545
16.7603302002,-0.004211206,0.0042861812,0.0012669417,0.0079508647,0.0139029007,-0.006281659
16.7707099915,-0.0004177876,0.0024381692,0.00234364,0.0057933829,0.016021179,-0.0041575218
16.780462265,-0.0004720874,-0.0004536992,0.0014207216,-0.000502863,0.0053552184,-0.0041612498
16.7905864716,0.0053873174,-0.0053523369,0.0014369342,-0.0089828735,1.69785e-05,0.0022092308
16.8006076813,0.0054122321,-0.0074003823,0.0013851378,-0.0120963743,-0.0084643904,0.0075147804
16.8110198975,0.0054841153,-0.0055736788,0.0013006184,-0.0088554937,-0.012693557,0.0053875139
16.820728302,0.0036416762,-0.0047204681,-0.0007445958,-0.0109817609,-0.0138078239,7.85021e-05
16.8307514191,0.0018080585,-0.003841806,-0.0027821211,-0.0099019576,-0.0148531143,0.0011400383
16.8409004211,-0.0009971149,-0.0039153285,-0.0019031909,-0.0088582635,-0.0127494838,-0.0031063722
16.8512229919,-0.0028802045,-0.0030135696,-0.0019856838,-0.0110604325,-0.0053292508,-0.0009765091
16.8610801697,-0.0047963746,-0.0021178012,-0.0020514873,-0.0111147603,-3.80825e-05,-0.0030974504
16.8710784912,-0.0038408227,-0.0012203043,-0.002062693,-0.0111715654,0.0052681994,-0.0030960524
16.8811264038,-0.003895808,0.0025904591,-0.0011147406,-0.006913702,0.0063664867,-0.0030965852
16.8915233612,-0.0029916652,0.0064635687,-0.0040103937,0.0026262989,0.012830711,-0.0009726475
16.9012584686,-0.001124341,0.0094187073,-0.0020048765,0.0058900025,0.0064718816,-0.0041620489
16.9113960266,-0.0002208836,0.0046198778,0.0019414874,0.0027013738,0.0054177362,0.001147029
16.9214019775,0.0036576204,0.0007250721,0.0019875618,-0.0004339656,-0.0009485506,0.0053918418
16.9317646027,0.0036684982,-0.0012514179,0.0019661637,-0.005702843,-0.0073764226,0.0032677706
16.941532135,0.0027497523,-0.0062252469,-0.0019881872,-0.0110049313,-0.0105852652,0.0064529115
16.9516010284,0.0028370433,-0.0053790696,-0.0011043098,-0.0131209726,-0.0127461543,0.0032664391
16.9616527557,-9.3169e-06,-0.0045150705,-0.0012027767,-0.0110192066,-0.0095514264,0.002205702
16.9721870422,-0.0028554089,-0.0007018631,-0.0042089368,-0.0025160247,-0.0063358592,-0.0041651782
16.9818096161,-0.0027936287,0.0012876505,-0.0061640288,0.0113129718,-0.0019845203,-0.0062901145
16.9918441772,-0.0037456639,0.0023815746,-0.0051607038,0.0101882387,0.0032771535,-0.0115967961
17.001953125,-0.0027921386,-0.0013880318,-0.0050826217,0.0111941146,0.0096871164,-0.0062848548
17.0123538971,-0.0028766878,-0.0022615378,-0.0020862964,0.0037355861,0.0085677225,-0.0052216547
17.0220775604,-0.0019498952,-0.0051457174,-0.0010763553,-0.0005419841,0.0096122148,-0.0020346497
17.0321331024,-0.0029933639,-0.0012874489,-0.0001026538,-0.005855442,0.0074575171,8.91547e-05
17.0422019958,-0.0010906048,0.0035508985,-9.53224e-05,-0.0005086139,0.006450044,0.0011490928
17.0525894165,-0.0011640973,0.0055058114,0.0018948171,0.0101673333,0.0065913913,0.0085793789
17.0623245239,-0.0012454279,0.0084988587,0.000970349,0.0112179499,0.0075855493,-0.0031001805
17.0724029541,-0.0013216622,0.0056836717,0.0010599943,0.009074159,0.0086275106,-0.0030987156
17.0825119019,0.0045300238,0.0018828029,0.001139507,0.0101812351,0.0043581976,-0.0084101241
17.0928153992,-0.0004051514,-0.0028616076,0.0011867138,0.0080161644,0.0075648427,-0.0020379119
17.102678299,0.0015084259,-0.0037605946,-0.0006950048,0.0037583029,0.0064665554,-0.0020373794
17.1126670837,0.0014799349,-0.00471415,-0.0006734279,0.0016342709,0.005401291,8.56927e-05
17.1228103638,0.0004585199,-0.0008074528,-0.0006485131,0.0016449243,0.0043402873,8.51601e-05
17.1330795288,-0.0005486794,0.0001663679,-0.002583876,0.0038225381,0.0001146498,8.27633e-05
17.1429405212,0.0004081242,0.0002030248,-0.0025597957,0.0048587732,0.0033208295,0.0022076995
17.1529483795,0.0023189001,-0.0007279998,0.0004002306,0.0027446756,0.001187704,0.0032683699
17.1630687714,0.0013248138,-0.0046288855,-0.0005736497,-0.0026010871,0.0022090264,0.0043320367
17.1733360291,0.002297651,-0.0046747215,0.0003841969,-0.0046905223,-0.0020473043,0.0053928401
17.1831703186,0.0013244264,-0.003757376,-0.0015964059,-0.0035914369,-0.0052209934,0.0053909756
17.1932029724,-0.0035253055,-0.0008787995,-0.0016468313,-0.0014688168,-0.0041765682,8.25635e-05
17.2032718658,-0.0044936128,0.0020392651,-0.0016638186,0.0016681207,0.0022104911,-0.0009768419
17.2136154175,-0.0015664883,0.0020803625,-0.0016232874,0.00913525,0.0022696131,-0.0020413073
17.2234210968,0.0003943555,0.0011863823,-0.0025512723,0.0081187226,-0.0030793457,-0.0073527154
17.2334804535,-0.0005355068,0.0002839977,-0.0015759615,0.0027751969,-0.0020588222,-0.0062882504
17.2436008453,0.000464987,-0.0016018038,0.0004057738,0.0048780292,0.001149754,-0.0052253827
17.2538833618,0.0014655106,0.0004299099,-0.0005458739,0.0070325788,-0.0009319058,-0.0020425059
17.263967514,0.0024636798,-0.001458097,0.0004507753,0.0059878207,-0.003049385,8.02999e-05
17.2737464905,0.0025103204,-0.0014412289,-0.0005370525,0.0017660977,-0.0073037185,0.0043271761
17.2838802338,-0.0003771074,-0.0014576202,-0.0015378145,0.0006877845,-0.0062589608,0.0032661727
17.2942028046,-0.0023016222,-0.0014968698,-0.0006113795,-0.0035691448,-0.0073575806,0.0032670384
17.3039302826,-0.0012935288,-0.0054437108,0.001297817,-0.0078589655,-0.0052728583,0.0032691688
17.3140087128,-0.0012960024,-0.0035998111,0.0002808425,-0.0100665651,0.002156429,0.0064587039
17.3241539001,-0.0003329702,-0.0047294684,-0.0036593822,-0.0143036544,-0.0010707895,0.0053963689
17.3344173431,-0.002288986,-0.0048531778,-0.0046893503,-0.0078588054,-0.0052658007,0.0043308381
17.3442802429,0.0016362779,-0.0029585843,-0.0027696637,-0.0025343467,-0.0041651167,0.0032682368
17.3542881012,0.0016780309,0.000937354,-0.0018077042,0.0038638972,-0.0041431459,-0.0020430386
17.3644008636,0.0017159395,0.0010056908,0.0001451227,0.0113231447,-0.0030168949,-0.0020443699
17.3746852875,-0.0002125986,-0.0007891839,0.0011687132,0.0242026709,-0.0091750547,0.0128154028
17.3845481873,-0.0031367727,-0.0025958007,-0.0016986277,0.0145164886,-0.0019288603,-0.0020437043
17.3945465088,-0.0011337288,-0.0034586673,0.0012544247,0.0049447939,-0.0051817116,8.04996e-05
17.4046821594,-0.0020949133,-0.0014744883,0.0022384974,-0.0004558302,0.0011238548,-0.0020385778
17.4149665833,-0.0050628074,0.0004531557,0.0002809617,-0.0047781682,0.006391787,-0.002035049
17.4248046875,-0.0031576343,0.0024098868,-0.001644626,0.0027013198,0.005382183,-0.0041610505
17.4348182678,-0.001188267,0.0053499751,-0.0006571558,-0.003649014,-6.9235e-06,-0.0084088594
17.4449100494,-0.0002144165,-0.0004857665,0.0003266188,-0.0015333984,0.0021683467,-0.0030993149
17.4552993774,0.0007708482,0.0033891613,0.0003222081,-0.0015141433,4.70721e-05,-0.0031011123
17.465007782,-0.0002100356,0.003394794,0.0003263804,-0.000457135,0.0011243207,-0.0020390439
17.4750766754,-0.0002165325,0.0023894424,-0.0006601957,-0.0058030859,0.0021457095,-0.0009754439
17.4851455688,-0.0002206452,0.0033071155,-0.0016543415,-0.0047348924,0.0021688791,0.0011478945
17.4955310822,-0.002230037,0.0052104108,-0.0016689447,-0.0015337979,0.0022254048,0.005393439
17.5053157806,-0.000333447,0.0032316262,-0.0016423609,-0.0005098125,0.0064718155,0.0043335012
17.5154132843,-0.0013787933,0.0032478089,-0.0016076711,0.0080234613,0.0076049236,0.0043343669
17.525434494,-0.0014792271,0.0042987876,-0.0005732921,0.0112019433,0.0097341202,0.001149226
17.5358390808,0.0004049651,0.0014679844,-0.0004936007,0.0122971162,0.0065618297,0.0011459637
17.5455780029,-0.0006532855,0.0016153867,0.0015443418,0.0208341442,0.0066363979,0.0011438332
17.5556907654,-0.000700254,0.0027568454,-0.0012811569,0.0197652318,0.0066063711,-0.0020413741
17.5657119751,-0.000744123,0.0029266293,-0.0021587757,0.0219117403,0.0055847829,0.0011429676
17.5760345459,-0.0017827936,-0.0027596836,-0.0010794548,0.0112306532,0.0065736147,0.0043313042
17.5858364105,-0.0008810349,-0.0075658448,0.0009177777,0.0059386855,0.002296844,0.0064541097
17.5959014893,4.80823e-05,-0.0085546263,0.000939891,-0.0036754068,0.0032808154,0.007518908
17.6059932709,0.0019537024,-0.0057050176,0.0019131156,-0.003686592,0.0043348945,0.0064576385
17.6163368225,0.0019132011,-0.003813613,0.0009170625,0.0006259456,0.0001490046,0.0096397828
17.6260948181,0.0018602125,-0.0028737073,0.0009221288,0.002738365,0.0022827291,0.0085785137
17.6361541748,0.0028255992,-0.0018985157,-0.0010051278,0.0038574254,-0.0030551776,0.0022054357
17.6462421417,0.000904303,-0.0038215702,-5.00825e-05,0.0017439406,-0.0052027507,0.0011431008
17.6565818787,-6.162e-05,-0.0047749169,0.0009196255,0.0006531626,-0.0031105715,-0.0020412409
17.6663684845,0.0009461455,-0.0008647924,0.0018920752,0.0017202916,-0.0031012504,-0.0020415073
17.6764068604,1.07698e-05,0.0010967369,-7.6249e-05,0.0016925689,9.44764e-05,8.48272e-05
17.6865119934,-0.0009723492,0.0030506665,-0.0010431556,0.0038278913,0.000126967,0.0022078992
17.6969051361,-0.0009914227,0.0030516202,-0.0029814986,0.0017001312,-0.0009369659,0.0043296395
17.7066478729,0.001929801,0.001088124,-0.0029741672,-0.0025449479,-0.00306856,0.0085768485
17.7167301178,0.001910191,-0.0028764789,-0.0029833463,-0.006800279,-0.0041464083,0.011763121
17.7268180847,-4.87156e-05,-0.0020101254,-0.0020682362,-0.0089244172,-0.0052329777,0.0107013192
17.7371692657,0.0009256713,-0.0021411662,-0.0011484172,-0.0110667152,-0.0041915486,0.0107033169
17.7469501495,-0.0010088868,-0.0012738293,-0.0041269208,-0.0035776412,-0.0062760045,0.0064531779
17.7570323944,-0.0039282329,0.0006381983,-0.0031877903,-0.0025661467,-0.0009750489,0.004331504
17.7670936584,-0.0049073286,-0.0022763496,-0.0022163538,0.0038344953,-0.0009468195,8.26966e-05
17.7774276733,-0.0049188323,-0.0022349542,-0.0012170223,0.0059141316,0.0043417523,-0.0052237185
17.7872180939,-0.0049420781,-0.0021826809,-0.0011847165,0.002666939,0.0085162576,-0.011591603
17.7972869873,-0.0040052123,-0.0030971353,-0.0030732898,0.0036715642,0.0149124376,-0.0084033329
17.8073005676,-0.0040820427,0.0018409605,-0.0020502356,0.0047583999,0.0127789797,-0.011590071
17.8176116943,-0.0022111423,0.0009015316,-5.40164e-05,-0.0005428093,0.0095840516,-0.0062813926
17.8274917603,0.002592992,-0.0010173505,7.1379e-06,0.0047528865,0.0139092915,-0.0009715823
17.8374671936,0.0025131218,0.0038762803,-0.0009193567,0.0037671439,0.0053919698,-0.004161783
17.8475856781,0.0024609976,0.001955163,8.53988e-05,0.0016169073,0.0075645763,0.0064578382
17.8579483032,0.0053279214,-0.0019576733,0.001085982,-0.003640837,9.68734e-05,0.0075182426
17.8676967621,0.0033254437,-0.0010409837,0.0020407292,-0.004717554,0.0011624041,0.0096426457
17.8778247833,0.0013303272,-0.0001569277,0.0010469409,-0.0057714721,0.0001053952,0.0117665166
17.8878993988,0.0013010316,0.0007471258,5.01725e-05,-0.0046958225,-0.0009739839,0.0075185089
17.8982429504,-0.0016275235,0.0016654844,-0.0009609607,0.000624774,0.0001138509,0.0043313038
17.9079551697,-0.0035995431,0.0016382153,0.0009662959,-0.0014892425,-0.0020406465,0.0022071667
17.9180908203,-0.0026264973,0.0026514942,-0.0009479073,0.011285834,0.0012536838,0.0022061015
17.9280567169,-0.0036454387,0.00469492,-0.0018763689,0.0133870682,0.0044414876,8.35622e-05
17.9384994507,-0.0017485209,-0.0010307913,-0.0008015183,0.0112465518,0.0055036228,0.0032710331
17.9482421875,0.0021131746,-0.0029096787,-0.0026828793,0.0091554374,0.0012478916,0.0043312376
17.9583702087,-0.0008831508,-0.0008963829,-0.0026511697,0.0091014281,0.0065531745,0.0043336344
17.9683551788,-0.0009749718,-0.0018179005,-0.003566995,0.009082254,0.0087028779,0.0085819084
17.978767395,-9.27932e-05,-0.0017782038,-0.002520099,0.0059188721,0.0044183182,0.0064557078
17.9883861542,0.0018046908,-0.0046834834,-0.0005407479,0.0005933493,0.0033037853,0.0053947042
17.9985351562,0.0007782988,-0.0037052815,0.0004563782,0.0037856,0.0043850951,0.004333368
18.0092506409,-0.0002383478,0.0012037272,0.0004752728,0.0069736703,0.0054394407,-0.0009759099
18.019487381,-0.0022090562,0.0022675807,-0.0004645136,0.0134159634,0.0012311137,-0.0041655777
18.0294208527,-0.0032139011,0.0004928822,0.0005888793,0.0187303014,0.0033997255,-0.0041658441
18.0395240784,-0.0012866445,0.0006424898,0.0026178809,0.0144173643,0.0075928727,-0.0062865196
18.0495471954,-0.0003463812,-0.0001793986,0.0036700221,0.0112282289,0.0065246788,-0.003100846
18.0596237183,0.0025855117,-0.003025878,0.0008125159,0.0017070556,-0.0020464386,-0.0031035093
18.0690326691,0.0016254596,-0.0049823411,-0.0001720932,-0.0036376426,-0.001011268,8.3762e-05
18.0789299011,0.0026216321,-0.0050491877,-0.0002092269,-0.0078722285,-0.0042109229,0.0032687695
18.0890541077,0.0046101324,-0.0002792364,-0.0002600101,-0.0057369052,-0.0041784327,0.0053918418
18.0993366241,0.0026492886,0.0035217518,-0.0003177074,-0.0089360531,-0.0042071943,0.0053934394
18.1091194153,0.0017023496,-0.0004263406,-0.0013158468,-0.0025556535,-0.0020431099,0.003269302
18.1192436218,-0.0002397187,0.0005075151,-0.002324119,-0.0025481423,-0.0031101054,0.002206035
18.1292610168,-0.0002069659,-0.003385592,-0.0003763583,0.0006633624,-0.0041500693,0.0011429011
18.1396484375,-0.0001792498,-0.0004801636,-0.0023597626,-0.0004144982,-0.0031268166,-0.0031027771
18.149394989,-0.0020781346,0.0005194062,-0.0004334596,0.0017298786,-0.0041761026,-0.0041656443
18.1595363617,-0.0020546801,0.0015085752,-0.0023684052,0.0027666744,-0.0009701222,-0.0020405084
18.1695461273,-0.0039980002,0.0015603418,-0.0013883259,0.00594569,0.0011659993,-0.0041638468
18.1799163818,-0.0049693771,0.0006263072,-0.0023483185,0.0027554892,8.39571e-05,-0.0031017782
18.1896629333,-0.0030002482,-0.0012951975,-0.0003791598,-0.0025785565,5.81243e-05,8.49604e-05
18.199848175,-0.0020539649,0.0016045982,-0.0003887561,0.002705236,0.0054305857,0.0032716324
18.209821701,-0.0030925162,0.0045639686,-0.0013209131,0.0080403462,0.0054702666,0.0022084983
18.220199585,-0.003148634,0.0085449927,-0.0012743619,0.0133438716,0.0086928252,0.0011470956
18.2299232483,-0.0022546239,0.0047944002,-0.0001881865,0.0175916143,0.0108590405,0.0022088978
18.2400455475,-0.0004164465,0.0039659552,-6.89176e-05,0.0143904407,0.0108238868,0.0011481609
18.2500839233,0.0004611723,-0.0008041447,-0.0009482053,0.0122481938,0.0119008683,0.0064582378
18.2605953217,0.0003821068,-0.0036815291,7.60409e-05,0.0027137036,0.0043561333,0.0011470956
18.2704029083,0.0013249926,-0.005622942,0.0010644051,-0.0015217876,0.0011496873,0.0032701674
18.2804298401,0.0033022575,-0.0076244362,0.0010422322,-0.009970611,-0.0074139736,0.0032691024
18.2905673981,0.0023762994,-0.0057743974,0.0019450041,-0.0088928305,-0.0084656551,0.0032683033
18.3008518219,-0.0004686601,-0.000990588,0.0008894655,-0.0013851933,-0.0126853678,-0.0031071045
18.3106956482,-0.0032886751,0.0038979466,-0.002083197,0.0092520043,-0.0094368439,-0.0073553794
18.3206825256,-0.0042011328,0.0050204806,-0.003997996,0.0155492881,0.0012500884,-0.0041664434
18.3308315277,-0.0022702403,0.0002717192,-0.0029453186,0.0080698002,0.0022596929,-0.0020404421
18.3411216736,0.0006363802,-0.0074727722,-0.0009427217,-0.0015403498,0.0032849435,0.0053954367
18.3509597778,0.0005599968,-0.0065681227,-0.0028902439,-0.0047726277,0.0064538387,0.0075214379
18.3609733582,-0.0014891811,-0.0056626685,-0.00095202,-0.0058388514,0.0064513087,0.0085836397
18.3710632324,0.0003945641,0.0020670409,-0.0028876213,0.0048308382,0.0065237465,0.0053955698
18.3813400269,-0.000658948,0.0050203614,-0.0018848326,0.0058919471,0.0064996453,8.50935e-05
18.3912334442,0.0012633316,0.0002354795,0.000125334,0.0123490468,0.0012644031,0.0022044373
18.4012317657,0.0041983537,-0.0035481339,0.0021319243,0.0091804713,-0.0019753324,-0.0020425059
18.4113616943,0.0061761551,-0.0074027665,0.0021532627,-0.0003693579,-0.0073503898,8.08324e-05
18.4216423035,0.003332179,-0.0074517615,0.00110589,-0.0110096438,-0.0106191542,0.0011431673
18.4312782288,0.0004874282,-0.007609535,1.7986e-05,-0.0195370875,-0.0117685748,-0.0009788394
18.4413127899,0.0005778782,-0.0019093042,-8.10769e-05,-0.0163921602,-0.0064771399,-0.0073477891
18.4514217377,-0.0012672134,0.0028403217,-0.0021373776,-0.0099563645,-0.0095903752,-0.0052273804
18.4620552063,-0.0031297393,0.0037582929,-0.0022077111,-0.0035857102,-0.0063584959,-0.0062890495
18.4716777802,-0.0020973571,0.006704133,-0.002216175,0.0049198931,-0.0030939931,-0.00522778
18.4817371368,-0.001069326,0.0048355274,-0.0012297777,0.0059985537,-0.0041317604,-0.0031050406
18.4918861389,-0.001056958,0.0009826536,-0.0021792797,-0.0004228605,-0.0020310592,0.0022066343
18.5021438599,-0.0010219403,-0.0019598489,-0.000259116,-0.0089066261,-0.0074106446,0.0022061015
18.5120315552,0.0019600205,-0.0030380969,0.000667319,-0.0110387532,-0.0074015902,0.0064538433
18.5220432281,2.45385e-05,-0.0012043898,0.0015692565,-0.0110559827,-0.0052739237,0.0075179762
18.5321331024,0.00101633,0.0015597458,-0.0004491952,-0.0131572178,-0.0084617278,0.0096405149
18.542432785,0.0030429773,0.0004522616,-0.0024677066,-0.0120955221,-0.0084931524,0.0032686363
18.5522956848,0.0001478903,0.0003255123,-0.0044902707,-0.0121375993,-0.0042422148,0.0043325694
18.5622825623,0.0001758747,-0.0026910191,-0.0025991944,-0.0078585139,-0.0052943635,8.44942e-05
18.5724124908,0.0002203398,-0.0027369743,-0.0016605405,-0.0046688458,-0.0042192452,-0.0020393766
18.5826950073,-0.0026842244,-0.0037540083,0.0012132976,-0.0089401286,-0.0042626546,-0.0031009126
18.5925693512,-0.0036564656,-0.0028744226,-0.0027244834,-0.0111361723,0.0021124203,0.0011500251
18.6025676727,-0.0016818531,-0.0010021811,-0.0008154658,-0.0089828447,-3.99468e-05,-0.0062836562
18.6126747131,-0.0016673096,0.0018419439,0.0001091215,-0.003665844,0.0021632866,-0.000974911
18.6229782104,-0.0007146783,0.0047418885,0.0001122805,-0.0004640585,0.0021839924,-0.0020371797
18.6328315735,0.0012471192,0.004755985,0.0020614716,-0.0025455849,-0.0031465907,-0.0031011123
18.6428546906,0.0022652559,-0.0001472121,0.0010678621,-0.0067815576,-0.0063244076,0.0032682368
18.6529464722,0.0023045056,-0.000205416,0.002973065,-0.0089051612,-0.0074040527,0.0032682368
18.6632575989,0.0014204197,-0.0012907868,0.000941858,-0.0098980684,-0.0148473885,0.0022030389
18.6731014252,-0.0004323609,0.0005729312,-0.0001294163,-0.0088628978,-0.0116550568,0.0022043705
18.6831035614,-0.0003158934,0.0005074853,-0.0002047566,-0.0046193097,-0.0095229307,-0.0020433716
18.6932029724,-0.002176661,0.0014392848,-0.0002546457,-0.0024957061,-0.0084432857,-0.0020433716
18.7035236359,-0.0021087117,0.001434725,-0.002236977,-0.0003701821,-0.0073785535,-0.0041659107
18.7133712769,-0.0030050762,-0.0014722531,-0.002265766,-0.001458616,-0.0052658678,-0.0041645793
18.7233886719,-0.0019848831,-0.0014662927,-0.0022653488,-0.0025302721,-0.0052593425,-0.0020427057
18.7334823608,-1.08e-07,-0.0034637039,-0.000351086,-0.0111088464,-0.0010760494,8.516e-05
18.7437820435,-5.8301e-06,-0.0035855358,0.000567958,-0.0142968642,-0.0021446429,0.0032712328
18.7536506653,-0.0009511597,-0.0017697697,-0.0014453676,-0.0110736405,-0.0042317621,0.004331171
18.7636585236,5.9586e-05,-0.0009142643,-0.0024821905,-0.0110517498,-0.0063610924,0.0032687029
18.7737083435,9.3054e-05,-0.0010364836,-0.0035261062,-0.0142637882,-0.0053280527,0.0032700342
18.784078598,-0.0018726476,0.0008041078,-0.0026093868,-0.0100786826,0.0032108407,0.0053971009
18.793838501,4.46253e-05,0.0007132405,-0.0016585734,-0.0100280838,-0.0021287974,8.54263e-05
18.8039054871,-0.0009168573,-0.0022845452,-0.0016861109,-0.0121283596,-0.0053738588,-0.0062845889
18.8140163422,-0.0028811879,-0.0033735817,-0.0017526296,-0.0143558281,0.0041911504,-0.0009702507
18.8243293762,-0.0019206889,-0.0034974699,-0.0008243468,-0.0143485023,0.0031242217,-0.0020335843
18.8341083527,7.283e-06,-0.0006731933,0.0030454251,-0.0111252787,0.0010371023,-0.0009736461
18.8441734314,0.0009831302,0.0001873786,0.0039709662,-0.0153618883,-0.0021689441,0.0011490263
18.8542728424,0.0029880516,-0.0008971578,0.0009941908,-0.0089181047,-0.0063778041,-0.0020401091
18.8646297455,0.0011133663,0.0009501392,-0.001045659,-0.0120860683,-0.0095821861,-0.0009787728
18.874376297,0.0021683089,-0.0001342183,-0.000132933,-0.0142187262,-0.0095800553,0.002207167
18.8844490051,0.0012771897,0.0026929791,0.0007487389,-0.0099398522,-0.0106250132,-0.000979372
18.8945159912,0.000377398,0.002625149,-0.0002886203,-0.0078263683,-0.0084774401,8.2963e-05
18.9049320221,0.0014213137,-0.0013569181,-0.0022870449,-0.0088835098,-0.0095190685,0.0043289075
18.9146404266,0.0024387948,0.0024402256,-0.0042920853,-0.0078249034,-0.0084210467,0.0085763829
18.9247055054,0.0004926436,-0.0015610044,-0.0014422085,-0.0142711913,-0.004239752,0.0075181755
18.9347743988,0.0004901104,-0.0036748832,-0.0005206016,-0.0185732618,-0.0011147985,0.0043354318
18.9451828003,0.0024560206,6.29837e-05,0.0003676268,-0.0153562445,-0.0021353886,0.006459103
18.954908371,-0.0004847534,0.0009060318,0.0002914521,-0.0078336131,-0.0073820818,0.0053927731
18.9649906158,-0.0023762174,0.0056784563,-0.0026922969,-0.0056816982,-0.0095054861,0.0022050363
18.9750537872,-0.000338871,0.0017623121,0.001156077,-0.0034845909,-0.0158667136,7.77033e-05
18.9853897095,-0.0041563101,0.0017453546,0.0030445906,-0.0014031967,-0.0105503118,-0.0009816358
18.9951496124,-0.0040559061,-0.0011916345,-0.0008838323,-0.0025033485,-0.0073904712,-0.0031033759
19.0053215027,-0.0029727407,-0.0031582897,0.0010136219,-0.0056940019,-0.0084510073,0.0011433671
19.0153903961,-0.0038952716,-0.000320155,-0.0039180066,-0.0100051276,-0.0042442791,0.0011465629
19.0257301331,-0.005822707,-0.000392366,-0.0039603855,-0.0068166312,-0.0031545137,0.0011454977
19.0355300903,-0.0019115396,-0.0004536098,-0.0049448158,-0.0047553442,0.0043119248,0.0043341005
19.0455608368,-0.0019617267,0.0005127007,-0.0049291397,0.0026933048,0.0064849313,0.0022100962
19.05560112,-0.0020626672,0.0005185718,-0.004885986,0.0037295409,0.0096911108,0.0043350328
19.0660037994,-0.0022151656,-0.0014207547,-0.0038488058,-0.0005953535,0.0160456132,0.0085884333
19.0758247375,-0.0013969131,-0.0043966956,-0.0018655208,-0.0080237091,0.0117225032,0.0064645624
19.0859870911,0.0004532747,-0.0044570751,9.52336e-05,-0.0058622612,0.0085384948,0.0032758934
19.0958843231,-0.0015763827,0.0003376121,0.0020382258,-0.0079762777,0.0063839974,0.0011517562
19.1062221527,0.0003451817,-0.0016508882,0.0039815162,-0.0058025531,0.0021526339,8.63585e-05
19.1160545349,0.0003604703,-0.0016854589,0.0049298261,-0.0068281367,-0.002114549,-0.0020391103
19.1260795593,0.002374541,-0.0017344241,0.0039222096,-0.0078184316,-0.0095588164,-0.0031033759
19.1361408234,0.0005407743,0.0001664574,0.0028660151,-0.0077987248,-0.011701596,-0.0062898481
19.1464614868,-0.0013007708,0.0030353779,-0.0001219061,-0.006760438,-0.0084961485,-0.0041641798
19.156255722,-0.0012345798,0.0030081982,-0.0001605895,-0.0003986787,-0.0041754362,-0.0009782403
19.1663246155,-0.0001996644,0.0030038471,-0.0040640379,0.0017333152,-0.0041488712,8.20309e-05
19.176366806,-0.0011590905,0.0030360932,-0.0050331498,0.0027562352,8.36907e-05,-0.0031015119
19.1867694855,0.000765603,-0.000836361,-0.0069452072,0.0037951078,0.0033316154,0.0053940383
19.1965885162,0.0016772561,-0.0018171852,-0.0069210078,0.0016512629,0.0043878248,0.0075187082
19.2066516876,0.0005893223,-0.004763145,-0.004950061,-0.004803814,0.0096792597,0.013892984
19.216709137,0.0024072342,-0.0078090914,-7.15402e-05,-0.0154750999,0.0095860492,0.0138956476
19.2270717621,0.0022747926,-0.0050887354,0.0008588883,-0.0218437836,0.0063250083,0.0107115721
19.2368507385,0.0022256486,-0.0053052492,0.0017586801,-0.0207148679,-5.93876e-05,0.0064609009
19.2468948364,0.0002723746,-0.002594251,0.002629325,-0.021725405,-0.0064676851,0.0011472953
19.2569503784,0.0022958033,-0.0017953997,0.0034983607,-0.0205858387,-0.0139130848,-0.0031039088
19.2673053741,0.00246666,-0.0019199138,0.0062817787,-0.017311804,-0.0213470329,-0.0084171807
19.2770442963,0.0007155649,0.0018929655,0.0061443304,-0.0098317834,-0.0223497134,-0.0094813798
19.2871513367,-0.0019745417,0.0047593825,0.0001869056,-0.0034385184,-0.0212403052,-0.0105436491
19.2972183228,0.0002296381,0.0037845189,-0.0008815673,-0.0087533882,-0.023415843,-0.0116051845
19.3075714111,0.0004626028,-0.0011403745,-0.0019561795,-0.0109168068,-0.020202674,-0.0041707712
19.3173427582,-0.0013670214,0.0006797129,-0.0011034753,-0.0195150897,-0.0138765993,0.0011435669
19.3274173737,-0.001264561,-0.0034705286,-0.0022373346,-0.0365722626,-0.0150605086,0.0053959694
19.3374862671,-0.0002340264,-0.0106473751,-0.0033714322,-0.0408988334,-0.0086556058,0.0170800555
19.347826004,0.000772696,-0.0003680175,-0.0045562531,-0.0409120172,-0.0076150424,0.0138948485
19.3576183319,-0.0021519251,0.0012143666,-0.0037627367,-0.0313094556,-0.0075519248,0.010707045
19.3676280975,-0.0011480041,0.0029095823,-0.0009752658,-0.0238411017,-0.0075216987,0.0053965687
19.3777885437,-0.001098115,0.0037337954,-0.0010638979,-0.0121058822,-0.007460712,-0.000977175
19.388130188,-0.0009933598,0.0007647687,-0.0001542118,-0.0024399906,-0.0137562901,-0.0031067715
19.3978614807,0.0001223199,-0.0001852399,-0.0001900938,-0.0003094627,-0.0137861185,-0.0105399201
19.408000946,-0.0026856251,-0.0001498943,0.000731692,0.0018166974,-0.0126931574,-0.0084157828
19.418056488,-0.0005688258,-0.0040273853,0.0006930086,-0.0056318976,-0.0148804113,-0.0084149837
19.4283409119,-0.001403261,-0.0021453386,-0.0013580468,-0.0131496554,-0.010692657,-0.0073512513
19.4381980896,-0.0012785383,-0.0022477095,-0.0043621804,-0.012091049,-0.009594636,-0.0031037757
19.4481887817,-0.000220675,0.0015376622,-0.0034813432,-0.0131980171,-0.0053538182,-0.0020387776
19.4582920074,-0.0021567233,0.0004597122,-0.001587644,-0.0143162785,-3.04258e-05,0.0022113612
19.4686088562,-0.0011971481,0.0013181383,-0.0026036648,-0.0068753269,0.0032096424,0.0011505575
19.4784660339,-0.0012198873,0.0051663928,-0.0045668627,-0.0036558323,0.0010740536,-0.0052221203
19.4884548187,-0.0012138672,0.0032163674,-0.0026216654,-0.0025913399,0.0010914309,-0.0041617164
19.4985237122,0.0017526858,0.0012931044,-0.0016381887,0.0027746642,-0.0020657466,-0.0073500532
19.5089092255,-0.0011580475,0.0023132081,0.0012667034,0.0016994132,-0.0009936246,-0.0041635139
19.5186653137,0.0008501224,-0.0015837138,0.0002866241,-0.0067827543,-0.0063524372,-0.0009786396
19.5287895203,0.0028809123,-0.0074826963,-0.0007224825,-0.0110194972,-0.0095726652,-0.0009792389
19.5387859344,-0.000931967,-0.0046981163,-0.00180383,-0.0152773606,-0.0106709525,-0.0009787062
19.5491790771,0.0011138432,-0.0057926662,-0.0009249595,-0.0173818972,-0.0138718067,-0.0009805703
19.5589294434,-0.0007195063,-0.0040066727,-0.0010574011,-0.0174271706,-0.009662413,-0.0062874514
19.5690689087,-0.0016276427,-0.0031247323,-0.0001575497,-0.0089415405,-0.0042834939,-0.0062862532
19.57903862,-0.0034931488,0.0017554576,-0.0021426824,0.0038709277,-0.005281114,-0.0137225986
19.5894966125,-0.0043834038,0.0057711117,-0.0021429805,0.0124079306,-0.0051994217,-0.012663126
19.5992050171,-0.0033292957,0.003028881,-0.000128403,0.0187585037,0.0001753701,-0.010538456
19.6093082428,-0.0032774098,0.0013222212,0.00286226,0.0187894497,-0.0030357363,-0.0147868628
19.6193218231,-0.0012575872,-0.0014245098,0.001956329,0.0145118814,-0.0019912445,-0.0115998583
19.6296863556,0.0017390065,-0.003254581,0.0019929262,0.0038752416,-0.0052399682,-0.007351384
19.6395263672,-0.0001280494,-0.0012999063,-0.002904251,-0.0057209274,-0.0064194826,-0.0126585308
19.6495227814,0.0009375922,0.0006284529,-0.0029516367,-0.0079063959,-0.0010840388,-0.0052233189
19.659658432,0.0009494834,0.0034751708,-0.0020104197,-0.0100379903,-0.0010680598,8.62253e-05
19.6699352264,0.0009305887,0.0043575577,-0.0039914395,-0.0058225794,0.0042812983,0.0011494923
19.6798019409,0.0018401258,0.0023892934,-0.0049329544,0.001585003,0.0107333381,0.0043362309
19.6897907257,0.0017575435,0.0033362324,-0.0049058343,0.0005733212,0.0054324502,0.0064578382
19.6998310089,0.0026371591,-0.0015497094,-0.0029346494,-0.0037180968,0.0074963998,0.0032745618
19.7102031708,0.0045190565,-0.0045183487,-0.0019451525,-0.0079530552,0.0042968784,0.0064594359
19.7200088501,0.0025261156,-0.0035984104,0.0009599182,-0.0047319625,0.0021820618,0.0032721648
19.7300682068,0.0005443506,0.0002701694,0.0019165728,0.0006032288,0.0022003709,-0.0009757768
19.7401065826,-0.0004104562,0.0022326226,0.0009269568,0.004944182,-0.0052170651,-0.0052277795
19.7504367828,-0.0013081618,0.0023090655,-4.71619e-05,0.0092410324,-0.0083899554,-0.0094781853
19.7602615356,-0.0011903234,0.0004848356,0.0009326789,0.0092612728,-0.0105258105,-0.0116028544
19.7703533173,-0.0020404346,0.0005805904,0.0038540813,0.0028262492,-0.0073701646,-0.0073533151
19.7803936005,-5.7109e-06,0.0006271714,0.0018887373,0.0006935894,-0.0073680338,-0.0041673756
19.7907714844,0.0020856969,-0.0003339236,-0.0010534672,-0.0024634264,-0.0116619822,-0.0073529156
19.8007411957,-0.0007090457,-0.0022814756,-0.003074303,-0.0035300236,-0.0116643775,-0.006290847
19.8107337952,0.0003931038,0.0006641263,-0.0031113771,0.0039145229,-0.0094899079,-0.0084163155
19.8206806183,-0.0014687963,0.005631011,-0.0040887739,0.0177227464,-0.0030096376,-0.0094783846
19.8308601379,-0.0033766814,0.0038974697,-0.0040152217,0.0230523199,-0.0018823217,-0.006292711
19.8406295776,-0.0014313348,-0.0026908999,-5.9751e-06,0.01978755,0.0044626598,-0.0052269143
19.8507633209,-0.0014693029,-0.0015880053,-0.0009033826,0.0133512476,0.0076116482,-0.0020394432
19.8607635498,-0.0035081394,-0.0034408157,-0.0017999557,0.007974592,0.0118298288,0.0011494259
19.8713321686,-0.0016732998,-0.0043771155,0.0002125356,-0.0005597994,0.0117472038,9.08859e-05
19.8810901642,-0.0007601567,-0.0004816836,-0.0017065553,0.0026517063,0.0107072406,-0.0009722479
19.8911952972,0.0001205914,0.0044193678,-0.0026222614,0.0079638334,0.0128695266,-0.0020349158
19.9011955261,0.0020012669,0.0064575486,0.000375137,0.0101172654,0.0107384659,-0.0062837233
19.9115943909,0.001940351,0.0026660974,0.0014211985,0.0112104658,0.0086454209,-0.003098516
19.9213314056,0.0018876903,-0.0001591628,0.0024529549,0.0101651754,0.0065210168,-0.0020375126
19.9313964844,0.0008714907,-0.0020122712,0.0025071355,0.0058943974,0.0064916555,-0.0009756435
19.9414787292,0.0018266253,-0.0039465018,0.0005926344,0.0016471883,0.0043323645,-0.0009756435
19.9518032074,0.0008236282,-0.0049111135,-0.0023209003,0.0006115641,0.0011615384,0.0022076995
19.9616603851,0.000822138,-0.002995569,-0.0023303179,-0.0025797021,6.56475e-05,0.0011461634
19.9716262817,0.0008238666,-0.0010535603,-0.0023359803,0.0016941922,0.0001081249,0.0022086315
19.9817676544,-0.000161875,-0.0029973572,-0.003304675,0.0016941922,0.0001081249,0.0022086315
19.9920539856,-0.0011485703,-0.0039519258,-0.0013443973,0.0006028563,0.0022005041,-0.0009759099
20.001865387,-0.0021506138,-0.0019837206,-0.001335695,0.0070056287,0.0022564305,-0.0009775078
20.0119571686,-0.0011996217,0.0010023231,-0.0022697595,0.0090917349,0.006506836,-0.0031011126
20.0220680237,-0.0002674945,0.0011021311,0.0007158968,0.0112387752,0.0054921713,0.0011450317
20.0323505402,0.0026044361,-0.0007668024,0.0017620774,0.0069831242,0.0044002086,0.0022079656
20.0422000885,0.0025719814,-0.0007587558,0.0017788264,-0.0004542852,0.0011588752,0.0032700342
20.05219841,0.0015607588,-0.0007635838,0.0017754886,0.002750962,0.0011996883,0.005393839
20.0622386932,0.0005488805,0.0031021351,-0.0001677421,-0.0004184656,-0.0020112852,0.0053930399
20.0728378296,0.0015327446,-0.000836063,0.0007998797,-0.0078579262,-0.0052518859,0.006454376
20.0825843811,0.0015202276,-0.0009504145,0.0007537457,-0.0110555831,-0.0052313795,0.013887791
20.0929546356,0.0015231781,0.0008519703,-0.0022379307,-0.0099900533,-0.0052428311,0.0107021183
20.1026973724,-0.0014158078,-0.0002322977,-0.0022977737,-0.0068307444,-0.0009639303,0.0117652519
20.1128749847,0.0005020909,-0.0022697037,-0.0032894758,-0.0067988941,-0.0041682459,0.0085787792
20.1227302551,-0.002422262,-0.0023440009,-0.0013870742,-0.0025420981,-0.0030838065,0.0064546424
20.1327381134,-0.0024518557,-0.0004269069,-0.0033375171,0.0027195895,0.0043753749,0.0043340335
20.1428718567,-0.0044553764,-0.0004162973,-0.0042888667,0.0016402099,0.0054062842,0.0011494257
20.1530704498,-0.0035326667,-0.0033479219,-0.0023216156,-0.0015619211,0.0053785872,0.0011499585
20.1630115509,-0.0016582496,-0.0013998633,-0.0013153699,0.0026757009,0.0086127296,0.0032740957
20.1730117798,-0.0037359186,0.0015332217,-0.0003013757,0.0080009317,0.0097558256,0.0085814428
20.1830635071,-0.0028893836,0.0044976287,0.0017200563,0.0047638593,0.0128624029,0.0011512234
20.1934223175,-4.18313e-05,0.001613688,0.0017822835,0.0016421545,0.0054340474,0.0053965687
20.2032032013,0.002854418,0.0016407187,0.0037672373,0.0048515294,0.0043663867,8.62253e-05
20.2134780884,0.002839338,0.0016909654,0.0028193446,0.0049116379,-0.0020267311,-0.0041647791
20.2235622406,0.0038616471,0.0027139897,0.0028216692,0.0028205235,-0.0062824627,-0.0031045745
20.2337436676,0.0039314739,0.0007979685,0.0028253051,0.0060422295,-0.0083619254,-0.0009835665
20.2434749603,0.0010597222,0.0027821476,0.0008542392,0.0038866671,-0.0062585613,-0.0009819686
20.2535457611,0.0021332912,-0.000100333,-0.0011086015,0.0028719222,-0.0115868133,-0.0031079035
20.2636947632,0.0012304597,0.000889253,-0.0001561192,0.0049449271,-0.0051675308,0.0022037714
20.2739639282,0.0002896301,0.0047915392,-0.000173941,0.0049339551,-0.0041206419,8.09656e-05
20.2838001251,-0.0006507225,0.0028860385,-0.0030969528,0.008147059,-0.0051398333,0.0022032387
20.2938137054,-0.0006266721,0.0019797797,-0.0030820516,0.0091835083,-0.0019408446,0.0032666388
20.3039073944,-0.0015858896,0.0020331556,-0.0040348913,0.0113284178,-0.0029832055,0.0032655736
20.3142127991,-0.0025526471,0.0031044895,-0.0049729492,0.0145325726,-0.0029491172,0.0043273759
20.3240509033,-0.0015927739,0.0022584612,-0.0019848493,0.015546971,0.0023721447,0.0053915754
20.3340816498,-0.0016402192,-0.0005435532,-0.0009386686,0.0134032601,0.0034425359,0.0096395165
20.3442134857,0.0002659075,-0.004354436,-0.0028063206,0.010200277,0.0033938,0.0064549088
20.3544807434,-0.0007581003,-0.0033281331,-0.00277324,0.0101978797,0.0033875417,0.0053924406
20.3642787933,-0.0008087642,-0.0032303815,-0.0017392186,0.0091078468,0.005479455,0.0022083651
20.3743534088,-0.0018439479,-0.0031598692,0.0022008868,0.0091399103,0.0022679486,-0.002039643
20.3844795227,8.49478e-05,-0.0030452793,0.0032469484,0.0091388458,0.0022541003,-0.0041632475
20.3947620392,0.0010773353,-0.0049446411,-0.000613406,0.004892543,0.0001016003,-0.0031013121
20.4046020508,0.00210182,-0.0068453737,-0.0015927699,-0.0014479114,-0.0063411188,-0.006288317
20.4146080017,0.0012042634,-0.0039268918,0.0003149363,-0.0024858788,-0.0095324516,-0.0062906472
20.4247188568,0.0003226809,-0.0019923931,-0.0007084754,-0.0056984499,-0.0085063353,-0.0073511177
20.4350318909,-0.0015497394,-6.48683e-05,-0.0017377284,-0.0014686836,-0.0042121881,-0.0052254493
20.4448795319,-0.0005477555,0.0018903727,-0.0036780981,0.0006458657,-0.0020507663,-0.0020395098
20.4548740387,0.0004543476,0.0019127245,-0.0027018932,0.002800284,-0.0041466076,-0.0009799046
20.4650115967,0.0024480633,0.0019362087,-0.0027016548,0.0038583577,-0.0030555106,0.0022057686
20.4753189087,-0.0005100556,0.0009898061,-0.0017215756,0.0048956862,0.0001573935,0.005392707
20.4850730896,0.0014012568,0.0019797201,-0.0016833689,0.0038205674,0.001243697,0.0107025178
20.4951496124,0.0023466162,-0.0019370501,-0.0016669777,-0.0014470322,-0.0051775174,0.0096405149
20.5052528381,0.0013492815,-0.0029807871,0.0012190195,-0.0068130344,-0.0020203397,0.0128288521
20.515586853,-0.0016365834,-0.0011401956,0.0011700246,-0.0078730546,-0.0030893991,0.012827321
20.5254096985,-0.0026438721,-0.0003066545,0.0001487586,-0.0110957455,-0.0009953557,0.0128291845
20.5354270935,-0.0026361234,0.0015150423,-0.0008766797,-0.0089215934,-0.0052411002,0.0096407151
20.5455513,-0.0016792007,0.0033733363,-0.0028575209,-0.0004367614,0.0001523336,0.0117648523
20.5558509827,-0.0007063933,0.0063040666,-0.0018789914,0.0060042269,-0.0041053286,0.0011434337
20.5656452179,-0.0016718991,0.0033974762,7.32395e-05,-0.0047176601,0.0011410987,0.0064577716
20.5757045746,0.0022392683,-0.006367404,8.15245e-05,0.000684402,-0.0051507526,0.0107005863
20.5857696533,0.0012732856,-0.0015412753,5.02917e-05,0.002847421,-0.0083566662,0.0043276423
20.5961151123,-0.0006216653,0.0004290158,-0.0009573844,0.0017545931,-0.0062637539,0.0011425682
20.6059017181,-0.0015786774,-0.002505589,-0.0029054431,-0.0004201438,-0.0020106859,0.0053924406
