0.0000000000,-0.0025357157,0.0236387141,0.0108102132,0.0335537121,0.0087616425,0.0257298965
0.0099300146,-0.0085535794,0.0190567262,0.0128770638,0.0314133316,0.0118969828,0.0193367116
0.0199210644,-0.0087379962,0.018340636,0.0148885418,0.0185760949,0.0181468893,0.0118684089
0.0298990011,-0.0080115348,0.0224426277,0.0285443831,0.0047738627,0.0115720769,0.00554673
0.0399010181,-0.0080875307,0.0156866796,0.0373304635,0.0026852787,0.0082969209,-0.0008058411
0.0498920679,-0.0148343593,0.0048980014,0.0353751928,0.0016812664,-0.0002430377,0.0013750216
0.059877038,-0.0157647878,0.0068176286,0.0256309081,0.004913012,-0.0034308415,0.0013965929
0.0729430914,-0.0128119737,0.0107347267,0.0158795882,0.0070145126,-0.0001900409,0.0034988925
0.0799330473,-0.0099072009,0.0147658484,0.0120749045,0.0198434927,-0.0022358813,0.0024400193
0.0897769928,-0.0147801191,0.0129487412,0.0102306772,0.0357963592,0.0053599868,0.0013172308
0.0998580456,-0.0197078735,0.0199994929,-0.0033056568,0.0539013296,0.0066521531,0.0108569404
0.1098520756,-0.0122015029,0.0429561622,-0.0060093831,0.0602516346,0.0099803051,0.0193300527
0.1197600365,0.0022340268,0.0514522083,-0.0055517983,0.0870500952,-0.0047501717,0.0225949548
0.1298710108,0.0022607893,0.0404621251,-0.0039446186,0.1010066569,-0.0111276433,0.0141274361
0.1398249865,-0.0024766475,0.0284063704,-0.0023333263,0.09041287,-0.0166475773,0.0035482938
0.1498260498,-0.0013144166,0.0211067088,0.0002052951,0.0670087412,-0.0222633854,-0.0070228577
0.1598330736,0.0047865957,-0.0045194728,-0.002522571,0.0382716358,-0.0258410759,-0.0250428692
0.169858098,0.0043572038,-0.0119751794,0.0028141309,0.0052273981,-0.026214717,-0.0388284549
0.17988801,0.0049897283,-0.010203491,-0.0023321342,-0.0098118708,-0.0156230591,-0.036762774
0.1898200512,0.00579606,-0.0047501428,-0.0069688987,0.0007744608,-0.0069454154,-0.0315144844
0.1998050213,0.0049669594,0.0038718476,-0.0087366533,0.0273695849,-0.0012739474,-0.016693728
0.2097790241,0.0043455213,0.0223903544,-0.0131450128,0.0667654574,0.0055615883,-0.0029544795
0.2197740078,0.0057746023,0.0284640677,-0.017372055,0.1019446179,0.006996233,0.0076341154
0.2297780514,0.0050306767,0.0203581937,-0.0184718799,0.1125501245,0.0145779867,0.0097023267
0.2397789955,0.0087601393,0.0075735347,-0.0138358902,0.1029369086,0.0187045541,0.0011839394
0.2498970032,0.0127022117,-0.0015809641,-0.0083084535,0.0764219463,-0.0112269791,0.024769159
0.2597950697,0.031166479,-0.0140934093,-0.0073236059,0.0539628454,-0.2106862962,0.2183691263
0.2696890831,0.2085617036,0.0101458328,0.0286969114,0.0388595276,-0.3397185504,0.2670240104
0.2797620296,0.1564480513,0.0112639563,0.039074257,0.0165524911,-0.125089094,0.0127995824
0.28977108,0.0261702985,-0.0113655431,0.0185262728,0.0031360174,-0.0273905024,-0.0494432822
0.2997540236,-0.006709829,-0.0186122172,0.0104234982,0.0085409032,-0.0358921103,-0.0483284853
0.309746027,-0.0039506108,-0.0033632026,0.0049079228,0.0436940975,-0.0364801362,-0.0239142235
0.3197220564,0.0021449775,0.0097513692,-0.0052522253,0.0660693124,-0.0351562798,-0.0143770436
0.3297390938,0.013681218,0.015548219,-0.0084498953,0.0735677108,-0.0403968506,-0.0090363408
0.339715004,0.0168425292,0.0003965989,-0.0048464369,0.0576253608,-0.0459285006,-0.0164256804
0.3497051001,0.0033776015,-0.016279649,-0.0029513668,0.0255784765,-0.0398362502,-0.024941938
0.3597100973,-0.0096317083,-0.0232595913,-0.0057460498,0.0095616933,-0.0368077047,-0.0313250013
0.3696939945,-0.0100834519,-0.0114774806,-0.0089785289,-0.0107505023,-0.0326987132,-0.0323998518
0.3796960115,0.0022072047,0.0031506314,-0.0074692201,-5.6047e-05,-0.0358063579,-0.0302613359
0.3897000551,0.0089310855,0.0049255984,-0.0020130109,0.0373400599,-0.0429351069,-0.0228044838
0.3996750116,0.0039470643,0.0174763687,-0.0014117192,0.0704299659,-0.0458190441,-0.0153735988
0.4106060266,0.0016934721,0.0195814259,-0.0085361432,0.0917624235,-0.0466592722,-0.0079463087
0.4196619987,0.0040982813,-0.0012440786,-0.0086046886,0.0682865232,-0.0437202081,-0.0175085217
0.4296650887,-0.0012787731,-0.0298891775,-0.0106350612,0.0330457166,-0.0345370956,-0.0366665013
0.4396500587,-0.0125151426,-0.0334087722,-0.0089587998,-0.0064498978,-0.03170003,-0.0440939292
0.449639082,-0.0140376836,-0.0129411323,-0.0125189256,-0.0150271403,-0.0316664726,-0.0324018523
0.4597140551,-0.0059476644,0.0015878573,-0.0221417379,0.0084769875,-0.0399070904,-0.017491743
0.4696160555,0.0038217157,0.0202642567,-0.0278341006,0.0490755439,-0.0491032526,-0.0047117663
0.4796119928,0.0051860064,0.0193253644,-0.0274837445,0.0800750107,-0.0563012473,0.0006260076
0.4906030893,0.0019414275,0.0068102377,-0.018017156,0.0865265131,-0.0595122203,-0.0057320232
0.4999010563,0.0004216282,-0.0072125299,-0.0054178666,0.0652153715,-0.0597742721,-0.0174030606
0.510439992,-0.0001864583,-0.0169658773,0.0025578309,0.0406908505,-0.0568937995,-0.0333404802
0.5202291012,-0.0063696057,-0.0231635682,0.0094701815,0.0151370205,-0.0614408813,-0.0417914875
0.5302820206,0.0011627524,-0.0005813941,0.0140994359,0.0055725444,-0.0658081993,-0.043881271
0.5401721001,0.0079205483,0.0101541178,0.0080149341,0.0301802866,-0.0741343051,-0.0395937189
0.5492889881,0.004089877,0.0002711907,-7.80058e-05,0.0546864271,-0.0686007887,-0.0396467149
0.5593340397,-0.0105129033,-0.0096036894,-0.0130965542,0.058917392,-0.0642838031,-0.0386152714
0.5692820549,-0.0108754188,0.0013714924,-0.0153367352,0.0642146841,-0.0651844814,-0.0237396527
0.5821330547,-0.0018382223,0.0185301788,-0.0175486039,0.0694561824,-0.0607114397,-0.005713115
0.5896470547,0.007067427,0.0192885883,-0.0118892621,0.0587721169,-0.0628590137,0.0028074025
0.5993920565,0.0073978752,0.0003669158,-0.0052628946,0.0428065993,-0.0662398934,-0.0035355811
0.6094090939,0.0028593987,-0.0123254163,0.0027936269,0.0097639598,-0.0655719787,-0.0205150973
0.6193950176,0.0042146295,-0.0136274202,0.0106394459,-0.0136699928,-0.0637871251,-0.0396294035
0.629404068,0.0038572997,-0.0178455226,0.0128055383,-0.0093343658,-0.0660183206,-0.054491438
0.6393680573,0.001792237,-0.0053522689,0.0035423208,0.0056011733,-0.0648377463,-0.0555745475
0.6493780613,0.0094812363,0.0150473015,0.0051427651,0.0270510726,-0.0774882883,-0.0544450991
0.6593620777,0.0163708776,0.0227602012,-0.0019095372,0.0613386035,-0.0953447819,-0.0490424782
0.6693980694,0.0154503435,0.0189325698,-0.0088704061,0.0860170573,-0.1111767441,-0.0478946567
0.6793609858,0.0067320913,0.0056603448,-0.0185276698,0.1116972491,-0.1215984896,-0.0393433794
0.6893540621,-0.004050985,-0.0015271411,-0.0241611432,0.1096082628,-0.1280092597,-0.0371755697
0.6993490458,0.0004426091,0.0117827551,-0.0211970638,0.0882044435,-0.1228003725,-0.034008801
0.7093420029,0.0157087892,0.0163594373,-0.0230328273,0.0902936906,-0.1184817925,-0.0308510922
0.7194410563,0.0068250746,0.0058877366,-0.026082797,0.0645503774,-0.0963882133,-0.0479713567
0.7294870615,-0.0098912269,-0.0022574172,-0.032609269,0.0355946273,-0.0742946267,-0.0629678816
0.7394840717,-0.0024607927,0.0003812805,-0.0284519624,0.0258989893,-0.0584512167,-0.0768771693
0.7493970394,0.0213898271,0.0315285213,-0.0173714589,0.0377292819,-0.0638217479,-0.0906616896
0.7595450878,0.0349222273,0.0481721647,-0.0137160253,0.077417843,-0.0807565227,-0.1065130979
0.7694751024,0.0295242518,0.0394487269,-0.0165089797,0.1075270101,-0.0988838598,-0.1287267804
0.7795050144,0.014687106,0.028565634,-0.0339239091,0.1152403131,-0.1214195266,-0.1466485262
0.7894620895,0.0124730021,0.0334042199,-0.0375830382,0.1165545881,-0.1440175176,-0.1656259447
0.79936409,0.0173295587,0.0471066125,-0.0458595008,0.1296263188,-0.1707487255,-0.1782087237
0.8095049858,0.0176566094,0.0511467345,-0.0509124249,0.1511731595,-0.1972474456,-0.1716775745
0.8194750547,0.0152395517,0.0387700684,-0.0478688926,0.1759718508,-0.2280338556,-0.1693698317
0.829439044,0.011951372,0.0302534588,-0.0516690463,0.1932661533,-0.2525186837,-0.1734726876
0.841258049,0.0107380599,0.0284818299,-0.0603335947,0.1849062145,-0.2687402964,-0.1882361919
0.849578023,0.0164959878,0.0286142118,-0.0650223941,0.160471186,-0.275505513,-0.2072982937
0.8594460487,0.012808755,0.0225068219,-0.0718089789,0.1167942733,-0.2771145701,-0.2306286544
0.8694150448,0.0102513283,0.0160305388,-0.0787920207,0.0741855651,-0.2818555534,-0.2465040237
0.8793160915,0.0134624988,0.0229864009,-0.0811536163,0.0485454462,-0.2799039781,-0.2454379648
0.8893990517,0.0146649927,0.0338276513,-0.0748166293,0.0475028194,-0.2841599882,-0.2422224581
0.89942801,0.0072297007,0.0310315378,-0.0693434924,0.0571510494,-0.289424777,-0.2421972901
0.9093880653,-0.0010886939,0.0253252871,-0.0677442998,0.0507501438,-0.2894833684,-0.2432548404
0.9193120003,0.0003473609,0.0206535943,-0.0592630953,0.0636795238,-0.3011988997,-0.2484932691
0.9293960333,0.0086453706,0.0300059207,-0.0475295037,0.1279075146,-0.3210546076,-0.2537213266
0.9394170046,0.0189156383,0.069030039,-0.0520923585,0.1964211911,-0.3461503685,-0.2514851987
0.9493670464,0.0364922136,0.0744742081,-0.0588402003,0.2639328539,-0.3808348477,-0.2438706905
0.9593850374,0.0426923186,0.0528942235,-0.0495385379,0.2843836546,-0.3999457061,-0.2469464988
0.9693570137,0.0371982604,0.0410456546,-0.0383803099,0.2748279572,-0.4053817391,-0.2490293682
0.9793660641,0.0191137642,0.0346548446,-0.0363527983,0.2193705887,-0.4048882425,-0.2659915686
0.9893550873,0.0041399747,0.0170454271,-0.0355968922,0.1542991698,-0.4044498801,-0.2808224559
0.9995350838,-0.0001108498,0.0020450249,-0.0302196573,0.1094364896,-0.3973935843,-0.2904001176
1.0093530416,0.0043022484,0.012191047,-0.0290105771,0.0817681104,-0.404102087,-0.2998988032
1.0193420649,0.0185474902,0.0281939991,-0.0258276891,0.0968737006,-0.4200949073,-0.3083022833
1.0293240547,0.0310121626,0.0425001867,-0.020442171,0.149288699,-0.4346253872,-0.3050574958
1.0396620035,0.0290689915,0.0473066457,-0.0274879169,0.2006131411,-0.4480602443,-0.2986358106
1.0493119955,0.0252033621,0.0260660537,-0.030402584,0.2273454219,-0.4532065392,-0.2996834815
1.0593550205,0.019414708,0.0087247388,-0.0294542741,0.2070433348,-0.4438939989,-0.3167258501
1.0693300962,0.0194452852,0.0049688118,-0.0256879162,0.1857156754,-0.4399290681,-0.3337349296
1.0794830322,0.0263345987,0.0108833807,-0.0229958724,0.1783003807,-0.4380422235,-0.3560509086
1.0892860889,0.0274263173,0.0284051783,-0.0350624174,0.2081717253,-0.4367242157,-0.3539555073
1.0992990732,0.0274770707,0.0344555266,-0.0450680703,0.234700799,-0.4287906587,-0.3253417313
1.1092600822,0.0293088108,0.0261428244,-0.0530176014,0.2538672984,-0.4295659065,-0.3083518147
1.119402051,0.0252834409,0.0101212161,-0.0492323488,0.2527596951,-0.4242401123,-0.3094477057
1.1292769909,0.0201733559,0.0039064782,-0.0425804704,0.2399456352,-0.423279494,-0.3105073869
1.1392810345,0.0131482035,0.0005514518,-0.0379736871,0.2154817134,-0.432061553,-0.3157467544
1.1493810415,0.0023724586,-0.0069865091,-0.0374304503,0.1814004332,-0.4398430288,-0.3199220598
1.1592900753,0.0003232508,-0.0078356965,-0.0351154059,0.1568876207,-0.448497504,-0.3102891147
1.1692490578,0.0021860749,0.0038528338,-0.0407434553,0.1441252232,-0.4591751993,-0.2974622548
1.1792390347,0.0061110407,0.0068245428,-0.0423787087,0.1441907436,-0.471894443,-0.2846295834
1.1892290115,0.0090946108,0.002095212,-0.0351762027,0.1314560473,-0.482644558,-0.2803014219
1.1993100643,0.008175388,-0.0045721037,-0.0280215573,0.1377212554,-0.4675900042,-0.2750902772
1.2092250586,0.0041562468,-0.0081819398,-0.0296719503,0.1578286588,-0.4533857703,-0.2571357489
1.219209075,0.0016817598,0.0158277042,-0.0245328378,0.195004791,-0.4306594133,-0.2583730519
1.2292060852,0.0022902638,0.0226951726,-0.0170652103,0.2548894286,-0.4419893026,-0.2625909746
1.2392200232,0.0050925463,0.0124406116,-0.0062521528,0.2955719829,-0.4576795399,-0.2593303621
1.2492179871,0.007008329,-0.0053572161,0.0047510434,0.3200775981,-0.4615563154,-0.2348873019
1.2591919899,0.0184297115,-0.0082641942,0.0060461331,0.3307082951,-0.4655428231,-0.2104327083
1.2691880465,0.0180622488,-0.0024565563,0.0081238318,0.3126640618,-0.474314481,-0.2199247479
1.2791889906,0.0081879646,-0.0077719195,0.0021659303,0.2678924501,-0.4758601785,-0.234755218
1.2891860008,0.0042667836,-0.0183417313,-0.0011053515,0.2017573565,-0.4775313139,-0.2453221083
1.2991820574,0.0052049011,-0.0198310725,-0.0029169153,0.1526183188,-0.4673537612,-0.2612925768
1.3092210293,-0.0017957838,-0.0147907836,0.0105385352,0.1526073962,-0.4631422162,-0.2687565982
1.3191380501,-0.0079026967,-0.0085281236,0.0202081967,0.1964189261,-0.4702499509,-0.2644908726
1.3291250467,-0.011131689,-0.0007518634,0.0213967133,0.2455430627,-0.4814360142,-0.2421424389
1.3391129971,-0.0066575855,0.0026051297,0.0189913083,0.2775734365,-0.4864377081,-0.2304434329
1.3491470814,0.0008302479,-0.0094607575,0.0196742583,0.2892529964,-0.4767736495,-0.2358262092
1.3591320515,-0.001267478,-0.0196375959,0.0085677672,0.2774774134,-0.4705018997,-0.2422352433
1.3691190481,-0.0064290911,-0.0210707299,0.0070999432,0.2485187501,-0.452583611,-0.2455183864
1.379183054,-0.0040200055,-0.0158585422,0.012219863,0.2035351694,-0.4263860881,-0.2658413649
1.3891021013,-0.0092616826,-0.0211208574,0.0071550179,0.1521846205,-0.4024280012,-0.2925206721
1.3991800547,-0.0135372579,-0.0229379646,0.0027274657,0.1329078674,-0.3877694607,-0.3106623888
1.4090930223,-0.0122233927,0.002574791,0.009822445,0.1391545832,-0.3726671934,-0.3001407683
1.4191550016,-0.0005969704,0.0246657021,0.0122593213,0.2071300298,-0.3618451655,-0.2216439396
1.4290800095,0.0156562775,0.0271806605,0.0201673079,0.278517127,-0.358864814,-0.1877166033
1.4390670061,0.0124443173,0.0156337507,0.0274360944,0.3286917508,-0.3668596447,-0.1675118804
1.4490820169,0.0036126822,-0.0045411093,0.024102943,0.3266853094,-0.3828980029,-0.1663440764
1.4591180086,-0.0079644024,-0.0375933163,0.0314248949,0.3000161648,-0.3810548484,-0.176962629
1.4690470695,-0.0205607712,-0.0611664169,0.0394896418,0.2508156002,-0.367577374,-0.1812652349
1.4790279865,-0.0295147896,-0.0588176958,0.0441907197,0.1876387447,-0.3445359766,-0.180311814
1.4890559912,-0.0327642411,-0.0541686527,0.0445461422,0.1352186799,-0.3310379982,-0.1793003529
1.4991070032,-0.0283528566,-0.0527689569,0.0495525151,0.119144246,-0.3236725032,-0.1772072315
1.5090470314,-0.0222416371,-0.0395184867,0.0662509948,0.1490981579,-0.3319820762,-0.176111877
1.5191460848,-0.0228892565,-0.0151924593,0.0772508532,0.1961833835,-0.3486641347,-0.1696622372
1.5290170908,-0.0222076923,-0.0089649064,0.0730566531,0.2389532179,-0.3589849472,-0.1653756052
1.5390510559,-0.0241776258,-0.0219342224,0.0623114854,0.2443133593,-0.3663246036,-0.1536457092
1.5490109921,-0.0164239556,-0.0358054154,0.0574797541,0.2132659554,-0.3569092751,-0.1494355202
1.5590651035,-0.0079368055,-0.0391740315,0.0621478707,0.1799709797,-0.3336199522,-0.1453122944
1.5691360235,-0.0172108859,-0.0371259563,0.060550347,0.1508788764,-0.3007123172,-0.1455053687
1.5790489912,-0.0315170735,-0.0393337719,0.0479570776,0.1165434048,-0.2775042057,-0.1509466171
1.5890380144,-0.026563704,-0.0377535336,0.0489286929,0.0896404162,-0.2499508709,-0.1542936713
1.5989890099,-0.0139743239,-0.028460037,0.0420113355,0.0874880552,-0.2478277981,-0.1532401145
1.6089830399,-0.0072533935,-0.0191086642,0.0468040854,0.0982339084,-0.2552534938,-0.1563866436
1.6189770699,-0.0092869848,-0.0174405091,0.0633515865,0.1206448078,-0.2571608424,-0.1500167698
1.6289420128,-0.0122231841,-0.0176265351,0.0653430372,0.1249181181,-0.259229064,-0.1457567811
1.6389830112,-0.0169306099,-0.0286772959,0.0526735336,0.1120575741,-0.2518728673,-0.1489833146
1.6489681005,-0.0256053656,-0.0380464904,0.03102489,0.0820157826,-0.2328760177,-0.1501479149
1.6589530706,-0.0258854777,-0.0220582001,0.0092137624,0.0957282707,-0.214563325,-0.1460270733
1.6689770222,-0.0225762129,0.0050440328,0.001213448,0.1426046938,-0.2087387294,-0.1322865039
1.678943038,-0.0213046819,0.0238522179,-0.0026238989,0.1970170736,-0.211389631,-0.1163706481
1.6889560223,-0.0161584318,0.0245161839,-0.0041846465,0.2353442162,-0.2076960951,-0.094111152
1.6989600658,-0.0061850548,0.0205024369,-0.0036701988,0.239582777,-0.2054902017,-0.0898784623
1.7089190483,-0.0048875362,0.0065154629,-0.0052104425,0.2086296529,-0.2025958747,-0.0983747467
1.7190070152,-0.0190769136,-0.0157713108,-0.0109706949,0.1445456147,-0.1893903315,-0.1207246557
1.7289381027,-0.0362309664,-0.0326920263,-0.0073118638,0.0687102303,-0.1752044708,-0.1430739015
1.7389820814,-0.0428446233,-0.0315539949,-9.42182e-05,0.0248285308,-0.1553639174,-0.1580453962
1.7489070892,-0.0340356827,-0.0081701679,0.0011161136,0.0365999676,-0.1605805159,-0.1537702233
1.758901,-0.0242666006,0.022266645,0.0004574227,0.0931633785,-0.1674413383,-0.1325182021
1.7688879967,-0.0173021853,0.0307705887,-0.0056657027,0.1582933813,-0.1795360893,-0.1059254706
1.7788940668,-0.0161477476,0.0212576278,-0.006570084,0.1978776753,-0.1930620223,-0.0984280035
1.7887390852,-0.0158326179,0.0061320262,-0.0102282595,0.1936872005,-0.2027135938,-0.0983624905
1.7988290787,-0.0095064044,-0.0117320521,-0.0088570546,0.1883357018,-0.1995809078,-0.1026306078
1.8088901043,-0.0071366727,-0.0109061999,-0.0006731582,0.2043410391,-0.1963052303,-0.1090373769
1.8188860416,-0.011648424,0.0094832676,0.0034954119,0.2257270217,-0.1951928139,-0.1228687689
1.8288900852,-0.0072675794,0.0211605914,0.0048553515,0.2589110732,-0.2056422681,-0.1249489635
1.8389230967,0.0061079785,0.0152989225,0.0024447609,0.2708284259,-0.2206536978,-0.1418605596
1.8488870859,0.0021298304,0.0033514097,0.0028146077,0.2528310716,-0.2305936813,-0.1630313694
1.8588910103,-0.0066907778,-0.0078011258,0.0118161608,0.2112303674,-0.2299412042,-0.1736286134
1.8690130711,-0.0086775795,-0.0153122945,0.0177623797,0.1557077169,-0.224048689,-0.1842519641
1.8788510561,-0.0127407238,-0.0192279629,0.0244472791,0.1097878963,-0.217027545,-0.197015956
1.8888360262,-0.0246050879,-0.0216827802,0.0191049743,0.0809048489,-0.2087187469,-0.1991744488
1.8988310099,-0.0336640924,-0.0234840624,0.0136023331,0.0636129454,-0.1884219944,-0.1844186783
1.9091590643,-0.030274123,-0.0184742622,0.0022037793,0.0710431635,-0.1882555485,-0.1716762483
1.9188220501,-0.029019393,-0.0152267618,-0.0042342376,0.0837589577,-0.1805933714,-0.1621735692
1.9288070202,-0.0309425592,-0.0077280803,0.0031090546,0.1230986416,-0.1673364192,-0.147413522
1.9388000965,-0.039727807,-0.009470473,0.0117201377,0.1891369224,-0.1601839811,-0.1209471598
1.9488270283,-0.046647042,-0.0106868846,0.0157134105,0.2307378948,-0.1618817449,-0.107154116
1.9587830305,-0.0437332243,-0.0194132738,0.0141045619,0.2467326969,-0.1638066769,-0.0965279713
1.9687690735,-0.0300010517,-0.0250603668,0.0106476117,0.2381589115,-0.1637821645,-0.0858982354
1.9787679911,-0.0172613412,-0.0250161104,0.0099803973,0.2040122747,-0.1651174873,-0.0858645439
1.9887640476,-0.0133969709,-0.0272928886,0.0168855358,0.1676169783,-0.1515319049,-0.0891143978
1.9987660646,-0.0222757161,-0.034858685,0.0205958653,0.1397729665,-0.1358192414,-0.1008811742
2.0089221001,-0.0331916884,-0.0378949456,0.0192044545,0.109767653,-0.117963545,-0.110537529
2.0190792084,-0.0277304426,-0.0186055116,0.0147799421,0.1001409963,-0.1148484498,-0.1126764491
2.0288870335,-0.0151979476,-0.0138073368,0.0046953131,0.1332829595,-0.1210048795,-0.1126596704
2.0387670994,-0.0124414489,-0.0086810691,0.002520876,0.1578612775,-0.1261186749,-0.108395949
2.0487420559,-0.0117335021,-0.0053224964,0.0062891413,0.1621665508,-0.1345449239,-0.0977203995
2.0587391853,-0.0060887858,-0.021523606,0.0120897461,0.134410426,-0.1399777681,-0.0827916563
2.0687150955,-0.0052342266,-0.048836451,0.0128507782,0.0874730051,-0.1425056309,-0.0859296545
2.078756094,-0.0190149397,-0.066946812,0.0161495972,0.0340541191,-0.1333789974,-0.0955142379
2.0886950493,-0.0271919481,-0.0580335371,0.0201416779,0.000876992,-0.1229476482,-0.0955587178
2.0987730026,-0.0267904252,-0.0269989781,0.0160789061,-0.0322343558,-0.1200080588,-0.0966162607
2.1087021828,-0.0137348622,-0.0048490269,0.0101033021,-0.031196788,-0.1167845652,-0.0955754966
2.118710041,-0.0043919384,-0.0118090017,0.0004639793,0.0135682859,-0.1078997254,-0.096725449
2.1286869049,-0.0049967095,-0.0045707924,0.0085163284,0.0798506364,-0.1212541461,-0.0934979618
2.1389510632,-0.005688969,0.0179818757,0.0158530641,0.1535323113,-0.1301800013,-0.0796830729
2.1488060951,-0.0071650073,0.0149418013,0.015907364,0.2238900959,-0.1273075044,-0.0574406236
2.1586771011,-0.0124939978,0.0045099752,0.0054580141,0.2397950292,-0.1185390577,-0.0458199196
2.1686611176,-0.0245457627,-0.017794501,-0.0079854559,0.2109383494,-0.1134364381,-0.0479576401
2.178633213,-0.03186699,-0.0386777334,-0.0099947285,0.1510201544,-0.0947005674,-0.0533524044
2.1886529922,-0.0327269845,-0.0425638966,-0.0084460806,0.0975766331,-0.08655449,-0.0523055159
2.198652029,-0.0221322477,-0.0311514847,-0.006128652,0.0420308188,-0.0826923698,-0.0501662008
2.2086520195,-0.0084715821,-0.0230977349,-0.006910963,0.0176860653,-0.1053798422,-0.0563764274
2.218640089,0.0025632307,-0.0308922641,-0.0018892717,0.0146219656,-0.1172668636,-0.0679802224
2.2286338806,-0.0039102994,-0.02608357,0.0039227176,0.0253606308,-0.1225822642,-0.0743275955
2.2386159897,-0.0113434345,-0.0044964654,0.0009728241,0.0403550267,-0.1299221963,-0.0721693709
2.2486410141,-0.0020778552,0.0156729706,0.002274232,0.0745790377,-0.1423831284,-0.0604261607
2.2586259842,0.0104819015,0.0070263939,-0.0018780064,0.1109579504,-0.1559253186,-0.0518637002
2.268599987,-0.0002203957,-0.0162602477,0.0036748219,0.0950080156,-0.1593458802,-0.0624542907
2.2786090374,-0.0119581111,-0.0331472568,0.0050860215,0.0437669344,-0.1544975936,-0.0741365179
2.2886071205,-0.0103341937,-0.0376747958,0.010223465,0.0084076123,-0.1387300789,-0.0731516778
2.2985520363,-0.0138448291,-0.025894504,0.0102182198,-0.0129585294,-0.1367542744,-0.072084412
2.3086562157,-0.0211505536,-0.0250453763,0.0082114507,-0.0204691738,-0.1304359287,-0.0763697028
2.318582058,-0.0255309511,-0.0311794095,0.010074215,-0.0280699693,-0.1144705489,-0.0775309801
2.3286530972,-0.0272462461,-0.024741929,0.0088933278,-0.0260419734,-0.1047630608,-0.0690962151
2.3385748863,-0.0273507871,-0.0103436513,0.0087295938,-0.0145099536,-0.0832092986,-0.0586190745
2.3485579491,-0.0206218455,-0.0004775628,0.0019451547,0.0121855736,-0.0851222426,-0.0565005317
2.3586440086,-0.009861961,0.0038320615,0.0012238192,0.0282104798,-0.0892181844,-0.0501112081
2.3685488701,-0.0029559713,0.0034655228,0.0074313451,0.0507544056,-0.1071588323,-0.0436362624
2.378578186,-0.0054876935,-0.0086523397,0.0048577357,0.0583566613,-0.1199907437,-0.0509943105
2.3885478973,-0.0127214491,-0.0246909969,0.0032615233,0.0615916029,-0.1190059111,-0.0637516528
2.3985409737,-0.0248634461,-0.027048599,-0.0013618899,0.0647559687,-0.1136540174,-0.0659141317
2.4085490704,-0.0332654789,-0.0186988823,-0.0069980454,0.0614608452,-0.1040240228,-0.0617247187
2.4185361862,-0.0349154249,-0.0142644746,-0.0145495366,0.0699403509,-0.0996191576,-0.054322727
2.4285831451,-0.0289561935,-0.0047868593,-0.012267692,0.0773444697,-0.0983387157,-0.0362755507
2.4385008812,-0.0152960829,0.0067906575,-0.0147703718,0.1040530428,-0.1086528674,-0.0171061177
2.4485468864,-0.0025333762,0.0068853991,-0.0161467027,0.127637729,-0.1212868989,-0.0159782693
2.4585042,-0.0023847688,0.0176980682,-0.0215290617,0.107439518,-0.1279322803,-0.0244183578
2.4685668945,0.0076023843,0.0303843804,-0.0171519946,0.071233578,-0.1336652637,-0.0371045917
2.4784851074,0.0161464624,0.0076534348,-0.0108169746,0.0436548144,-0.1447916925,-0.063573882
2.4884829521,-0.0062710517,-0.0215271525,6.156e-06,-0.0075135641,-0.1380419135,-0.1028903946
2.498470068,-0.03080865,-0.0227581672,0.0056204963,-0.0203771628,-0.1191744879,-0.1348760277
2.5085411072,-0.0341129974,0.0045046406,0.0044726897,0.0191406831,-0.1189324036,-0.1423419267
2.5184710026,-0.0043703769,0.0501822717,0.0018181372,0.1143739969,-0.1543665677,-0.1219911203
2.5284619331,0.0151314298,0.0595328994,-0.0042331647,0.20215258,-0.1909501404,-0.1048169285
2.5384590626,0.0058713681,0.0320822783,-0.0062085222,0.2289485037,-0.2025370151,-0.1090095416
2.5484549999,-0.0111222435,-0.0053455336,-0.0043809842,0.1830462515,-0.1966064274,-0.1238894239
2.5584480762,-0.0167314745,-0.0284707658,0.007001834,0.1049434692,-0.1705878824,-0.1356912255
2.5684609413,-0.0302909948,-0.0327838771,0.0062212516,0.0300881416,-0.149890855,-0.1474594623
2.5784301758,-0.0389932692,-0.0308993571,0.0031932164,-0.0340844542,-0.1322716475,-0.1539035141
2.5885000229,-0.0399843827,-0.0343459062,0.0029167105,-0.0608550794,-0.1249335706,-0.1464956701
2.5984139442,-0.039370697,-0.0273878984,0.0024520326,-0.0683938265,-0.1248147935,-0.1252411008
2.6084251404,-0.0340760276,-0.0174774043,0.0020063091,-0.0609319136,-0.1289142072,-0.1114086509
2.6184370518,-0.0267410818,-0.0161395185,0.0016969014,-0.0599398836,-0.1287104636,-0.0891030803
2.6285250187,-0.0194485858,-0.0145547194,0.0034699012,-0.0440389477,-0.1209787726,-0.0742908418
2.6383891106,-0.024904551,-0.0137157543,0.0072327424,-0.0141811864,-0.1196250916,-0.0679458678
2.6484041214,-0.0331846997,-0.0136393113,0.0062156487,0.0039783763,-0.1195209622,-0.0722087845
2.6583909988,-0.0286648385,-0.0163396709,0.0024073292,0.0061421944,-0.1227159575,-0.0721869469
2.6684451103,-0.0193186309,-0.0160665326,0.0044703055,-0.0099092107,-0.1175052151,-0.0732719153
2.678374052,-0.0109280385,-0.0131583018,0.0034614373,-0.0407885611,-0.1283999532,-0.0699948967
2.6883471012,-0.0053886734,-0.023263853,0.0023376513,-0.0632848218,-0.1179041564,-0.0721720308
2.6983420849,-0.0166457258,-0.0238467269,0.0078194905,-0.0665558428,-0.1083372831,-0.0754190907
2.70835495,-0.0300243385,-0.0146137876,0.0054594446,-0.0420795307,-0.0995885357,-0.0744305253
2.7183570862,-0.0288401023,-0.0069600148,0.008223014,-0.0101121441,-0.0950145572,-0.0681067184
2.7283420563,-0.0178683028,0.0010617569,0.0034163166,0.0261957981,-0.1020972356,-0.0542750582
2.7383360863,-0.0068147443,-0.0033160851,0.0026998688,0.0421967357,-0.1019470319,-0.0510996394
2.7484002113,-0.0065776408,-0.0106350584,0.0038924981,0.0453302078,-0.0923308879,-0.0543513559
2.7583320141,-0.0094314739,-0.0131271286,0.0040398408,0.0409780703,-0.0806446671,-0.0586734042
2.7683160305,-0.0075734928,-0.0037938759,0.0071396399,0.0484391861,-0.078467533,-0.0608175136
2.7783088684,-0.0075141601,-0.0021982,0.0064001251,0.0698386133,-0.0847123861,-0.0607931428
2.7883729935,-0.0112531371,-0.0053807301,0.0086404849,0.0805160329,-0.0846388787,-0.0618634671
2.7983100414,-0.0148580708,-0.0134757264,0.0001580286,0.0805467814,-0.0889028683,-0.0607743673
2.8082931042,-0.0146546401,-0.0216884725,-0.0025167894,0.0485129543,-0.0901649371,-0.0543694645
2.8182911873,-0.012514025,-0.0331190042,-0.0033500027,0.0133364582,-0.0978819802,-0.0500454232
2.8282899857,-0.010430634,-0.0379103236,-0.0023454856,-0.0059024831,-0.0990087613,-0.0394007713
2.8383421898,-0.0094665103,-0.0213438086,-0.0005561542,-0.0079920013,-0.1054163277,-0.0361676924
2.8482699394,-0.0005587229,-0.0075617237,-0.006439371,0.0230961442,-0.1222584248,-0.0339554064
2.8582570553,0.0083801262,0.0026644364,0.0014925767,0.0572401322,-0.1219625548,-0.0307962298
2.8684270382,0.0029134825,0.000338693,-0.0041683149,0.0861346349,-0.1250725836,-0.0456697159
2.8787410259,-0.0180568248,-0.0175499432,-4.86207e-05,0.0732301474,-0.1060978323,-0.0649066642
2.8881659508,-0.0275229141,-0.0277432911,0.0040329862,0.0314520784,-0.086159274,-0.0703187361
2.8984110355,-0.0235964842,-0.0274264626,0.0031677056,-0.0039345408,-0.0692753717,-0.0640303493
2.908082962,-0.0208674483,-0.0205616467,-0.0007977915,-0.0221849158,-0.0628675371,-0.0481232889
2.918143034,-0.0141596347,-0.0206324868,-0.0086529683,-0.0189465135,-0.0713030994,-0.0374464095
2.9280600548,-0.0095392391,-0.021638643,8.6205e-05,-0.0125538614,-0.0743601471,-0.0257447474
2.9386501312,-0.0098633021,-0.0157960765,0.0029331613,0.0141383354,-0.0762642995,-0.0225637332
2.9485991001,-0.0180166923,-0.0048008068,0.0029030014,0.0578559898,-0.0716237426,-0.0194371827
2.9582660198,-0.0203125551,0.0097793834,0.0129537154,0.124051258,-0.076384142,-0.0109528843
2.9682199955,-0.0166228898,0.023942221,0.0164407063,0.167874366,-0.0845682994,-0.0077432427
2.9783220291,-0.004957594,0.0296522863,0.0162679125,0.1882712543,-0.0962175056,-0.0129915336
2.9885540009,0.0001804194,0.0079632597,0.0093135405,0.1733919084,-0.0975466892,-0.0299707837
2.9982089996,-0.0083429962,-0.0141825182,0.0050181318,0.1071312577,-0.0800672993,-0.0512876585
3.0082111359,-0.0190840065,-0.0203487985,0.0062153507,0.0440678708,-0.0625490248,-0.0704802647
3.0182700157,-0.0308567584,-0.0231206529,-0.0006450248,0.00234426,-0.0469346419,-0.0811743215
3.0282030106,-0.0359142423,-0.017382931,-0.0066578817,-0.0158643052,-0.0427276455,-0.0726897568
3.0382671356,-0.0304584131,-0.0008880302,-0.0077860784,0.0011817897,-0.0487868749,-0.0471668169
3.0479450226,-0.0181217864,0.0060557025,-0.0067913961,0.0279204603,-0.0633615553,-0.0258431509
3.0582408905,-0.0105390698,-0.000526081,-0.004718883,0.0397428982,-0.0760318115,-0.0183326378
3.0683121681,-0.0136557519,-0.0061046882,-0.0017108154,0.032241039,-0.0707821921,-0.0226110052
3.0782470703,-0.0178943723,-0.0018179223,0.0071500111,0.0428473465,-0.0621551424,-0.0226717256
3.0880651474,-0.0123722851,0.0134431021,0.0073084999,0.0663928837,-0.0663208514,-0.0311602838
3.0981879234,-0.0009085761,0.0348495133,0.0036960412,0.0963290781,-0.0693563297,-0.0385996923
3.1079859734,0.0011619626,0.0291465111,-0.0075246524,0.1359025836,-0.0713512972,-0.0577374361
3.1180229187,-0.0229586363,0.0116312699,-0.0120536517,0.1178575382,-0.0738464147,-0.0832060426
3.1278560162,-0.035418801,-0.0042112572,-0.012760086,0.0634041503,-0.0689962655,-0.0916985944
3.1391091347,-0.0285583213,-0.0174023621,-0.0095966887,0.0184101798,-0.0521829352,-0.0843380168
3.1482930183,-0.0287377536,-0.0123764081,-0.0135379862,0.0098486487,-0.0532362163,-0.0747636855
3.15812397,-0.0307749361,-0.0034688518,-0.0223987531,0.0238627344,-0.0723126978,-0.0682749003
3.1681509018,-0.0191211477,0.0008414284,-0.0212875437,0.0527058356,-0.0794712752,-0.0565623157
3.1782360077,-0.015356496,0.0150119858,-0.0192473363,0.0698464736,-0.0889135152,-0.0512005724
3.1881918907,-0.0172909498,0.0234047957,-0.0210808348,0.0710278526,-0.1007065251,-0.0564368814
3.1981570721,-0.0140174478,0.0093580978,-0.0179145169,0.0507832989,-0.102003485,-0.0649139881
3.2081880569,-0.0253693163,-0.0039202673,-0.0061527919,0.0240819119,-0.0948465019,-0.0787528381
3.2181501389,-0.032962054,-0.0027107403,-0.0013336373,0.0090916455,-0.084382683,-0.0915593132
3.2280778885,-0.018101953,0.0073717134,-0.0032418203,0.0113015361,-0.0897912979,-0.101087302
3.2381482124,0.0027275607,0.0155826109,-0.0158030819,0.0338080451,-0.1013608649,-0.099967584
3.2482671738,0.001294799,0.0130361812,-0.0274607372,0.0435038134,-0.1088400856,-0.1084249765
3.2581071854,-0.0156602859,0.0025555983,-0.0304552745,0.0296455212,-0.1100385115,-0.1105302125
3.2680749893,-0.0268369019,-0.0119590266,-0.0237097573,-0.0056645302,-0.1006743014,-0.1084414944
3.2780652046,-0.0285343379,-0.0139378114,-0.0140865874,-0.018595377,-0.0910432488,-0.0957476646
3.2882552147,-0.0157321021,0.0046736496,-0.0064324569,-0.014263479,-0.1047678515,-0.0797258243
3.2980461121,0.0070433393,0.0147029655,-0.0034736227,0.0189671796,-0.1237047911,-0.0743137524
3.3080658913,0.0115534738,0.0053865211,-0.0004476142,0.0553669967,-0.1320735067,-0.0859712064
3.318046093,-0.0045067668,6.54057e-05,0.0034712125,0.076662302,-0.1192213595,-0.1020043641
3.3281531334,-0.0245157331,0.0006797508,-0.0033417773,0.0797619596,-0.1021965668,-0.1138032377
3.3380131721,-0.032005094,-0.0004784867,-0.000245316,0.0763563067,-0.0807743669,-0.1054406464
3.3480548859,-0.0289045498,-0.0005417868,0.0010268259,0.0890638456,-0.0741361678,-0.0906190872
3.3579969406,-0.0258261263,-0.0014678941,-0.0025397968,0.1040144265,-0.0771753713,-0.0842340216
3.368005991,-0.0140746757,0.0036215975,-0.004049344,0.1296430975,-0.0832809284,-0.0714636296
3.3780241013,0.0006142854,0.0050024586,-0.0025401544,0.1425385177,-0.0980500206,-0.0607546642
3.3879890442,0.0095094293,-0.002355288,0.0058459807,0.1436375976,-0.1023076177,-0.0596654303
3.3980610371,0.0020051003,-0.0138863428,0.0062208343,0.1137481555,-0.0983506963,-0.0702959746
3.4079761505,-0.0093782395,-0.0238336734,0.0073810983,0.0635603443,-0.0892741084,-0.0883804262
3.4180049896,-0.0159382969,-0.0302234106,0.0113244224,0.0303597823,-0.0735529363,-0.0948337987
3.4279661179,-0.023757264,-0.0221045129,0.0171024967,0.0355755836,-0.0596001036,-0.092803143
3.4379911423,-0.020050548,-0.0029795275,0.0190951992,0.0664966106,-0.057180889,-0.0875270218
3.4479420185,-0.008444123,0.0068157511,0.0155231524,0.1242171675,-0.0694964156,-0.0800507292
3.457985878,0.0031476542,0.0160723217,0.0170251895,0.1658720672,-0.0776089281,-0.0662149414
3.4679632187,0.0050893724,0.0108745294,0.0176245738,0.1744429171,-0.081808731,-0.0651312992
3.4779629707,0.0062827766,-0.0070837839,0.0123958159,0.1467818618,-0.0916746855,-0.0692992806
3.4879322052,0.0056217238,-0.0253913216,0.0157824326,0.0924267471,-0.097538963,-0.0809095949
3.4979948997,0.004894793,-0.032356482,0.02575876,0.0518220663,-0.0904179439,-0.0862388536
3.5079169273,-0.0026460811,-0.0358089022,0.028683858,0.031558603,-0.0885278955,-0.0968608707
3.5179891586,-0.0072795749,-0.0316298418,0.0285950471,0.0241440982,-0.0939644724,-0.1010705233
3.5279700756,-0.0069743991,-0.0352492444,0.0285663772,0.01989742,-0.0971946195,-0.0999842212
3.5379340649,-0.0154110715,-0.0362613313,0.0273661185,-0.0216895714,-0.1028530374,-0.0988551751
3.5478949547,-0.0200681686,-0.0346156172,0.0260607768,-0.0453192666,-0.0901012868,-0.0861726701
3.5579690933,-0.0306979418,-0.0341111235,0.01785882,-0.0486705862,-0.0761415288,-0.0756372064
3.5678679943,-0.0308164433,-0.0236607902,0.0156101752,-0.0337331817,-0.082284376,-0.057547152
3.577890873,-0.0152745098,-0.0216426067,0.0194632579,-0.0091554029,-0.0894866288,-0.0468929075
3.587870121,-0.009332642,-0.0312441997,0.0214200187,0.0090044271,-0.0914746821,-0.0458303057
3.5979130268,-0.0190671235,-0.0330259316,0.0193665791,0.0227621831,-0.073282361,-0.0565853491
3.607861042,-0.0290740132,-0.0229635946,0.0212238599,0.0268682465,-0.0529525876,-0.0577824414
3.6179261208,-0.0255472809,-0.0099035306,0.0183050204,0.0256828722,-0.0432389714,-0.0450932756
3.627849102,-0.0161975473,-0.0114520593,0.0184533764,0.0234396905,-0.0346060693,-0.0334613882
3.6378669739,-0.0069857985,-0.0110019548,0.0244708825,0.0383115821,-0.0280296616,-0.0282040425
3.6478350163,-0.0123626292,-0.0144682033,0.0274979044,0.0469170548,-0.0323200151,-0.037743751
3.6578168869,-0.0098486096,-0.0207367949,0.0296445657,0.0501677096,-0.0345115289,-0.046227783
3.6678152084,-0.0023994744,-0.0289780907,0.0230536629,0.0426943451,-0.0356108807,-0.0430282615
3.6778359413,-0.0086197704,-0.0325298719,0.0143330861,0.0383856185,-0.0334526561,-0.0377315022
3.6878190041,-0.0207800269,-0.0332275443,0.0123586822,0.030875504,-0.0313186646,-0.0313657485
3.6978211403,-0.0252862275,-0.0339009278,0.0133893061,0.0338831432,-0.0130054383,-0.0166098382
3.7078142166,-0.0271238089,-0.0257504694,0.0144238044,0.0412696898,-0.0095875366,0.0014234912
3.7178401947,-0.0192053467,-0.0194146149,0.0077809263,0.0552290455,-0.0212007854,0.0057390104
3.7277951241,-0.0063029081,-0.0217385106,0.0080850888,0.0541248992,-0.0179756973,0.0089060422
3.737858057,0.0006653516,-0.0231247656,0.00932266,0.0530210212,-0.0116147362,0.0035525553
3.7477679253,-0.0060816556,-0.0139890416,0.0054643918,0.0295375325,-0.005519825,-0.0124064377
3.7577850819,-0.00120838,-0.0029045746,0.0114064384,0.0177959204,-0.0045653479,-0.0155934421
3.7677721977,-0.0010273458,-0.0065841479,0.013451891,0.0071059917,-0.0014688908,-0.018793229
3.7777650356,-0.0105847567,-0.0172725134,0.0163806845,-0.0004270254,0.0090924073,-0.0262908284
3.7877709866,-0.0241172314,-0.0231022052,0.0173034836,0.0059536425,0.0186156034,-0.0433552973
3.7977762222,-0.0271159112,-0.0024184689,0.0153082181,0.0241176002,0.013478633,-0.0358993821
3.8077909946,-0.0144727826,0.0108104246,0.0077294875,0.0636319816,0.0001351311,-0.0071558822
3.8177440166,-0.0123163909,-0.0002528831,-0.0046285819,0.0764818639,-0.0113766491,0.0099079227
3.8278069496,-0.0208213478,-0.0230997317,-0.0062853526,0.0604395196,-0.0093268137,0.0141553981
3.8377161026,-0.0275415331,-0.0373599939,-0.0080391001,0.0432363003,0.0044622351,0.0172649063
3.8477320671,-0.0288037509,-0.0243525021,-0.0011383129,0.0292933192,0.012895667,0.0161575638
3.8577289581,-0.0173801631,0.0013683036,-0.0049505662,0.0314835012,0.0054476047,0.0183299016
3.8677501678,0.0001685618,0.0096076624,-0.0066813063,0.0326579586,-0.0063272957,0.0152182663
3.8777179718,0.0041885227,0.0040456252,0.0041988064,0.015646616,-0.0097723603,0.0025028703
3.8877120018,-0.0054180175,-0.0018597946,0.015836196,-0.0195715576,-0.0016941942,-0.0208975263
3.8976969719,-0.0122260004,0.0008161262,0.0263850261,-0.0431047156,0.0128985969,-0.0422202609
3.907777071,-0.0190111697,0.0073443847,0.0222845841,-0.0346417204,0.0267584864,-0.0540023521
3.917634964,-0.0335661918,0.0120336907,0.014309125,-0.0154103683,0.0247683059,-0.0540022179
3.9277191162,-0.0393042415,0.0033305481,0.0084975529,0.0186554566,0.0315444507,-0.0423836447
3.937661171,-0.0403862894,0.0036564961,0.00376256,0.0484823249,0.0298405625,-0.0190223958
3.9477181435,-0.0317680389,0.0013498261,-0.0007656646,0.0783861652,0.02061617,0.000139581
3.9576439857,-0.0143249184,-0.0065343482,-0.0012278986,0.0901729167,0.0101302406,0.0129471226
3.9676771164,-0.0076197982,-0.00083379,-0.0018512439,0.0805751532,0.0089872116,0.0129612377
3.977640152,-0.0098213255,0.0125463502,0.009089129,0.0719832629,0.0205637086,0.0001458395
3.9876508713,-0.011129424,0.0239507742,0.0190882254,0.0718631521,0.0397011824,-0.0116644809
3.9975500107,-0.0203052461,0.0401543565,0.0241022278,0.0739928856,0.0480965339,-0.0319063701
4.0076298714,-0.0213732719,0.0397960134,0.0165745784,0.0590951592,0.0551813394,-0.0648760349
4.0176129341,-0.0137778074,0.0433744378,0.0207752157,0.0473495536,0.0603292324,-0.077651754
4.0276770592,-0.0216765255,0.0418344624,0.0199414063,0.0357006192,0.0547680184,-0.092481032
4.0377449989,-0.0293950737,0.0206744261,0.0201518107,0.0218685605,0.0514084361,-0.0977611467
4.0476331711,-0.0313447714,0.0092391865,0.016423719,0.0197604019,0.0460935682,-0.0924132541
4.0576119423,-0.0293085724,0.0065555768,0.0038595367,0.0273196511,0.0365117826,-0.0944797322
4.0676569939,-0.0222734809,0.0019570484,-0.0037908982,0.0232135896,0.0161820091,-0.09328264
4.0778579712,-0.0140402168,-0.0134481294,-0.0085089635,0.0158105344,0.0086223595,-0.0964187831
4.0876569748,-0.0117725581,-0.0182365291,-0.0006769728,-0.0066748019,0.0149066206,-0.0911318734
4.0975809097,-0.0175359696,-0.0057260497,0.0108205248,-0.0343779363,0.0103805782,-0.0953326076
4.1075878143,-0.0123391151,-0.0071197851,0.011619227,-0.0610766597,0.0102104023,-0.0910633057
4.1176128387,-0.0129371583,-0.0262370221,0.015346365,-0.072955817,0.0240750853,-0.0837075114
4.1276493073,-0.0331960171,-0.04445545,0.023830371,-0.0580759421,0.0348145515,-0.091224283
4.1376190186,-0.0351164192,-0.0340757482,0.0187347699,-0.0335355774,0.0350302644,-0.0880549923
4.147424221,-0.0088169575,-0.0163098089,0.0159297157,0.0102971252,0.0195008386,-0.0688618571
4.1577358246,0.0137301981,-0.0137881441,0.0123384167,0.0444548316,0.0155796008,-0.0582358465
4.1677188873,0.0079609454,-0.0123483939,0.0095586348,0.0347606577,0.0241003837,-0.0529723726
4.1775302887,-0.0038536191,-0.0053231819,0.010517912,0.0068583186,0.0431023054,-0.0551997088
4.1875581741,-0.0078106672,-0.0113082035,0.0036773253,-0.0432708934,0.0405225009,-0.0615223199
4.1975193024,-0.0087910444,-0.0313530378,0.0035720039,-0.0956609994,0.0518497229,-0.0647478104
4.2075710297,-0.0206792653,-0.0400438122,0.0129863787,-0.1331519037,0.0696838498,-0.070149228
4.2175030708,-0.0298258364,-0.0324598961,0.0144076515,-0.1523971111,0.074848786,-0.0733550042
4.2275438309,-0.0135965794,-0.0345620923,0.0092478562,-0.1438102871,0.0674699619,-0.069063589
4.2375040054,0.0045429319,-0.0258056037,0.003080206,-0.1266450137,0.0527333617,-0.0583575517
4.2474980354,0.0188223571,-0.0109394891,-0.0010786486,-0.0774441808,0.0371637233,-0.0487294234
4.2574930191,0.0196802169,-0.0122850342,-0.0012002421,-0.0261760652,0.0311995745,-0.0423510186
4.2674860954,0.0039902031,-0.025062751,0.0007111597,0.006751792,0.0486094579,-0.0361125655
4.2775583267,-0.0117928684,-0.036634665,-0.0001783204,0.0163736604,0.0465508327,-0.0361081697
4.2874560356,-0.0139692128,-0.0451647453,0.0019498635,0.0066496595,0.0582868494,-0.0298031382
4.2974720001,-0.0143494308,-0.0450291447,0.0030351449,-0.0051725116,0.0625899881,-0.0160123575
4.3075032234,-0.0128415227,-0.0392168872,-0.005712254,-0.0264290664,0.0517285541,-0.0169894714
4.3174543381,0.0034891367,-0.0472476594,-0.0173294377,-0.0540938526,0.0387379155,-0.0105088018
4.3274822235,0.0109761208,-0.055516731,-0.0183669757,-0.0626676306,0.0387624167,0.000120939
4.3374462128,0.0006377547,-0.0414777212,-0.0147696566,-0.0627624393,0.0494677909,0.0021763667
4.3474597931,-0.0087821633,-0.0244062059,-0.0150234532,-0.0393724293,0.0572119989,0.0116713345
4.3574419022,-0.0142088979,-0.0207235925,-0.018003149,-0.0170158558,0.0596306846,0.0243891273
4.367456913,-0.0158273727,-0.0187461786,-0.0179210138,0.0042449585,0.0642065257,0.0402804762
4.3774790764,-0.0097060353,-0.0184944086,-0.0167247485,0.0191563964,0.0664971098,0.0445041135
4.3874058723,0.0070545524,-0.0034268901,-0.0164350104,0.0363260619,0.0559328832,0.0434982404
4.3972659111,0.0173229724,-0.010691951,-0.0180054735,0.0429847613,0.0323101096,0.0245224182
4.4072113037,0.0083706379,-0.0258756392,-0.0177477431,0.0356610715,0.0245448668,-0.0019818931
4.417263031,-0.0054484904,-0.0265675299,-0.0215716194,0.0282003582,0.0255033374,-0.0083581656
4.4272451401,-0.0144938827,-0.006810586,-0.0333017558,0.0345368162,0.0288677104,0.0043642865
4.4373059273,-0.0110907257,0.0132321017,-0.0301976036,0.0643288046,0.0262101404,0.0415441431
4.4472160339,-0.0135916024,0.0295600481,-0.0231256317,0.0791857764,0.0265520904,0.0680913404
4.4572162628,-0.0161076486,0.0273345895,-0.0149713587,0.0790562183,0.0321202278,0.0946160182
4.4671411514,-0.0224824101,0.0082766311,-0.0175493192,0.0555189326,0.0394015759,0.092460461
4.4772453308,-0.0212321356,-0.0002278492,-0.017285509,0.0181230903,0.0465297922,0.0850038677
4.4872031212,-0.0142291188,0.0047298269,-0.0142131876,-0.0074563054,0.0462320521,0.0733373612
4.4971752167,0.0005902647,0.0154800313,-0.008240385,-0.0170440841,0.0471543074,0.0648388192
4.5071840286,0.0048424602,0.0192901678,-0.0101495218,8.29706e-05,0.0450674519,0.0552788638
4.5172519684,-0.0103864893,0.0133556919,-0.0052545499,0.0150279645,0.0545914471,0.030772591
4.5271787643,-0.0244911909,-0.0042836173,0.0025995541,0.0001028106,0.0596565157,0.0116271265
4.5371642113,-0.0278750584,-0.0218979828,0.0231939126,-0.0231849365,0.040140871,8.23231e-05
4.547167778,-0.0312891304,-0.0174364559,0.0405970365,-0.0638703108,0.0380609408,0.043682266
4.5572180748,-0.0241146013,-0.0137760146,0.064960435,-0.0008308934,0.014330579,0.0862872452
4.5671472549,-0.0508444607,-0.009651552,0.0483613163,0.1271153539,0.0366052575,0.0754295439
4.5771541595,-0.0609071553,0.0041611986,-0.0038947891,0.2041471452,0.0168627109,0.0723185763
4.5871100426,-0.0259848759,-0.0038572655,-0.047785148,0.1752340049,0.0168842822,0.1010231897
4.5971741676,-0.0368608758,-0.0315895192,-0.061069414,0.0001182575,0.0240612365,0.0989745483
4.6071281433,-0.0766564608,-0.058057826,-0.0322055668,-0.1691032648,0.0932746679,0.0965191126
4.617123127,-0.1523914933,-0.0584669225,0.0095534492,-0.2358519286,0.1611810178,0.0982493684
4.627117157,-0.1870155483,-0.0278110914,0.0123930741,-0.2227941751,0.2282647043,0.1817341298
4.637157917,-0.168745175,-0.0113228066,0.0002537537,-0.1904568821,0.2827737331,0.2769723833
4.647105217,-0.1577439159,-0.0231279843,-0.0282784533,-0.1762009859,0.3286088705,0.3744052052
4.6571002007,-0.1067384034,0.0017166331,-0.0360463709,-0.1327002347,0.3275425732,0.4604358077
4.6671028137,-0.0274055004,0.0487061627,0.0056923199,0.1101315767,0.3527826667,0.5674040914
4.6771430969,-0.0321615487,0.1020756289,-0.0134351682,0.5624834895,0.3652353585,0.6148175001
4.6870789528,-0.0350389928,0.1126707122,-0.0750484914,0.7849570513,0.3103372157,0.6182053089
4.6970777512,-0.0035934523,0.0471989997,-0.0860313028,0.7067074776,0.3681112826,0.5700755715
4.7070670128,-0.0340574458,0.0142236846,-0.0718666762,0.4987873137,0.3774243593,0.472420454
4.7171258926,0.0005331187,0.0348063,-0.0152315926,0.3070901632,0.3549345136,0.3908964097
4.7270579338,0.0364518166,0.0126756029,0.0272068549,0.1145926416,0.3118687868,0.2786966264
4.7370538712,0.0263518505,-0.0311001949,0.0501192361,-0.0580114871,0.3118014038,0.1768271327
4.7470340729,0.0084047616,-0.0305634253,0.0516600758,-0.170894891,0.3039706349,0.1132132784
4.7571191788,0.0062660426,-0.0072804196,0.0441095978,-0.2185834646,0.27655527,0.0751781389
4.7670121193,-0.0089446381,-0.0096517308,0.0325750262,-0.2162300199,0.2582223117,0.054047551
4.7770299911,-0.0542338043,-0.031337481,0.0200677086,-0.1447925866,0.2704856694,0.0496733114
4.7870230675,-0.1007662863,-0.0343660824,0.0341918021,-0.0252816435,0.2652333975,0.0772460848
4.7970600128,-0.1202574447,-0.0244224183,0.0469554216,0.1005388722,0.2519111931,0.154796809
4.8070220947,-0.1025766283,-0.0250996165,0.0272008944,0.1827426702,0.221137017,0.2314311266
4.8170161247,-0.0790572017,-0.0144337518,0.0096106697,0.1998592019,0.186658144,0.3081324399
4.8270111084,-0.0417062864,-0.0332044773,0.0009396839,0.11971616,0.1737213135,0.3677662015
4.8372173309,-0.0072791018,-0.06881053,0.0035684276,-0.0457785279,0.1725684255,0.3827627301
4.847161293,0.0279385597,-0.0893672481,0.0016345549,-0.2017606646,0.1895133257,0.3806369901
4.8571171761,0.0667632818,-0.06802807,-0.0145702194,-0.2733082175,0.1963653564,0.3721450865
4.8671340942,0.082373023,-0.0483837239,-0.0263072681,-0.3381849527,0.1900201142,0.3138000369
4.8771419525,0.0758310407,-0.0470949821,-0.0296087693,-0.4128963649,0.213478297,0.2499572784
4.8871297836,0.0358247235,-0.0270967595,-0.0179388355,-0.4834059477,0.247603789,0.1796673983
4.8971281052,0.009491479,-0.015277545,-0.0004718137,-0.5249604583,0.2533620894,0.1403491497
4.9071211815,0.0085405819,-0.0161243789,0.003511982,-0.5134774446,0.2844550014,0.1412018836
4.9171881676,0.0010947621,0.0042728083,0.0037331749,-0.3761203587,0.3146366179,0.1717203856
4.9271068573,0.0214372966,0.058922369,0.01255049,-0.1421757787,0.2626277208,0.2526360154
4.9371128082,0.0967555419,0.1364223808,-0.0038279127,0.0697997361,0.1653557867,0.3094229996
4.9470720291,0.1728632599,0.2012616247,-0.017397685,0.3010137677,0.0786248818,0.3321341574
4.9571251869,0.164480418,0.1872988194,-0.0158697199,0.4542528689,0.0269915126,0.2803061306
4.9670848846,0.1161668077,0.1240376756,0.0034298468,0.4612817466,0.0013556577,0.15085572
4.9770832062,0.0772854388,0.0604076572,0.0245527793,0.3763359785,0.0047589112,0.0010973872
4.9871082306,0.0301062167,0.0103035765,0.0294997264,0.2487037033,0.0036236057,-0.141166538
4.9970779419,0.0077019138,-0.021559041,0.030059712,0.0783327669,-0.001913905,-0.2600013316
5.0071277618,-0.0065606385,-0.0472579412,0.0202175546,-0.0859099627,0.0016874877,-0.315154314
5.01704216,-0.0395642668,-0.0657251552,0.0125649143,-0.2066684812,0.0157692172,-0.3087860346
5.0270853043,-0.0682048649,-0.0732904151,0.0065127183,-0.2583180964,0.0373722464,-0.2355850637
5.0370030403,-0.0633419156,-0.0642300621,0.0024905968,-0.2630019188,0.0436514504,-0.1219465137
5.0470690727,-0.0295505039,-0.0467220359,-0.0050628614,-0.1916856766,0.0185820479,0.0067155915
5.0570411682,-0.0114955585,-0.0481100492,-0.0064998101,-0.1215491891,0.0188949704,0.1044027358
5.0670289993,-0.0248220898,-0.0627810434,-0.006895883,-0.0727465004,0.0315559059,0.1659052372
5.077091217,-0.0355748869,-0.0741132274,-0.0003164244,-0.0644151941,0.0447153822,0.1976872683
5.0870289803,-0.0319780968,-0.0796892121,0.0111593176,-0.1222707704,0.0709786788,0.1964949667
5.0970110893,-0.0317293927,-0.0798758343,0.0350710303,-0.1728115827,0.1238541454,0.1760023534
5.107006073,-0.0463199392,-0.0541997366,0.0312583596,-0.1889053285,0.1490447223,0.136541754
5.1170639992,-0.025733782,-0.0253748409,0.004288571,-0.1568416655,0.1470915526,0.129095301
5.1269693375,-0.002174085,-0.004056911,-0.0166591834,-0.1332175732,0.1374916583,0.1100180149
5.1367840767,0.0090233488,-0.0002330944,-0.0248732995,-0.1393525451,0.1116395518,0.0921288952
5.1469812393,0.0155366641,0.0014832809,-0.0146316718,-0.1754160076,0.0877563283,0.0816850439
5.1569828987,0.0124777239,0.0050004916,0.0052257348,-0.1699754447,0.0781151503,0.0743072852
5.1669869423,0.0144109828,0.0243155546,0.009509163,-0.1345474124,0.0527562648,0.07657177
5.1767730713,0.0244711451,0.0362442918,0.0072242785,-0.0884642005,0.0296219178,0.0798790231
5.1870150566,0.0240976289,0.0347492881,0.0070002843,-0.0531690642,0.0286626462,0.0607375465
5.1969442368,0.0217270833,0.0364997871,0.0117769409,-0.0008355537,0.040488679,0.0213155728
5.2069711685,0.0183327571,0.0408057459,0.0128760505,0.0803274736,0.0451918207,-0.0021442128
5.2168178558,0.0002540749,0.0496624,0.0219595004,0.1592836827,0.0542484336,-0.0150090111
5.2269611359,-0.0137103777,0.0376141556,0.0226251055,0.2020189017,0.0576128028,-0.0352461077
5.2369279861,-0.0276664123,0.0285380669,0.0203725863,0.1838920861,0.0678800866,-0.0682346895
5.2469882965,-0.0347977653,0.0075489776,0.0239718128,0.1517325491,0.0889073461,-0.0800348893
5.2568941116,-0.0332473479,-0.0099720163,0.0176655222,0.09621723,0.0926892981,-0.0874572471
5.2669382095,-0.0122523066,-0.0063831611,-0.0014762115,0.0589468181,0.0775287226,-0.0767089948
5.2768979073,0.0264744833,-1.42261e-05,-0.0206173491,0.0324518308,0.0485913493,-0.0616283119
5.286960125,0.0399524905,0.0050421255,-0.0263482761,0.0165713988,0.029302869,-0.0529930107
5.2970080376,0.0302485414,-0.0076901121,-0.0263485145,0.0272461474,0.0293816999,-0.0540659986
5.30686903,0.0077199694,-0.0163712017,-0.0020092558,0.0346638486,0.0327181071,-0.0455936864
5.316904068,-0.0148104746,-0.0249890499,0.0135998894,0.0420744941,0.0381666683,-0.0392562933
5.3269357681,-0.0138916746,-0.0295581333,0.0108274389,0.034606725,0.0339154638,-0.0296619888
5.3370847702,0.0074408166,-0.0320811085,0.0111058522,0.0164210647,0.0349253342,-0.0200943165
5.3468990326,0.015012769,-0.0329716317,0.0121641923,-0.018841587,0.0389368534,-0.0190333147
5.3568620682,0.0097683053,-0.0372633748,0.0149256755,-0.0616142154,0.0482185036,-0.0201272089
5.366918087,0.0005252397,-0.046816539,0.0214197207,-0.0958622023,0.0586506389,-0.0191085488
5.3770017624,-7.44016e-05,-0.041821789,0.0151742268,-0.087409988,0.0683551952,-0.0170535203
5.3868689537,0.0061274823,-0.0335213952,0.0051937271,-0.024486158,0.0731624663,-0.0118166804
5.396780014,-0.0004593843,-0.0197820477,0.0080435444,0.0363216698,0.0758133754,-0.006563196
5.406894207,-0.0158269145,-0.0084619028,0.0052098203,0.1002939939,0.0796326175,0.0071784486
5.416847229,-0.024417758,0.0003827706,0.0016342569,0.1205715686,0.0682944804,0.038047947
5.4268841743,-0.0105009098,-0.0129561229,0.0003522206,0.1152300686,0.06303633,0.0529592521
5.4367551804,0.0072168373,-0.0089146299,-0.0030331444,0.084260568,0.0649271756,0.0519053079
5.4468970299,0.0211012084,0.003691484,-0.0094959568,0.0705466196,0.0549839996,0.026481973
5.4568033218,0.0187078547,-0.0035227344,-0.0121692847,0.0471917577,0.0534209907,-0.0106773805
5.4668679237,0.0056024641,-0.0031752393,-0.0121096801,0.0397535488,0.0616413653,-0.0425972305
5.4767818451,-0.0075750332,0.0127405422,-0.0111656617,0.0440811887,0.0594325438,-0.0542698652
5.4868102074,-0.0078192856,0.0189967938,-0.0129885506,0.0484996401,0.0454815738,-0.0648063943
5.4967808723,0.0038117357,0.0127292471,-0.0107145738,0.0634538233,0.0424309224,-0.0605493337
5.5068359375,0.006743785,0.0144649642,-0.0191773605,0.1020600647,0.0150680076,-0.0455253758
5.5167322159,0.0135441888,0.0225250013,-0.0099001359,0.1438001841,-0.0089545036,-0.017776968
5.526845932,0.0060854033,0.0063884752,-0.0083071422,0.1695955694,-0.0332736894,-0.0102005415
5.5367488861,-0.0080333836,-0.0107599301,-0.0096717905,0.1536974162,-0.0493775606,-0.003708953
5.5467920303,-0.0083905458,-0.0310332887,-0.0120022725,0.1024219915,-0.0444392599,-0.0047675595
5.556748867,-0.0186524559,-0.0374073498,-0.0147574972,0.0275797099,-0.0258685071,-0.015460684
5.5667982101,-0.0223163832,-0.034619879,-0.0138696264,-0.0418997668,-0.0115063451,-0.0229420364
5.5767593384,-0.0115521327,-0.0253953747,-0.0130886864,-0.0782912001,0.0010246269,-0.024058301
5.5868029594,-0.0010058453,-0.010475914,-0.0114528965,-0.0795308948,0.0223818459,-0.0252583213
5.5967259407,-0.0101865232,0.0122627215,-0.0050648283,-0.0507668927,0.0342531539,-0.0381046087
5.6067419052,-0.0232001618,0.0196607299,0.0005160737,-0.0188294686,0.0451790392,-0.0392601527
5.6167111397,-0.0312804393,0.027381856,-0.0083817076,0.0131649505,0.0434069708,-0.0254599229
5.6267771721,-0.0197509583,0.0217863508,-0.0140442085,0.0122091416,0.0232377872,-0.0083302036
5.6367001534,0.0027490668,-0.0003823444,-0.0137135219,-0.0069396524,0.0124639692,-0.0008095694
5.6467647552,0.0038043782,-0.013147126,-0.0097707342,-0.0313722901,0.0004637651,-0.007089037
5.6566867828,0.0029083807,-0.0124717755,-0.0030634832,-0.0493921712,-0.0083715376,-0.0240172874
5.6665267944,0.0021058712,-0.0128542287,0.0035981108,-0.0418788642,-0.0084224045,-0.0367708988
5.6764922142,-0.0054828171,-0.0063908799,0.0082670022,-0.020443609,-0.0147601953,-0.0473686829
5.6865549088,-0.002127964,-0.0065500839,0.0033462811,-0.0043977983,-0.0168190841,-0.0526784919
5.6966309547,0.006110508,-0.013455878,-0.0014663171,-0.0087636514,-0.0071885618,-0.0474258065
5.7083892822,0.0034431834,-0.0156379156,-0.001554532,-0.0269338675,-0.0051733479,-0.0453014039
5.7174811363,0.0027065389,-0.0160307996,-0.0056156944,-0.0493757911,-0.0063233008,-0.0346551538
5.7273569107,0.0067330282,-0.0174258165,-0.0008754563,-0.0633091852,-0.0052351332,-0.0197789986
5.737306118,0.0075992346,-0.0002993747,0.0095929671,-0.0473500565,-0.0049757413,-0.0038558263
5.7472810745,0.0086208768,0.0004406765,0.008516388,-0.0121590476,-0.0035711904,0.0035472289
5.756980896,0.0058126077,-0.0063901348,0.0056235362,0.0209545642,-0.00337891,-0.0039137499
5.7664661407,-0.0077047087,-0.0101379259,-0.0002283287,0.0326953754,0.0008962626,-0.0145735852
5.7766332626,-0.0105639808,-0.0127626164,-0.0020457935,0.0316270478,0.0029815177,-0.0198989753
5.7864089012,-0.0046447963,-0.0134369535,-0.0048196148,0.0188009981,0.0029277217,-0.0145777129
5.7965230942,-0.0064877868,-0.0191731863,-0.0086482,0.0070796274,-0.0003543579,-0.0134887462
5.8064479828,-0.0083904304,-0.0249690525,-0.0037237834,0.001734131,-0.0014190896,-0.008166153
5.8165011406,-0.0210531782,-0.028953176,-0.002833588,0.0059568384,0.0018760394,-0.0007500479
5.8264331818,-0.0269989111,-0.0201416723,-0.0067998003,0.0101390667,0.0084119691,0.0098285601
5.8364281654,-0.0126417987,0.0005716279,-0.011618657,0.0154836308,-0.0009796681,0.0311313197
5.8464121819,-0.0001221896,0.0047961073,-0.0173086356,0.0292899907,0.0034931109,0.0417165868
5.8564581871,-0.0042425692,0.0030977025,-0.0181864928,0.0227581896,0.019463554,0.0405561142
5.866396904,-0.0044537652,-0.0007105574,-0.02301584,-0.0059829112,0.0138064679,0.0299889557
5.8764281273,0.0108991098,-0.0084256632,-0.0140937399,-0.016702801,0.0222100727,0.0225053411
5.8863968849,-0.0050300118,0.0012370541,-0.0103597473,0.0068880124,0.0158344656,0.0055319499
5.8963651657,-0.0129087176,0.0101900296,-0.007453246,0.0326877832,-0.0022207012,-0.0039287969
5.9064040184,-0.0049961004,0.0117597776,-0.0032759141,0.0733265579,-0.0146592613,0.0046226131
5.9163789749,-0.0048515797,0.0194509812,-0.0019839834,0.1076027676,-0.0303950813,0.0078860512
5.9265799522,0.0041955598,0.0312812813,-0.0083765816,0.116270557,-0.0484430566,0.0143713811
5.9365310669,0.0135455299,0.0254793055,-0.0147116613,0.0961097702,-0.0593700074,0.0048954543
5.9465942383,0.0093868524,0.0027593866,-0.0094403457,0.0502373502,-0.0566546507,-0.0110259876
5.956577301,-0.0026748516,-0.0166219883,-0.0025241207,-0.0064082183,-0.0401670188,-0.031277597
5.9665350914,-0.0061274022,-0.0178434663,0.0061586667,-0.0406237133,-0.0266826339,-0.0483394042
5.9764990807,-0.0097662136,0.0013070896,0.0088318754,-0.0299817212,-0.0191972889,-0.0579584762
5.986538887,-0.0201860256,0.0087943869,0.0095876027,-0.0118818134,-0.0126626892,-0.060138274
5.9964990616,-0.0266191587,0.0017922118,0.0066077281,-0.0013313014,-0.0028452124,-0.0463975631
6.0065579414,-0.0293647163,-0.0012135908,0.0026773382,0.0082267839,-0.0026441438,-0.0315320641
6.0164937973,-0.017621547,-0.0009957061,0.0028199721,0.0305589885,-0.0022534579,-0.0060528014
6.0264811516,-0.0107434373,-0.0025079951,0.0010844039,0.0519217998,-0.0104932785,0.0109839737
6.036550045,-0.0067519918,-0.0009316906,0.0003649163,0.0594509542,-0.021042591,0.0206093024
6.0464668274,0.0070600044,-0.0022074089,0.0026619602,0.0498832837,-0.0274930336,0.0249073785
6.0564799309,0.002358051,-0.0057273908,0.0076908637,0.0391560718,-0.0159341171,0.0110272495
6.0664567947,-0.0189871434,-0.0153383417,0.0115969349,0.0315197222,0.0126735605,-0.0114631457
6.0765199661,-0.027846301,-0.0024781332,0.0047293473,0.0346677117,0.0243437979,-0.0242887959
6.0863261223,-0.0075605437,0.016599346,0.0010491181,0.0517955683,0.0159804057,-0.0178721771
6.0965127945,0.0090285391,0.0230371244,-0.0055044722,0.0519297905,-5.74155e-05,-0.0188317131
6.1064338684,0.0122634042,0.0038525059,-0.0072088074,0.0167795252,-0.0088887233,-0.0198122896
6.1164731979,0.0086588189,-0.0137456758,0.0016319919,-0.0215885043,-0.013521825,-0.0271933712
6.1264419556,-0.0047145095,-0.017132353,0.0004320908,-0.0492989607,-0.0159373116,-0.0345950946
6.1364889145,-0.0123327766,-0.0098763807,0.0011133718,-0.0514410734,-0.0148880268,-0.0345989577
6.1463589668,-0.0179342162,-0.0074305041,-0.0010611248,-0.0419130847,-0.0093795443,-0.0240174197
6.1563911438,-0.0197190046,-0.0038807795,-0.0012217592,-0.0302091558,-0.0070988131,-0.0176651161
6.1666002274,-0.0108200666,-0.0050386591,-0.0012440515,-0.0174528807,-0.0026795638,-0.0123907253
6.1764268875,-0.0049197376,-0.0120133264,-0.0041643213,-0.0143689401,0.0102040106,-0.008225807
6.1863880157,-0.0050685573,-0.0101601584,-0.0051920842,-0.0037634326,0.0177857652,-0.0061575966
6.1964631081,-0.0062428433,-0.0071492596,-0.0003017616,0.0133268703,0.0137020722,0.0002289303
6.2066659927,-0.0016006903,-0.0009379789,0.0076311994,0.0389062651,0.0139998132,0.0118954405
6.2163729668,-0.0056328475,0.0015005663,0.0077855755,0.065655455,0.005672642,0.0140564628
6.2263641357,-0.0065378025,-0.0115392907,0.0041927863,0.061414104,0.0013828219,0.0162120257
6.2363419533,-0.008387344,-0.0276866965,0.0044365693,0.0358221903,0.0032081525,0.0024051319
6.2463889122,-0.0131694451,-0.0382670574,0.0016030837,0.0070070555,0.0082021123,-0.0124806063
6.2564191818,-0.0103714205,-0.0235281102,0.0035336185,0.0027734283,0.0038925852,-0.0124489143
6.2663421631,-0.0064486489,-0.0176357739,0.0025652815,-0.0036202883,0.0017237066,-0.010305603
6.2764091492,-0.0075164121,-0.0117511256,0.0064445902,0.0069797584,0.0051373467,0.0045392564
6.2863302231,-0.0095893703,-0.0008812055,0.0034991074,0.0251403861,-0.003127241,0.0215784274
6.2963371277,-0.0018715468,0.015123059,0.0006903577,0.0529990494,-0.0220141131,0.0376174487
6.3063321114,-0.0017089919,0.0089440839,0.0009789634,0.0786660686,-0.0303114578,0.0440276787
6.3163328171,-0.0131406896,-0.0117963059,0.0032623578,0.0807774216,-0.0229134634,0.0322919264
6.3262629509,-0.0178595316,-0.0179000013,0.0064898897,0.0658543929,-0.0209911931,0.0206035767
6.3363428116,-0.0118966736,-0.0163196735,0.0106485058,0.0380665734,-0.0127468454,0.0099457391
6.3463010788,-0.0099076089,-0.0112355156,0.011683302,-0.0004094485,-0.002456391,-0.001780425
6.3563728333,-0.0157274399,-0.0085062189,0.0057154465,-0.0260880478,0.0100538088,-0.0156553611
6.3662862778,-0.0206506103,-0.0039720638,0.0016362835,-0.0325099938,0.0121417269,-0.0156644154
6.3763489723,-0.0148406923,0.0006249443,-0.0023774337,-0.0282091219,0.0058180508,-0.0092527224
6.3862829208,-0.0051215664,-0.0005247399,-0.0033539962,-0.0164776314,0.0017516698,0.0045765406
6.3963222504,-0.0002628715,0.0043801563,-0.0023705792,0.0070884158,-0.0108322985,0.0120805297
6.4062337875,0.0016614682,0.0192910321,0.0035197306,0.0348851606,-0.0201456379,0.0227454249
6.4162812233,-0.002089709,0.0236327238,0.0075584222,0.0510082021,-0.033910986,0.0228213239
6.4262542725,-0.002709154,0.0153286057,0.0107060838,0.0436237901,-0.0404716805,0.012245113
6.4363489151,-0.0061452836,-0.0019293234,0.0148035455,0.021170944,-0.0269518811,-0.0111989602
6.4462409019,-0.0135655161,-0.010774116,0.0147963334,-0.0183554254,-0.0146227758,-0.033561524
6.4562950134,-0.0143450201,-0.0042201383,0.0126988459,-0.0323154479,-0.0019613095,-0.0400074385
6.4662208557,-0.015292177,0.0061503248,0.0086015631,-0.0367168561,0.014036566,-0.0401081033
6.4762382507,-0.0124737788,0.0185385235,0.0055071283,-0.0271413289,0.0152389836,-0.0326838791
6.4862179756,-0.0085682739,0.0134309726,0.0035154987,-0.0196655653,0.01110336,-0.0231007598
6.496281147,-0.0056812987,0.0074353116,0.0035012532,-0.0026997663,0.0198952537,-0.0104215834
6.506155014,-0.0049325563,0.0212044604,0.0044462848,0.0293540396,0.0137848966,-0.0040299972
6.5162711143,-0.0011669026,0.0256633647,0.0124781299,0.0753043517,0.0056366893,0.0013020509
6.5261869431,-0.0049214661,0.0108512836,0.0099045802,0.099946849,0.0003561735,-0.0135543924
6.5362491608,-0.0105605517,-0.0009646222,0.0073536802,0.104265824,0.001305324,-0.0316248722
6.5461750031,-0.0064096246,-0.0019796595,0.0058042575,0.0990686715,-0.0095590409,-0.0474866591
6.5562391281,0.0026461985,0.0008083478,0.00518425,0.0734418705,-0.006595742,-0.0528002009
6.566163063,0.0019806083,-0.0084366603,0.0083629061,0.0467234403,-0.0014856687,-0.0560018532
6.5762290955,-0.0133365877,-0.0132166548,0.0034686495,0.0136100976,0.0056412164,-0.0677119046
6.5861501694,-0.0189916864,-0.0085105104,-0.0073736738,-0.0131362947,0.0129159074,-0.0677404031
6.5961151123,-0.0121516548,-0.0028563545,-0.0133067798,-0.0186178796,0.0247563217,-0.0529393516
6.6061792374,-0.006402187,0.0038354292,-0.0153124165,-0.0069391197,0.027102299,-0.039151635
6.6161432266,-0.0065813735,0.0077805715,-0.0065430235,0.0100976545,0.0273430496,-0.0264163949
6.6260881424,-0.0057321582,0.0001573756,-0.0054573249,0.0271413513,0.0275656898,-0.0158058293
6.6362009048,-0.0107449666,-0.0073909862,-0.0024187397,0.0367704108,0.0223520193,-0.0094050551
6.6461100578,-0.0128561016,-0.0109167499,0.000668006,0.0421183035,0.0181817748,-0.0019450083
6.6561741829,-0.0139479078,-0.0037452683,-0.0070622992,0.0347197764,0.0085214255,0.0002486375
6.6661100388,-0.0013162923,0.0055194991,-0.0127034616,0.0550761819,-0.0030233781,0.0066836332
6.6761422157,-0.0031964947,0.0119969444,-0.0203086566,0.0818541348,-0.0145636536,0.0078020277
6.6860942841,-2.66173e-05,0.0098475115,-0.0268095564,0.0862464905,-0.027400624,0.0025702482
6.6961278915,0.0081248265,0.0077582197,-0.027409954,0.0831489637,-0.0381568633,-0.00267032
6.7060852051,0.0133948401,0.0085398154,-0.0251270365,0.0714582205,-0.0415172428,-0.010077104
6.7161021233,0.0089102481,0.0032575324,-0.0161201786,0.0457740277,-0.0300363526,-0.0186305121
6.7261099815,0.002509376,-0.0111409826,-0.0130588841,0.0125873107,-0.0122597534,-0.0346584767
6.7362890244,-0.0119377989,-0.0121945841,-0.0043790769,-0.0088249044,-0.0007548973,-0.0453442819
6.7461090088,-0.010952197,-0.0034307942,0.0024072696,0.0039241808,0.0057746409,-0.0432707444
6.7561440468,-0.0089826928,0.0035321906,0.0014431048,0.0262622423,0.0134711759,-0.0380227193
6.7660679817,-0.0129759889,0.0087519186,0.002510624,0.0560214706,0.0255398247,-0.0285602398
6.7761068344,-0.0179147553,0.0102724032,-0.0041559767,0.0721628889,0.0096354261,-0.0284696929
6.7860460281,-0.0022166613,-0.0006389722,-0.0056547355,0.073269695,-0.0009168176,-0.0135285612
6.7961101532,0.0046190685,0.0011200204,0.0044152308,0.0744040757,-0.0146776373,0.0014345432
6.8059778214,-0.0068536606,-0.0070104701,0.0095226336,0.0702588633,-0.0265390892,-0.006984774
6.8161010742,-0.0064082853,-0.0220526867,0.0127386618,0.0414850041,-0.0310667306,-0.0111880414
6.8260231018,-0.008032945,-0.023787152,0.0099058319,0.01151885,-0.021679353,-0.0112279886
6.8360939026,-0.0097771026,-0.0170146935,0.0108225513,-0.0141356476,-0.0134134339,-0.0208230931
6.8460493088,-0.0134396553,-0.0211199336,0.0117187668,-0.0184635501,-0.0038822473,-0.0272562243
6.8560829163,-0.0182392281,-0.0145670278,0.0105798412,-0.024927441,0.0045900671,-0.0304934289
6.8659920692,-0.0123814167,-0.0088284118,0.0085867215,-0.0131943515,0.0015652486,-0.0198580958
6.8760671616,-0.0035383757,-0.007937829,0.0056699682,-0.0163789615,-0.0047781346,-0.0081255399
6.8860001564,-0.0015336463,-0.0120312674,0.0056409407,-0.0271775462,0.0090599163,-0.0050205598
6.8959832191,-0.0095263524,-0.0035158501,0.0083776284,-0.027246654,0.0165583119,-0.0040108222
6.9059772491,-0.0049078092,0.0138921635,0.0063079763,-0.0176278502,0.0155548342,-0.0050734235
6.9160461426,0.002792675,0.0139554339,0.0073393155,0.0090824571,0.0156954471,-0.0125285443
6.9259672165,-0.0127581414,-0.0006665692,0.0073325802,0.0155123938,0.0188153405,-0.0284891333
6.9360051155,-0.0126990359,-0.007342468,0.0054693986,0.0155793726,0.0144576104,-0.038021788
6.9459438324,-2.82387e-05,-0.0051079793,0.011495309,0.0188239012,0.0080971839,-0.0347956344
6.9560198784,-0.0028686533,-0.0040060384,0.0105474163,0.0092611555,0.0026795152,-0.0347539559
6.9659442902,-0.0065820636,-0.0088844998,0.007622974,-0.0034493133,-0.0081339842,-0.0378621295
6.9759569168,-0.0082212323,-0.017799329,0.0007908511,-0.0130830323,-0.002908862,-0.0432017706
6.9858818054,-0.0138975009,-0.0209351592,0.003627019,-0.0195366703,0.0034449077,-0.0443008542
6.9959259033,-0.0187694877,-0.014390151,0.0034547616,-0.0303226057,0.0141127324,-0.0369256288
7.0059909821,-0.0110669658,-0.0039408309,0.003328817,-0.0378534943,0.0163010508,-0.0241858661
7.0158672333,-0.0014772519,-0.0012171671,-0.0015793871,-0.0167195797,0.0348041616,-0.0041339938
7.0259208679,-0.0057329927,0.0085966187,-0.0026166867,0.0367018357,0.0235786717,0.0097125797
7.035905838,0.0009138518,0.0062648552,-0.0013668967,0.0720435753,0.0047184313,0.021494139
7.0459690094,0.006779734,-0.0066318912,-0.0019521546,0.0805949867,0.0037066964,0.0204323363
7.0559010506,-0.0009355816,-0.0205927305,-0.0036286544,0.068940863,-0.0007951111,0.0045339298
7.0658860207,-0.0048302468,-0.0210810415,-0.0015197825,0.0315692574,0.0041780761,-0.0050337426
7.0758800507,3.29929e-05,-0.0218746774,0.0024827886,-0.0047920784,0.0145380395,-0.0103868293
7.085943222,-0.0029907878,-0.0182038955,-0.0034938287,-0.0357665084,0.0216710493,-0.0231601484
7.0958781242,-0.0030727834,-0.0109111471,-0.0134759378,-0.057058081,0.0161290113,-0.0273603536
7.1058311462,0.0076605268,-0.0114359958,-0.018484218,-0.0623652264,0.0128724976,-0.0283979215
7.1158437729,0.0084592178,-0.0031145022,-0.0060217809,-0.0484842956,0.0077400533,-0.0156232696
7.1258659363,-0.0032763975,-0.0005458102,-0.0003803801,-0.0185389165,-0.0015929941,-0.0092093125
7.1358661652,0.0017415647,-0.0063932342,-0.001286192,0.0050319228,-0.0162824579,0.0014931327
7.1477160454,0.0038842596,-0.0062423451,-0.0070814919,0.0210364554,-0.0203248709,0.0142568648
7.155957222,-0.0007026485,-0.0216370635,-0.0108371209,0.028506089,-0.0192159303,0.0121194124
7.1658711433,-0.0112840151,-0.028258007,-0.0098123383,0.0273558702,-0.0075044124,0.0077947048
7.1758379936,-0.0123398686,-0.0123228831,-0.009767456,0.0380074494,-0.0052726837,0.0088338703
7.1858711243,-0.0035450161,-0.0050725145,-0.018377943,0.0380165055,-0.0084335897,0.0141663169
7.1958022118,0.0022387197,-0.0036978528,-0.0143018197,0.0272683837,-0.0010012398,0.0183763765
7.2058329582,-0.0006689058,-0.0123255653,-0.0151986312,0.0080022793,0.0073546944,0.0130236894
7.2158670425,-0.0018012199,-0.0122820539,-0.0103074741,-0.0016657943,0.0147614786,0.0129824094
7.2258439064,0.0037686154,-0.0014567182,-0.0073876213,0.0057905242,0.0138139259,0.0204200856
7.2358093262,0.0025526127,0.0006483391,-0.0083210897,0.0207039602,0.0150536271,0.0267754532
7.2457919121,-0.0026047584,0.004856308,-0.0004463625,0.0292678848,0.0108719319,0.0299837645
7.2558689117,-0.0017736658,0.0022410348,-0.0012943577,0.0368040986,0.0023958886,0.0321592987
7.2655153275,0.0011247023,-0.0021968291,-0.0030448269,0.0507750437,-0.0082021616,0.0300934855
7.2758059502,-0.0037774984,0.0012640848,0.0049174596,0.0583581254,-0.0199381784,0.0259155184
7.2857871056,-0.007435983,-0.0090064807,0.0031662155,0.0392342359,-0.0276403073,0.0174796898
7.2958221436,-0.0042434549,-0.0155693693,0.0023484398,0.0115155214,-0.0310797784,0.0153968306
7.3056058884,0.0009110001,-0.0184769146,0.0024047066,-0.0130012734,-0.034493953,0.0133113088
7.3157482147,-0.004785181,-0.014795701,0.0061662961,-0.0259475634,-0.0164547656,0.0100176446
7.3258180618,-0.0183637068,-0.0073895259,0.0049345065,-0.0313375369,-0.0079915049,0.0046545714
7.3357419968,-0.0144706676,-0.0017990575,0.0028776098,-0.0239199661,-0.0046569612,0.0120609552
7.3456249237,-0.0038799327,0.0099533992,0.0058316756,0.0112697119,-0.0063861515,0.0279834624
7.3557519913,-0.0069222571,0.0170078762,0.0068321992,0.0379387401,-0.0061374125,0.0332766287
7.3657832146,-0.0069219526,0.0125441151,0.0060239006,0.0464725718,-0.005011694,0.0322009809
7.3757071495,-0.0058768559,-0.0026866898,0.0043056179,0.0272566676,-0.0009714123,0.0215620492
7.3856573105,-0.0117312726,-0.0084774001,0.0023782421,-0.0079433983,0.0007849423,0.0088265464
7.3957071304,-0.0126815382,-0.0155329807,0.0032894183,-0.0421045646,0.0078537706,-0.0081921183
7.4057269096,-0.0156583153,-0.0091970069,0.0059957672,-0.059151724,0.0076401858,-0.0177403502
7.4156980515,-0.0098852981,0.0020139411,0.0106553603,-0.0580124222,-0.0019514556,-0.0155544262
7.4257602692,-0.0039818045,0.0045637684,0.0105305482,-0.0270507783,-0.0038223262,-0.0123767424
7.4357481003,-0.006844189,0.0063558714,0.0114242006,0.0017618267,-0.0067195795,-0.0028187912
7.4456739426,-0.0078102471,0.0133103626,0.0114287306,0.028420601,-0.0053991838,0.0024659857
7.455737114,-0.0067751724,0.0126562016,0.0076622535,0.0369086266,-0.0031072674,0.0130701596
7.465842247,-0.0096719265,0.0081054466,0.007789569,0.0304778945,4.93772e-05,0.0130541818
7.475730896,-0.0164117776,-0.0073717339,0.0098380614,0.0016106926,0.0083179595,0.0066483468
7.4856629372,-0.015466569,-0.0162618868,0.0069154669,-0.0272459909,0.0134205762,0.0045106271
7.4956960678,-0.0088164443,-0.0175098889,0.004910009,-0.0347604975,0.0176571328,0.0066125276
7.5058603287,-0.0071014296,-0.0060631735,0.004756527,-0.0219339151,0.0135265701,0.0119423121
7.5156393051,0.0004384042,0.0124125378,-0.0001993608,0.0036762403,0.0116519714,0.0193726644
7.5256290436,0.001205691,0.0213868804,-0.0070044827,0.0463688448,0.0098990789,0.0257285647
7.5356988907,-0.0017702096,0.0140767293,-0.0058242511,0.0603500381,0.0003210198,0.0183458813
7.545800209,-0.000703497,-0.00395907,-0.0026092362,0.0422424078,8.1069e-05,0.0066737793
7.5556678772,-0.0016850663,-0.0105058951,0.0053281356,0.0112549309,0.0051549235,0.0024100591
7.5656023026,-0.0104979444,-0.0125257475,0.0052641202,-0.018652102,0.0122961896,-0.0103640594
7.5756292343,-0.017351022,-0.0187699012,0.0060848165,-0.0571129397,0.0183644686,-0.015687719
7.5854358673,-0.021358937,-0.0164930336,0.0019086171,-0.0677884892,0.0172403473,-0.0124857994
7.595662117,-0.0147338714,-0.0033454106,-0.0022130441,-0.0378955677,0.0111827217,0.0024076621
7.6055731773,-0.0013490916,0.0181209929,-0.0051846933,0.0197570734,0.0021820366,0.0226112008
7.6155781746,0.0034519192,0.0214456208,-0.0059975218,0.0582517348,-0.0102501316,0.0332864821
7.6256408691,0.0043979399,0.0172401257,-0.0018241238,0.0710130706,-0.0047983751,0.0343046114
7.6355619431,0.001399882,0.0120084481,-0.0005986523,0.057085,0.0056883544,0.0236237347
7.645606041,-0.002520808,0.0006729856,-0.0014106464,0.0229291636,0.0127422698,0.0044788024
7.6555509567,-0.0006580112,-0.0041515334,-0.0023276638,-0.0155191589,0.0198238809,-0.0072252573
7.6655449867,-0.0046445131,-0.0122466786,-0.0014456343,-0.0411654003,0.0280668978,-0.0200094972
7.6755628586,-0.0164823141,-0.0128076775,-0.0036648344,-0.0571643412,0.0289553273,-0.0274442434
7.6854839325,-0.0117787346,-0.006521265,-0.0077803563,-0.0507101715,0.0184172001,-0.0156941097
7.6955842972,-0.0011817311,-0.0028833852,-0.0088088345,-0.0165327583,0.0123542473,-0.0050521186
7.7055239677,-0.0032813605,0.0107243555,-0.0069659185,0.0102511859,-0.0044303262,0.0077867149
7.7155361176,-0.0002873895,0.0118746059,-0.0098154377,0.0295500495,-0.0149625959,0.0089052422
7.7255101204,-0.0010704008,-0.0015183494,-0.0096505713,0.0284349825,-0.0075259842,0.0046082325
7.7355232239,-0.0127751455,-0.0003428861,-0.0047635268,0.0251791365,0.0019998765,-0.0039526322
7.7455272675,-0.00889083,0.0047795074,-0.0066343378,0.0198578723,0.0008717616,-0.0060663829
7.7555642128,0.0038383417,0.0080194967,-0.0093856882,0.0252446495,-0.0054913294,-0.0049659652
7.7654938698,0.0030459259,0.0043789046,-0.0141428541,0.0327723399,-0.0097627733,-0.0113178696
7.7754888535,-0.002566359,-0.0032310293,-0.0169942211,0.0157554075,-0.0142392814,-0.0197775364
7.785492897,-0.004281369,0.0006382957,-0.0150750708,-0.0193666276,-0.0273273867,-0.0186057445
7.795539856,0.0097671095,-0.0073421104,-0.0120929908,-0.0353535861,-0.0296035893,-0.0196393169
7.8054580688,0.0041945251,-0.0077075465,-0.0073792767,-0.0364686474,-0.0221669786,-0.0239363275
7.815527916,-0.014139832,0.0016856685,0.0020952988,-0.0183238685,-0.0199331194,-0.0292760972
7.8254470825,-0.0139239794,0.0055787461,0.0020789076,0.0199817102,-0.0099087143,-0.0166191589
7.835518837,-0.0100920582,0.0226729997,0.0051126052,0.0754040927,-0.0050806701,-0.001814247
7.8454360962,-0.009090323,0.0323802419,-0.0004299116,0.1212954223,-0.0067997403,0.0056015914
7.8555002213,-0.0030222069,0.016972471,-0.0037895869,0.1170735061,-0.0142776296,0.0099025965
7.8654222488,0.002065572,-0.0015851662,-0.001366837,0.0732855499,-0.010368377,0.0067206509
7.8754549026,0.0013031092,-0.0206886344,-0.0001429748,0.0113682486,-0.0055981223,-0.004955845
7.8855090141,-0.0054014521,-0.0325847678,0.00469728,-0.0430838056,0.0023857686,-0.0219678506
7.8954048157,-0.0092869876,-0.026292067,0.0073607732,-0.0601413548,0.0021993471,-0.0283290781
7.905479908,-0.008319892,-0.0102155907,0.0090642143,-0.0419216044,-0.0083113508,-0.0240240786
7.9156460762,0.0006233248,-0.0006439492,0.0050891209,0.0008322503,-0.0196364429,-0.0122947181
7.925757885,-0.0011201418,0.005369653,0.0099804569,0.0392835028,-0.0256791562,-0.0037832551
7.9355201721,-0.0077311583,0.0106741386,0.0130072404,0.0627871007,-0.0307801757,0.0036713323
7.9454879761,-0.00544634,-0.0004312798,0.0133036543,0.0595622733,-0.0296999961,0.007916145
7.9552211761,-0.0050672051,-0.0204992406,0.0106424857,0.022101054,-0.0161255971,0.0046685524
7.9652781487,-0.0126950108,-0.0312442593,0.0116203595,-0.0228286013,0.0005186263,-0.0081566982
7.9751491547,-0.0156948622,-0.0247810595,0.010458665,-0.0570708588,0.0130266948,-0.0145891644
7.9855651855,-0.0091408379,-0.0087501211,0.0111799408,-0.0667772815,0.0226252601,-0.0082702823
7.9954829216,-0.0026322659,0.0044440525,0.0148881841,-0.0454368442,0.0217626616,-0.0040323939
8.0054283142,-0.0047861058,0.0129168229,0.0108148027,-0.0123212356,0.0188124124,-0.0040363888
8.0153465271,-0.0057745408,0.0012015596,0.0079360772,0.019752413,0.0116048325,-0.0008242168
8.0253505707,-0.0125897275,-0.011335264,0.0080089141,0.0229439437,0.0137489438,-0.002965132
8.0353507996,-0.0165392831,-0.0122104092,0.0012058186,0.0059006456,0.0103890998,-0.0050545149
8.0453662872,-0.008807336,-0.0160935931,-0.0016474556,-0.0219179373,0.0145308478,0.0044995751
8.0553827286,-0.0011550394,-0.0134130223,-0.0036639404,-0.0486360975,0.0154570965,0.0119487029
8.0653162003,-0.0003796435,-0.005148123,-0.0078033041,-0.060386233,0.0164350085,0.0119505674
8.0753555298,0.0003777927,0.002147068,-0.0109489392,-0.0411544815,0.0154887876,0.0087555721
8.0853452682,-0.0008418012,0.0087834196,-0.0100936126,0.0068500624,0.0201170947,0.0065672533
8.0953702927,-0.0040585017,0.0207871087,-0.0042090248,0.0549390316,0.0130203031,0.0076402416
8.1054782867,-0.0022443486,0.0243986435,-0.0010381769,0.0784467459,0.0068620099,0.0161628891
8.1153106689,-0.0002166416,0.0105119245,-0.0006813836,0.0678610876,-0.0018148355,0.0119810607
8.1252822876,-0.0039383788,-0.007555495,-0.0033620428,0.0337481238,-0.0053304746,0.0067157242
8.135345459,-0.0067409799,-0.0211379938,-0.0042490792,-0.0142971678,-0.0004425085,-0.0039094891
8.1452846527,-0.0009288659,-0.0135345263,-0.002378149,-0.0420425124,-0.0006752688,-0.006013386
8.1553039551,0.0028802594,-0.0002161965,0.0023146439,-0.0398934707,-0.0027874219,-0.0049386676
8.165271759,0.0008929566,0.008261879,0.0060630608,-0.0238878746,-0.0016039131,-0.0060199108
8.1752910614,-0.0049396213,0.0071281688,0.0040291715,0.0091234706,0.0103598051,-0.0114310551
8.1852827072,-0.0136759812,0.0013850823,-0.0008247328,0.0400829837,0.0116317309,-0.015710488
8.1953248978,-0.0127750952,0.0027603104,-0.0045816135,0.0475492924,0.0096130548,-0.0082646897
8.2052364349,-0.0078687752,-0.0016691491,-0.0092506837,0.0379802845,2.88709e-05,0.0045528384
8.2151613235,0.001019447,-0.0159529857,-0.0109566879,0.0176790077,-0.0021653073,0.0162672848
8.2250804901,0.0049366476,-0.0188074522,-0.0089472365,-0.0121657066,-0.008781665,0.0195182059
8.2351026535,0.001036493,-0.0200042836,-0.005130155,-0.0345599614,-0.0111015448,0.0184864961
8.2450199127,0.0049333125,-0.0134774847,-0.0003746581,-0.0355820842,-0.0133196916,0.010002465
8.2554359436,0.0079381131,-0.0029936538,-0.0034265351,-0.0195342749,-0.0122483019,-0.0048919292
8.2652797699,0.0060537327,0.0154768424,-0.0074562859,0.0093517024,-0.0163817946,-0.0144468183
8.2752113342,0.0063325241,0.0137359397,-0.0093233418,0.0360818505,-0.0204748064,-0.0165605694
8.2852306366,-0.0059577934,-0.0026101575,-0.0101858806,0.0307062604,-0.0162321236,-0.015521937
8.2954311371,-0.0087276101,-0.0033404336,-0.0071745347,0.0199782476,-0.0140829533,-0.0049063102
8.3052215576,-0.0037818169,0.0027655258,-0.0061236452,0.0156934895,-0.0172134992,0.0078656785
8.3151893616,-0.0006603684,-0.003841202,-0.0059888195,0.016785251,-0.0224969443,0.0142747071
8.3252410889,-0.0063997805,-0.008620928,-0.0039959382,0.0102929976,-0.0118592139,0.0142102595
8.3354644775,-0.0112396628,-0.0076129837,-0.0001178813,-0.0014427546,-0.0109207164,0.0088975197
8.3451757431,-0.0072710682,-0.0047209961,-0.0020738076,-0.006781593,-0.0099113779,0.0067699198
8.3551702499,-0.003436571,0.0031357601,0.0008555818,0.0102422647,-0.006497738,0.0163004417
8.3651857376,-0.0033886256,0.0023890927,0.0048401523,0.0327523686,-0.0170297399,0.014228235
8.3751335144,-0.0031920541,-0.0040519936,0.0069626737,0.0466680489,-0.0201656129,0.008922819
8.385140419,-0.0068625445,-0.0065586073,0.0090612937,0.0467082635,-0.0234080125,0.0046942523
8.3952007294,-0.0076095164,-0.0032073066,0.0062818695,0.0446168818,-0.0256285556,-0.002725048
8.4051446915,-0.0102794887,-0.0048302216,0.0034693051,0.0274996813,-0.019384509,-0.0070031499
8.4151935577,-0.0110507347,-0.0066585047,0.0035162736,-0.0046004653,-0.0089704832,-0.0102362279
8.4251127243,-0.0100073023,-0.0077749891,0.0064065028,-0.0281729009,0.002585772,-0.0124194873
8.4351482391,-0.0109908003,-0.0100230975,0.0121488739,-0.039957922,0.0067933006,-0.009249527
8.4451026917,-0.0081979595,-0.0035697327,0.0168827344,-0.0421065614,0.0068130074,-0.0049985889
8.4551639557,-0.0053639766,-0.0009206936,0.0167699028,-0.0197266862,0.011261818,-0.0050433297
8.4650812149,-0.0044492586,0.0058710473,0.0157467294,0.0080855032,0.0029538206,-0.001821704
8.4751558304,-0.0005031872,0.0050689774,0.0109726358,0.0294592343,-0.0011309356,0.0013780841
8.4850921631,-0.0082425922,0.0003728464,0.0051675607,0.0272557363,0.0084439274,-0.0018696407
8.4951438904,-0.0141066406,-0.0024433241,0.0042169858,0.0037509422,0.011457826,-0.0029343725
8.5050773621,-0.0102335969,-0.0113313003,0.0032692123,-0.0336166695,0.0122376001,-0.0029133337
8.5151386261,-0.0064086309,-0.0137393875,0.0050715972,-0.0709567219,0.0098066675,-0.0039361203
8.525056839,-0.0035184566,-0.0183174126,0.005839901,-0.0741450563,0.0097456807,-0.0081830639
8.535118103,-0.0113621866,-0.0150946481,0.0074913073,-0.0548917316,0.0076966444,-0.0156215383
8.545044899,-0.0095371427,0.0002160266,0.0073110033,-0.0099977599,-0.000488315,-0.0134750307
8.5551099777,0.0031076111,0.0179954953,0.0005420613,0.0423613191,-0.0117343115,-0.0006883957
8.5650444031,0.0110101383,0.0274299569,-0.0011768175,0.0808389336,-0.0209832042,0.0078438399
8.5750961304,0.0055030361,0.0076525705,-0.002801938,0.0775954723,-0.0156717952,0.0067484817
8.5850219727,-0.0098821446,-0.0124161644,-0.0016433429,0.0336983204,0.0031634115,-0.0007797421
8.5949716568,-0.0167057775,-0.0172786526,-0.0016451906,-0.0175949596,0.0133782318,-0.0093074497
8.6050453186,-0.0120120402,-0.0116747124,-0.0027264189,-0.04756644,0.0238252804,-0.0104166567
8.6150074005,-0.0073396582,-0.0082483692,-0.0058268141,-0.0635567307,0.0184171982,-0.0039985715
8.6250400543,-0.0036744233,-0.0039331419,-0.0060298871,-0.0572170727,0.0238646958,0.0023360234
8.635011673,-0.005895162,0.0014678731,-0.0052621793,-0.0305029023,0.0208590534,0.0023397519
8.6450567245,-0.0042096926,0.0081231194,-0.0014501642,-0.0080663022,0.0167937372,0.0066000107
8.6549892426,-0.0044920649,0.0130312042,0.0004937816,0.0153781706,0.0202137679,0.0108129978
8.6649751663,-0.0037169084,0.0172046907,0.0005674529,0.0325355865,0.0107273217,0.010862533
8.6749782562,0.0012087867,0.0049202936,-0.0060294103,0.0421907455,0.0075360555,0.0034377729
8.6850004196,-0.0036414592,-0.0016219125,-0.0117614102,0.0272679869,0.007366146,-0.0029250514
8.6949319839,-0.0007425743,0.0044177072,-0.0146413278,0.0081458241,-0.0034779795,-0.0039041627
8.7049598694,0.0091116931,0.0015162125,-0.013594849,-0.0227505751,-0.0111894291,-0.0027701887
8.7149505615,0.0092858355,-0.0124922497,-0.0058426093,-0.0537435114,-0.0071451524,-0.001712248
8.7249584198,-0.0052458467,-0.01805095,-0.004186077,-0.0633822903,0.0012307556,-0.0134461354
8.7350158691,-0.0150066223,-0.0089106364,-0.0025585722,-0.0462637544,-0.0008326616,-0.0198172163
8.7449398041,-0.0092614386,0.0133616524,-0.0027132463,0.0103020519,-0.0066535329,-0.0017583207
8.7549419403,-0.001448976,0.0304149576,-0.0045328569,0.073359184,-0.024157159,0.0184938218
8.764922142,0.0046343943,0.0245179124,-0.0031390022,0.109674044,-0.031257946,0.0302008111
8.7749471664,0.0001583992,-0.0008528635,-0.0017035436,0.0989919752,-0.0281814598,0.0248772837
8.7848978043,-0.0063976683,-0.0138232512,-0.0004560184,0.0563092232,-0.0222713761,0.0046833334
8.7949037552,-0.0042813616,-0.016410064,-0.0003060531,0.007153796,-0.013095187,-0.0027789772
8.804933548,-0.0012487761,-0.0174326114,0.0016515423,-0.029157605,-0.0060034548,-0.0155483019
8.8148946762,-0.0050971834,-0.0158755295,0.0063626934,-0.0516420081,0.0034153468,-0.0187812466
8.8248958588,-0.0080147134,-0.0134689016,0.0071111489,-0.049545832,0.0077158194,-0.0177482069
8.8348903656,-0.0109893512,-0.0100349886,0.0059292484,-0.0303729381,0.010062064,-0.0103384927
8.8449201584,-0.0063091079,0.0015561476,0.0048847962,0.0112000704,0.0105289156,0.0066277068
8.8548717499,-0.0044851359,0.0067554312,0.0020677615,0.0539134443,0.0024446244,0.0215195715
8.8649330139,0.000291882,0.0064528482,0.00429173,0.0742120594,-0.0037203273,0.0321692862
8.8748035431,-0.0006642939,-0.0015836165,0.0026387144,0.0753092766,-0.0058804168,0.0289971959
8.8849220276,-0.0035615899,-0.0107360883,0.0028840471,0.0539485998,-0.0007833932,0.0194175374
8.894867897,-0.0055231005,-0.0162326209,0.0030284096,0.0208464395,0.0031761948,0.0119762663
8.9049100876,-0.0075202128,-0.0200805478,0.0108710099,-0.0154172927,0.0028230597,0.0035047513
8.9148445129,-0.0085805394,-0.0203162841,0.0146715809,-0.0378822535,0.0090559218,0.0034830468
8.9249000549,-0.0126482435,-0.0128949685,0.0164330769,-0.0347061679,0.01019469,0.0087854005
8.9348258972,-0.0157681201,-0.0004828974,0.0074710418,-0.0069604246,0.0135630555,0.0023689133
8.9448347092,-0.0061732372,0.0093813138,-0.0002879929,0.0218949243,0.0053266971,0.0130260848
8.9548377991,-0.0003879518,0.0087829428,-0.0011008811,0.0464400798,0.0034390488,0.0204596333
8.9648637772,-0.0014624839,0.0072673457,-0.0019169878,0.0464206412,0.0066271191,0.0183141902
8.9748220444,-0.0045067752,0.0028333261,0.0011764932,0.0463825613,0.0119547732,0.0161538348
8.9848098755,-0.0084726959,-0.004673372,0.0013046431,0.0154715143,0.0105560804,0.0055605783
8.9947967529,-0.0065177949,-0.0163856857,-0.0005863738,-0.0219071507,0.0155476434,-0.0018825573
9.0048418045,-0.0076297624,-0.0167709701,-0.0007258487,-0.06038104,0.0226953011,-0.0061516045
9.0147666931,-0.008873675,-0.003743659,-0.0010291768,-0.0689204708,0.0236766767,-0.008275209
9.024766922,-0.0023139585,0.0113285081,-0.0042003822,-0.0486064032,0.0185170677,-0.0050687632
9.0347652435,0.0005111274,0.0120019214,-0.0052620601,-0.0154306078,0.0080883959,-0.0050256196
9.0448284149,0.0004585375,0.0100132124,-0.0023513865,0.008055809,0.0061687892,-0.0007800085
9.0547552109,0.0013847396,0.0102089839,-0.0012953114,0.0315550081,0.0010786891,0.0077359821
9.0648183823,0.0043614432,0.0056929188,-0.0060010981,0.0401013605,-0.0009655533,0.0109304432
9.0747509003,-0.0004887871,-0.0008235976,-0.005876286,0.024089504,-4.27681e-05,0.0077459682
9.0847969055,-0.0062325988,-0.0106051369,-0.0088049602,-0.0207203124,-0.0004438401,0.0014055148
9.0947217941,-0.0041850861,-0.028548073,-0.0039624404,-0.063477762,0.0098458156,-0.006066117
9.1047859192,-0.00822997,-0.022414308,0.0054996777,-0.0837092623,0.00537783,-0.0102725793
9.1147108078,-0.004351248,-0.0075513227,0.001259582,-0.0739212185,-0.0117548183,-0.0229176693
9.1247730255,0.001722237,-0.0042387946,-0.0047856998,-0.0536284633,-0.0126757389,-0.02398826
9.1347093582,0.0047095567,0.0081048803,-0.0029985141,-0.0248495415,-0.0112988846,-0.0133907422
9.1447753906,0.002877255,0.0099286633,-0.0050161313,0.0049991659,-0.0088759409,-0.0070529515
9.1547060013,-0.0028351024,-0.0007038221,-0.0039881896,0.0177016445,0.0030025565,-0.0050166985
9.1647062302,-0.010622466,-0.0074539287,-0.0059194993,0.0069376803,0.01675006,-0.0125350682
9.1747026443,-0.0097827744,-0.0093183024,-0.0029499363,0.0015471764,0.023122739,-0.0125734173
9.1847114563,-0.0021588719,-0.0072789295,-0.0019054245,-0.0016510142,0.0189045575,-0.0029823096
9.1946649551,0.0035396637,-0.0033536956,-0.0018862318,-0.0069154175,0.0082172928,0.0024045995
9.2047386169,0.0073093725,0.0034458532,3.63755e-05,-0.0079279514,-0.0013461191,0.0099040605
9.2146711349,0.0064009214,-0.0015147433,0.0010004806,-0.0067738704,-0.0109758433,0.0078415759
9.2247247696,-0.00223043,-0.008428256,0.0048663188,-0.000315438,-0.0142049259,-0.0006411246
9.2346220016,-0.0080350731,-0.006493072,0.0106650759,0.002830686,-0.0056694946,-0.0060136523
9.2447147369,-0.0118111446,-0.0055216951,0.0077058841,0.0018051034,-0.0078785866,-0.0134353498
9.2546491623,-0.0088084098,-0.0045111878,0.0067675877,-0.0003836155,-0.0035698586,-0.0070854416
9.2647132874,-0.0077460939,-0.0055312617,0.0018752981,-0.0089403521,-0.0014984519,-0.0070928987
9.2746286392,-0.0057501085,-0.0017479763,-0.0040223431,-0.0153480517,-0.0036308449,-0.00070038
9.2846250534,5.13418e-05,0.0049906569,-0.0050297808,-0.0100401053,-0.0066508697,0.0163137577
9.2947721481,0.0038978113,0.0049684541,-0.0011179877,-0.005811804,-0.0044180756,0.0237335898
9.3047981262,-0.0009616866,-0.001942347,-0.0001579952,-0.0068882527,-0.0012654252,0.0184019431
9.3146181107,-0.0077965287,-0.0089154048,0.0007541943,-0.0143957036,0.0071360487,0.0077287913
9.3246049881,-0.0118464725,-0.0032275424,-0.0022835564,-0.0123173734,0.0156661533,0.0034224596
9.3346672058,-0.0120808454,0.0074527459,-0.0062701534,0.0004747212,0.0179008134,0.0033999558
9.3445892334,-0.0055015609,0.0124668078,-0.0022954773,0.01220062,0.0169862844,0.0108344359
9.354593277,-0.0076137912,0.0087347822,0.0006946492,0.0218323413,0.0128120435,0.0140423467
9.3645772934,-0.0047836117,0.0089950757,-0.0021173786,0.0283544213,-0.0010409208,0.0130652329
9.37458992,0.0040361192,0.0025094643,-0.0019271206,0.0305195712,-0.0052875974,0.0141523369
9.3846340179,0.0011309701,-0.0002020106,0.0010869075,0.0166817866,-0.0075867041,0.0078025605
9.3945598602,-0.006557174,-0.0050388379,-0.0028201174,0.0060202214,-0.0056109051,-0.0017655111
9.4046163559,-0.0094273426,-0.0060314341,-0.0028350186,-0.004704861,0.0017604582,-0.0049929963
9.4145917892,-0.008527441,0.0085186856,-0.0068265628,-0.0068324599,-0.0003663422,-0.0017905448
9.4245605469,-0.0036111809,0.0094814496,-0.0087646674,-0.0003876099,-0.0056513851,-0.0006983825
9.4344530106,-0.005438609,0.0016027286,-0.0087668132,-0.0110403886,-0.0057890709,-0.0070640035
9.444609642,-0.0092545692,-0.0004963085,-0.0068750214,-0.0153086362,-0.0026883523,-0.0155802593
9.4545288086,-0.0053523164,0.0082095461,-0.0049824547,-0.0099394368,-0.0058692321,-0.0176892169
9.4645900726,0.0035530627,0.0043007927,-0.001987977,-0.0056661284,-0.0079374425,-0.0134292245
9.4743175507,0.0008262767,-0.0035935149,-0.0039425921,-0.0099562155,-0.0047781346,-0.0145067386
9.4844903946,-0.0049901949,-0.0027479038,0.0008536744,-0.0142747974,-0.0005000329,-0.0102819009
9.4945735931,-0.0030713491,0.0050111907,0.0017752815,0.00380314,0.003999644,-0.00076363
9.5045003891,-0.0001823503,0.013905962,-0.0050323438,0.0230346248,-0.0042657424,0.0152124064
9.5143661499,0.001790786,0.0133072333,-0.0048859548,0.0508225784,-0.0114655988,0.0226748511
9.5244865417,-0.0048305169,-0.0038097606,-0.0017472338,0.0477077439,-0.0179932732,0.012095443
9.5345153809,-0.0046512224,-0.011263798,0.0023300815,0.0295362007,-0.0107430834,0.0025040687
9.5444993973,-0.0026745349,-0.0032608912,0.0014024545,0.0092746047,-0.0099036545,-0.0059863552
9.5544185638,-0.0034782197,-0.0052356226,-0.0005510878,-0.0130755762,-0.01338627,-0.0186996199
9.5644741058,-0.0052491827,-0.0132925613,0.0032843519,-0.0366445519,-0.0018390701,-0.0219452139
9.5744934082,-0.0111094117,-0.0087925596,0.0099278856,-0.0355953984,0.001354859,-0.0240902584
9.5844554901,-0.0072471062,-0.0040699346,0.0147465039,-0.0036571734,0.0060042054,-0.0092692338
9.5944471359,-0.003413354,0.0068632262,0.0108785797,0.0444052964,-0.0031141918,0.005628889
9.6044425964,0.0005362331,0.0055513578,0.0082201529,0.0827971622,-0.004818615,0.0215489995
9.6144695282,-0.0033626053,0.0014747574,0.0046038199,0.0923512504,0.0006227558,0.0246960577
9.6244306564,-0.0141113792,-0.0094916625,0.0038914848,0.0773057193,0.0133228386,0.0235618167
9.6345653534,-0.0153154619,-0.0128491325,0.0050760675,0.0366592258,0.0247363485,0.0203298051
9.6444187164,-0.0117430864,-0.0155801876,0.0051772166,-0.0060983589,0.0339793786,0.0149877695
9.6544475555,-0.0042727031,-0.0166872852,0.0051651169,-0.0348977819,0.0347479694,0.0054392717
9.6644067764,-0.0007653945,-0.0121343834,0.0099243689,-0.0402209088,0.0346704721,0.0011939267
9.6746063232,-0.0002039886,0.0002628759,0.0146395732,-0.0230894592,0.029436294,-0.0009066418
9.6844396591,-0.0044550458,0.0118727284,0.0115915108,0.0132195456,0.0275795385,-0.0009199576
9.6943616867,-0.0056262249,0.0159797855,0.0087112952,0.0346631855,0.0138988802,0.0044645546
9.7043762207,-0.0037324466,0.007650842,0.0099005271,0.0506725125,0.012981155,0.0076464992
9.7145805359,-0.0096063064,0.0012321069,0.0032084752,0.0496348105,0.0097579304,0.0066056028
9.7244081497,-0.0086614657,0.0016983941,-0.0005119872,0.0464797653,0.0064726556,0.0002547626
9.7343397141,-0.002838593,-0.0008003816,-0.0022625159,0.0336758196,0.0042680907,0.0034628066
9.7444324493,-0.0008551498,-0.0063653989,-0.003094418,0.0219834745,-0.0001338482,-0.0007500479
9.7545108795,-0.0066651944,-0.0131677194,-0.0021105241,-0.0068714758,0.0070569534,-0.0082112923
9.764383316,-0.0134955291,-0.0182835273,-0.0012315941,-0.0271948539,0.0174696483,-0.022075709
9.7743530273,-0.0137129612,-0.0078640087,0.0015206505,-0.0304676164,0.0259973537,-0.0210631769
9.784406662,-0.0062489118,0.0124941962,0.0033654142,-0.0059380382,0.0241493862,-0.0093820188
9.7943410873,0.0003702844,0.0195042081,-0.0004772973,0.0378453955,0.0181596726,0.0001864526
9.8043403625,-0.0007361706,0.0200050361,-0.0012725424,0.0699221045,0.0088521903,0.007661147
9.8143920898,-0.0006968026,0.0070755975,-0.0009547901,0.0806715563,0.0003702883,0.0055821505
9.8243169785,-0.0054412875,-0.0108212633,-0.0016270112,0.0593180656,0.0033570235,-0.0007966531
9.8343791962,-0.0073771868,-0.0201747529,0.002454536,0.0272522736,0.0115915174,-0.0082622925
9.8443126678,-0.006415328,-0.021032732,-0.0043351483,-0.0026228009,0.0123747531,-0.0146208564
9.8543663025,-0.0055390727,-0.0133680804,-0.0063662361,-0.0239603128,0.0111334538,-0.0167279486
9.8642911911,0.0079440605,-0.0017972395,-0.0044430923,-0.0250623319,0.0112157455,-0.0061038006
9.8743562698,0.0068897363,0.0019072487,-0.0064936709,-0.0100856451,0.0091541931,-0.0103487456
9.8842811584,0.0029839929,-0.0011134252,-0.0045828652,0.0006583463,0.0027791173,-0.0156268645
9.8943462372,0.0059768911,-0.0001049444,-0.0016360711,0.0007697996,-0.0111066038,-0.0144738499
9.9042806625,0.0091122985,-0.0117636127,-0.0005553198,0.0007189335,-0.0057448624,-0.0123838
9.9142656326,-0.0015279168,-0.0176905505,0.0013353991,-0.0078994548,0.0038078965,-0.01243986
9.9243392944,-0.0103057809,-0.017832797,-0.0007176828,-0.0111490441,0.0091358172,-0.0114097502
9.9342718124,-0.0065042563,-0.0130334003,0.0002328921,-0.0165135842,0.0081198206,-0.0007772122
9.9443178177,0.0010963528,-0.0023504898,0.00215693,-0.0090814997,0.0072356509,0.0140968086
9.95424366,0.0039553568,-0.0092412932,0.0021705795,-0.0133829052,0.0093770986,0.0183350965
9.9642457962,-0.001053257,-0.0133543117,0.005020218,-0.0272435918,0.0102751171,0.0109022139
9.9742650986,0.0007290317,-0.0067800982,0.0049047042,-0.0314857401,0.0091254301,0.005601991
9.984210968,0.0054629613,-0.0050420268,0.0038694907,-0.0240035914,0.0091560557,0.0024093932
9.9942827225,0.0024291407,-0.0023211346,0.0027821232,-0.0197848789,0.0187341142,-0.0061542676
10.0042228699,-0.0026207846,0.0004468158,0.0007394123,-0.0059542833,0.0231435113,-0.0030053458
10.0142412186,-0.0096640754,0.0024129942,-0.0022442173,0.0206739977,0.0276804715,0.0033203277
10.0242023468,-0.0089693069,0.0056989091,-0.0011457634,0.0548751131,0.0184166655,0.0139804287
10.0342626572,-0.0042918231,0.0034611716,0.0030412842,0.0773363411,0.006967471,0.029976042
10.0441894531,-0.0053296238,-0.0074713929,0.0033620764,0.0826983526,0.0006688285,0.0385122672
10.0542564392,-0.0073212665,-0.0165065639,0.0007286835,0.072039187,-0.0004965707,0.0374673754
10.0641832352,-0.0035969764,-0.0139682693,0.0019073654,0.0410389267,0.0056582605,0.0353243351
10.0741910934,-0.002794873,-0.007889281,1.87922e-05,0.0069087856,0.0074156807,0.0215247646
10.0841703415,-0.0019756947,-0.0109194322,-0.0009867382,-0.0305437818,0.0230580252,0.0097631793
10.0942401886,-0.0052019265,-0.0074224873,-0.001155479,-0.0455327183,0.0324722975,-0.0009122343
10.104142189,-0.0036405791,0.0116926925,-0.0062761735,-0.0316179693,0.0282956641,-0.0019572587
10.1142053604,0.0077406671,0.0214067288,-0.0053087901,0.0025989916,0.017944755,0.0065852292
10.1241388321,0.0057173967,0.0137435691,-0.0032751393,0.024029715,0.0063900976,0.0108947568
10.134185791,-0.0060382336,0.0012728765,0.0016753841,0.0250861906,0.0074713412,0.0108849034
10.1441040039,-0.0157942753,-0.0094217164,-0.0002615881,0.0015909849,0.0104596736,0.0066323681
10.1541318893,-0.0148937143,-0.0173134319,-0.0012283755,-0.0240994655,0.0198635627,0.0044637555
10.1640930176,-0.0200118385,-0.0088546081,-0.0014239382,-0.0379633494,0.0186784547,0.0034187313
10.1741580963,-0.0173598975,-0.0003945336,-0.0005931091,-0.0390395336,0.0197410565,0.0044784034
10.1840858459,-0.0098439511,0.0110717909,-0.002640469,-0.0208671875,0.0145830465,0.0098111164
10.1940793991,-0.0031657834,0.0139437215,-0.0055737924,0.0048052878,0.0073174103,0.0119654806
10.2041492462,-0.0022488218,0.0053312378,-0.0025337767,0.0240394361,0.0053195069,0.0109026134
10.2140636444,-0.0071732029,-0.0012926266,0.0014358331,0.0219196938,0.0052622487,0.0055902726
10.2241268158,-0.0072217863,-0.0030898259,0.0044293571,0.0058874632,0.0093770996,0.0013252203
