0.0000000000,-0.0056727366,-0.0781093836,-0.0217040386,-0.3157162666,-0.0265125819,-0.0576772392
0.0102679729,-0.0064517693,-0.0566646419,-0.0226665344,-0.3562631607,-0.0289547015,-0.0565706939
0.0264769793,-0.0022921397,-0.0391086899,-0.0157544222,-0.3475844264,-0.0512141995,-0.0426213257
0.0332798958,0.0001018808,-0.0321142934,-0.0066738334,-0.3239771426,-0.0691279545,-0.0308221895
0.0413479805,-0.0043299035,-0.0180083197,0.0014672073,-0.2791990042,-0.0665526763,-0.0202465113
0.0502699614,-0.0049801902,0.0063847918,0.0028968842,-0.2130775005,-0.0669375062,-0.0001047575
0.0605469942,-0.0085939001,0.0216958243,0.0104244146,-0.1406074315,-0.0629438236,0.0263786484
0.0698869228,-0.012202723,0.0249116141,0.0162021909,-0.0851708055,-0.0591996908,0.0390643477
0.0796999931,-0.015822215,0.0265583415,0.0123572741,-0.0362169817,-0.0385681801,0.0325218961
0.0898299217,-0.0214262437,0.024622174,0.000759581,-0.0029943129,-0.0804908648,0.099701196
0.0998510122,0.0018044278,0.0347948112,-0.0088666286,0.0234257095,-0.3176842332,0.4613703191
0.1096929312,0.0394976884,0.0488246419,-0.0273675527,0.0555183962,-0.3029814661,0.401758641
0.1196819544,-0.0130585264,0.0255285222,-0.0353607759,0.0641374514,-0.0618942752,0.0889104679
0.1296409369,-0.040128991,-0.0042839628,-0.0234391298,0.0298612379,-0.0200160667,0.0174826253
0.1399970055,0.0067725941,-0.0183044057,-0.0072050299,-0.00430978,-0.0181513205,0.0164317414
0.1497719288,-0.0164055657,-0.0312013607,-0.0141138639,-0.018210683,-0.0140109053,0.0132274274
0.1601020098,-0.0163132977,-0.0372424386,-0.0170561876,-0.0460368544,-0.0046195341,0.0121252779
0.1698259115,-0.0063184337,-0.0567206107,-0.015549263,-0.074928157,0.0005736302,0.0206109062
0.1796900034,-0.0042686299,-0.050120052,-0.0146739092,-0.0887777954,-0.0058765458,0.0291629843
0.1897109747,-0.0046783523,-0.0501769148,-0.0182684865,-0.0908808857,-0.0101589095,0.0302546136
0.1996809244,-0.0004376605,-0.0523295365,-0.0157909598,-0.0855935887,-0.005805173,0.0344715938
0.2097249031,-0.0003399088,-0.042726662,-0.0093596186,-0.0782235563,0.0049761017,0.038646102
0.2196699381,-0.0057431892,-0.020186035,-0.0161504354,-0.048517324,0.0276388042,0.0363504551
0.2296779156,-0.0071531967,0.0042748172,-0.0179650392,-0.0059829112,0.0451229885,0.0425817184
0.2396529913,0.0001614258,0.021696331,-0.0101252403,0.035642162,0.0444089919,0.0468085557
0.2496709824,0.0089439917,0.0215454716,-0.0003851262,0.0698954761,0.0329171866,0.0468591563
0.2597749233,0.0136563946,0.0109593589,0.0075545106,0.0869849771,0.0330226496,0.0447259657
0.2698229551,0.0112471748,0.0046516377,0.0052323136,0.0880153626,0.0383564308,0.0425658748
0.2797019482,0.007941084,-0.0007288138,0.0058677588,0.0805458501,0.0393367372,0.0383124053
0.2897289991,0.0098578501,-0.0098349731,0.0084154401,0.0624209121,0.039142061,0.0319519788
0.2996819019,0.0133261252,-0.018292455,0.0079527292,0.0465343595,0.0230065007,0.0341919623
0.3096328974,0.0200641323,-0.0279047173,0.016111413,0.0178688914,0.0077399304,0.0247494597
0.3198629618,0.0196623374,-0.0375015698,0.010934988,-0.0162295587,0.0073231454,0.0067146658
0.329826951,0.0156347323,-0.0363123678,0.0003911647,-0.047181081,0.0112590306,-0.0049755457
0.339738965,0.0150025059,-0.0285948496,-0.0063398089,-0.0471336767,0.006953232,-0.0081329895
0.3497309685,0.0184720922,-0.0240916591,-0.0067511406,-0.0224411152,-0.0110071264,-0.0059089838
0.3597649336,0.0211367775,-0.0200576466,-0.0019630997,-0.0095422277,-0.020555092,-0.0090425927
0.3697779179,0.0187477637,-0.00871378,0.0028442533,0.0053941119,-0.0183292218,-0.0122546311
0.3798519373,0.0133876968,-0.0017783324,0.0028990302,0.028871607,-0.0223183688,-0.00056109
0.3903939724,0.0076325699,0.0046447534,0.0106795225,0.0384661779,-0.0232584663,0.0058126538
0.3996798992,0.0011225507,0.0005014857,0.0069046412,0.0383318216,-0.0051287301,0.0014468001
0.4110169411,-0.0041637258,-0.00286266,0.0042204056,0.0276125968,-0.0030013975,0.0099396203
0.42007792,-0.0034763052,-0.0065469723,0.0083790813,0.0179670285,-0.0008804558,0.0173721034
0.4299499989,-0.0027817322,-0.0154615622,0.0016596707,0.0040472187,0.0022636722,0.0226733908
0.4397939444,-0.0022891595,-0.0177466851,0.0025357993,-0.0065958388,-0.0020831393,0.0237706155
0.4497179985,0.0002258584,-0.0195521992,0.0003620776,-0.011975158,0.0042607766,0.0205460601
0.4595760107,-0.0020920469,-0.0099607687,-0.0068156328,-0.0120698335,0.0181022901,0.0140808355
0.469604969,-0.0035235716,0.0081823189,-0.0141418185,-0.0046492005,0.0256140009,0.0108397696
0.4795939922,0.0020739601,0.0120127518,-0.0152839627,-0.0003908062,0.0277674347,0.0086975228
0.489628911,0.0049359961,0.0081243236,-0.0104130711,-0.0078047803,0.0223297924,0.0044883965
0.4996379614,0.0058071776,0.0003805777,-0.0006725398,-0.0205637217,0.0158263519,0.005602397
0.5096489191,0.002844231,-0.0091901105,0.0081631336,-0.0483298376,0.0156479198,0.0098725092
0.5196129084,-0.0030851795,-0.0188958924,0.0169085655,-0.0579493046,0.0176996198,0.0088047152
0.5296039581,-0.0101058315,-0.0217837971,0.0108747873,-0.0485062711,0.0380706713,0.0076036295
0.5396749973,-0.0093734693,-0.0091075581,-6.26651e-05,-0.0251125302,0.0458052903,0.0160365272
0.5496979952,0.0011467502,0.0104652662,-0.0030634014,0.0154788373,0.0387194194,0.0256156512
0.5596489906,0.0126509238,0.0215312857,-0.0030074327,0.0497133732,0.0293674618,0.0256512053
0.5695639849,0.0193110276,0.0250479598,-0.0009057132,0.0796896517,0.0220451001,0.0171786249
0.5795710087,0.0152259041,0.0218839068,-0.0007942525,0.0925607011,0.0146614863,0.0172183067
0.5897089243,0.0120806862,0.0140571613,0.0032968912,0.0947287828,0.0114537086,0.0151128117
0.5996899605,0.0050620004,0.0023533425,0.0054518376,0.0808434635,0.0134627977,0.012986145
0.6096049547,0.0050948425,-0.0103936773,0.0048156176,0.0574028492,0.0089881532,0.0109067485
0.61965096,0.0091669131,-0.0167607646,0.0070884619,0.0254824702,-0.0019846023,0.0056845555
0.6296648979,0.0103218127,-0.0217602532,0.0101096425,0.0010498315,-0.0139848059,-0.0005949121
0.6395829916,0.0105137993,-0.027200995,0.0051367674,-0.0180453006,-0.0228062626,-0.0143328281
0.6496189833,0.0086286236,-0.023098914,3.3769e-06,-0.0223452393,-0.015439691,-0.0239391178
0.6596930027,0.006725864,-0.0120737534,-0.0041421261,-0.0148232738,-0.0207401812,-0.0249696262
0.6696079969,0.009706514,-0.0007538478,-0.0022766797,-0.0051655872,-0.0281198006,-0.0217413418
0.6796579361,0.0108299423,0.0040515084,0.0027077587,0.0130472388,-0.0354759842,-0.0238324571
0.6897408962,0.0100604463,0.0062009115,-9.0209e-06,0.0194271076,-0.033270888,-0.0217264295
0.6998559237,0.0072807833,0.0007411857,0.0060897861,0.0205108803,-0.0353976861,-0.0217145793
0.7100129128,0.0024984644,-0.0056900363,0.004313508,0.0193609279,-0.0257783495,-0.0207137633
0.7221848965,-0.0003917053,-0.0072012823,0.0025235207,0.0075676511,-0.0215500463,-0.0154204629
0.7316559553,0.0006480382,-0.0058785658,0.0056436453,-0.0062642749,-0.0290931836,-0.0100499326
0.740967989,-0.0011408165,-0.0087410491,0.0106709395,-0.0191165581,-0.0248963106,-0.0079448372
0.7495568991,-0.0058309273,-0.0139077287,0.0037941725,-0.0266711451,-0.0132343266,-0.0122647509
0.7595849037,-0.006792827,-0.0123724323,-0.0022162406,-0.0331318378,-0.0058152932,-0.0133690303
0.7693339586,-0.005899711,-0.0019885877,-0.0082671847,-0.0150668211,0.0029020321,-0.0102510015
0.7793569565,0.0027015971,0.0097279865,-0.0102954116,0.0105772894,-0.0021981879,-0.0049238801
0.7893799543,0.0075277253,0.0119175334,-0.0043384638,0.0223607123,-0.0064003896,-0.0070296414
0.7996159792,0.0085926224,0.0063659865,0.0016979965,0.0234660581,-0.0127664097,-0.0027404879
0.8095269203,0.0047732755,0.0017175396,0.0096565876,0.0096221464,-0.0213239454,0.0090109771
0.8195480108,-0.0029139949,-0.0098894816,0.0136486683,-0.0096660638,-0.0108172419,0.005771508
0.8296689987,-0.0095627736,-0.0225956421,0.00588415,-0.0226015672,0.0061470941,0.0014209677
0.8397029638,-0.0115722846,-0.0168276709,-6.07577e-05,-0.0323065259,0.016787488,0.0045457878
0.8496569395,-0.0038351251,-0.0023049691,-0.0040333476,-0.0269202851,0.0104254624,0.0056456733
0.8596839905,0.0078394581,0.0043461043,-0.0030738323,-0.0225307308,-0.0003121372,-0.0038483629
0.8696759939,0.0127641726,0.0050510783,-0.0040747728,-0.017109599,-0.0088568889,-0.0080463039
0.8796749115,0.0108639766,0.0028582534,-0.0002342073,-0.0170752443,-0.0120854396,-0.0112149324
0.8896609545,0.0050611063,-0.0002659241,0.0036156566,-0.0064082192,-0.011984772,-0.0090982523
0.8997459412,0.0012195274,-0.0022054294,0.0046276245,0.0020935237,-0.0086840503,-0.0059390776
0.9096699953,-0.0006307795,-0.0019729116,0.003787318,-0.0011576638,-0.0043976926,-0.0017150377
0.9196999073,0.0024003552,0.0002424439,0.0088670645,0.0074199783,-0.0086132102,-0.0016904034
0.9297069311,0.0054863258,0.0023288152,0.0061102305,0.0138525777,-0.012820472,0.0004571697
0.9397479296,0.0055777594,0.0004151484,0.0032429488,0.0053017009,-0.010765044,-0.0016760223
0.9495769739,0.0056390329,-0.0025151053,0.0023028643,1.478e-06,-0.0140396673,-0.0048382599
0.9596658945,0.0027812885,-0.0065056663,0.0023066194,-0.0053477483,-0.0119584072,-0.0069743814
0.9696578979,0.0028319524,-0.0056795757,-0.0006522146,-0.0160621777,-0.0067063868,-0.008063348
0.9799278975,0.0038719343,-0.003922401,0.0003078374,-0.0256219953,-0.0121320449,-0.0090845367
0.9895648956,0.0020735429,-0.0061084311,-0.0006614533,-0.0224126168,-0.0142175667,-0.0058860807
0.9995399714,0.00311424,-0.0082351845,0.0003061685,-0.0192185566,-0.0131254047,-0.0058947355
1.0102260113,0.0012335345,-0.0103912335,0.000277439,-0.0160182342,-0.0120500196,-0.008028727
1.0198099613,0.0002680585,-0.0017646829,-0.0017508474,-0.0117816795,-0.0056547048,-0.0133827459
1.0296549797,0.0031333135,0.0069583077,-0.0027641265,-0.0064585526,-0.0055772066,-0.0091374004
1.0397469997,0.0070765777,0.0080137867,0.002208391,-2.00942e-05,-0.0108473357,-0.0069858329
1.0498839617,0.0062660142,-0.0007437746,0.0033001096,-0.0042595798,-0.0161877722,-0.0026986762
1.0596688986,0.0034868883,-0.0085593443,0.0072935019,-0.0106564937,-0.0193928871,0.0037027639
1.0696389675,-0.0003039672,-0.0115010422,0.0122369919,-0.0202997997,-0.0162338465,0.0068761869
1.0817649364,-0.0070981816,-0.0106452983,0.0063081179,-0.0268487781,0.0008263642,0.0078319944
1.0895549059,-0.0091599654,-0.0048989933,0.0012900027,-0.028014712,0.0136247184,0.0056250333
1.0993899107,-0.0093467664,0.0027411899,-0.0057575312,-0.0206690449,0.0286529362,0.0065852362
1.1094549894,-0.0037401153,0.0075593013,-0.0088464227,-0.0014524749,0.0287924856,0.0055085202
1.1194669008,0.0028096007,0.0105421264,-0.0099681225,0.0145884091,0.0267477091,0.0023253772
1.1295599937,0.0064819022,0.0117784459,-0.0119700637,0.0306099858,0.0247522034,0.004451911
1.1395709515,0.0081753898,0.0121769924,-0.0110088196,0.043435771,0.0227127559,0.0033898426
1.1495349407,0.0079425741,0.010701837,-0.0080575552,0.0540972017,0.0259652734,-0.0008882594
1.1595339775,0.0097547937,0.0082918722,-0.0040410366,0.0594821163,0.022744447,-0.0072446922
1.1695979834,0.0096671749,0.0116598625,0.0019328984,0.0595708005,0.0193752814,-0.0263459478
1.1795959473,0.0048554107,0.0136667807,-0.0019384233,0.0392905585,0.0349041708,-0.0668028221
1.1895439625,-0.0018987491,0.0121889729,-0.023649415,0.0220090412,0.0813161507,-0.1233984604
1.199510932,-0.0109454226,0.0151490886,-0.0526303276,0.0088544898,0.1354555488,-0.154547736
1.2095179558,-0.0084907245,0.0004847368,-0.059194766,-0.0167539343,0.1456911415,-0.1843431741
1.2195769548,0.0021310018,-0.0411567055,-0.0647148117,-0.1178794801,0.127449289,-0.2266520262
1.2295349836,0.0259053279,-0.0829556584,-0.0967007503,-0.2636598647,0.0770300552,-0.241096735
1.2395629883,0.0528131276,-0.1159880757,-0.0926696286,-0.4114113748,0.0021161328,-0.2426295131
1.2496190071,0.0642879158,-0.1120020747,-0.0576768741,-0.5313793421,-0.0705753863,-0.260134995
1.2596179247,0.0526349097,-0.0747689009,-0.0279146638,-0.5695204139,-0.1092649847,-0.2502960861
1.2694299221,0.036343649,-0.0278794449,-0.0182566252,-0.3335728943,-0.1452264488,-0.1694859266
1.2795449495,0.0200693179,0.0259768087,-0.0244193282,-0.180168435,-0.1202454641,-0.136820659
1.2894729376,-0.0013066366,0.0603546537,-0.0127505865,-0.0992570668,-0.0960607603,-0.131722033
1.2997289896,0.0076087876,0.0675141811,0.0113054309,-0.0243205056,-0.1190630272,-0.1401264369
1.3104310036,0.0307020713,0.0383482017,0.0223726425,0.0174554363,-0.1494534165,-0.1070244163
1.3196109533,0.0408650786,0.0138174016,0.053093113,0.0654554516,-0.1584085524,-0.0730043948
1.3295049667,0.0334928185,-0.0068660658,0.058241941,0.068765223,-0.1607566625,-0.1006136537
1.3396708965,0.0094110537,-0.0105904918,0.0639484301,0.0364765301,-0.1216121987,-0.1178403124
1.3495509624,-0.017303152,0.006684484,0.0817208663,0.0039761118,-0.0735498667,-0.0926318914
1.3594568968,-0.0294975471,0.0297511537,0.0994507447,0.0422460027,-0.0665691867,-0.0608318895
1.3697339296,-0.0427546948,0.0530297197,0.1113549247,0.1198409274,-0.028515812,-0.0558208823
1.3796049356,-0.0581954569,0.0756252706,0.0771866813,0.2165127546,0.0372309759,-0.0796885341
1.3896600008,-0.0654851645,0.0992109776,0.0410637632,0.3313863277,0.0935605615,-0.0960699022
1.3995299339,-0.060509786,0.1092981398,0.0179123078,0.4347116649,0.120012939,-0.0963146463
1.409473896,-0.0486758202,0.0958755612,-0.0077756252,0.5199362636,0.1409792155,-0.0965101197
1.4194669724,-0.0378958434,0.077037096,-0.0216339435,0.5367951393,0.1688758284,-0.0988254771
1.4296059608,-0.0263186526,0.0636081696,-0.0289295521,0.4245548844,0.176803261,-0.0701139346
1.4393959045,-0.0088287424,0.0377237238,-0.0188288298,0.3618240058,0.125478819,-0.0155552197
1.4502339363,0.0082453061,0.001977118,-0.0103623476,0.3910511434,0.0922180638,-0.0567932054
1.4606989622,0.0002686546,-0.0071518403,-0.0216716137,0.3558641076,0.1043980345,-0.1004051343
1.4698410034,-0.0077928738,-0.0117011946,-0.0145520177,0.3151028156,0.1140197664,-0.0632553622
1.479303956,0.0036036537,-0.0307871383,-0.0053708162,0.2722704113,0.1119542196,-0.0164686833
1.4895479679,0.0091345478,-0.0539324246,-0.0002089349,0.224199295,0.1137744859,-0.0100725694
1.499237895,0.015548544,-0.0713911355,0.0058204327,0.1932568252,0.1166411191,-0.021755591
1.5092759132,0.0267487336,-0.0752127171,0.0108393822,0.1954318285,0.1134152263,-0.0259857569
1.5193699598,0.0378106385,-0.0729768276,0.0177730713,0.1934313923,0.0973606259,-0.0269435607
1.5292359591,0.0400883704,-0.0658358037,0.022709826,0.1658564955,0.0768130124,-0.0299782343
1.5393849611,0.0358867198,-0.0610337518,0.0139881764,0.1223368421,0.0507406592,-0.0393388458
1.5493859053,0.0320518762,-0.049915757,-0.0191380586,0.0991545618,0.0288585313,-0.0774268433
1.5596629381,0.0332252532,-0.0214450341,-0.0669102892,0.0995388478,0.0048474711,-0.1357024014
1.5694589615,0.0405889899,0.0144093055,-0.1155453548,0.0275706537,-0.039151147,-0.2161085606
1.5800549984,0.0567112118,0.037990991,-0.174799636,-0.1772530675,-0.1525972784,-0.2980968952
1.589615941,0.0938931853,0.0307355244,-0.2367789894,-0.5032732487,-0.3059034944,-0.4317987561
1.599732995,0.137984708,0.0073511619,-0.2980524004,-1.0250231028,-0.4969930053,-0.6819818616
1.6094009876,0.1802764684,0.0090039987,-0.3043348491,-1.5315233469,-0.7692897916,-0.8179732561
1.6196479797,0.2473842055,0.025192203,-0.2517816126,-1.8593264818,-1.1490749121,-0.8110312223
1.6293469667,0.3016797006,0.0300248582,-0.2005339414,-2.086824894,-1.5789090395,-0.9982530475
1.6396129131,0.2946074903,0.055661682,-0.270300895,-2.1465930939,-1.961824894,-1.3505678177
1.6493319273,0.2539438903,0.1402954757,-0.439261049,-1.9605318308,-2.2990720272,-1.5843616724
1.6593610048,0.2359363288,0.2609074414,-0.6194860339,-1.6464811563,-2.5580227375,-1.6519553661
1.6693269014,0.2142025977,0.3545329869,-0.7103183866,-1.2861613035,-2.7457718849,-1.6849859953
1.6794769764,0.1751648039,0.3648758829,-0.6959186196,-0.8894446492,-2.9293341637,-1.7616285086
1.6893039942,0.1435076743,0.3173636496,-0.6299107671,-0.5099785924,-3.0947992802,-1.8309383392
1.6993099451,0.1261290461,0.271253705,-0.5579835773,-0.1792954355,-3.1656024456,-1.9103887081
1.7093279362,0.1221842319,0.2534341514,-0.5234655738,0.1539499015,-3.2699253559,-2.0374319553
1.7195549011,0.1307389885,0.2389614582,-0.5077095032,0.5006938577,-3.348056078,-2.1136600971
1.7293249369,0.1453520954,0.2435209751,-0.5091198087,0.8119428158,-3.4016983509,-2.1687738895
1.7393559217,0.1538579911,0.2428616881,-0.4898140728,1.1269868612,-3.4143276215,-2.1805968285
1.7493050098,0.1616285294,0.2206645906,-0.4283181727,1.4162192345,-3.4214189053,-2.1467564106
1.7594769001,0.1711451709,0.1921691895,-0.3533565104,1.6581121683,-3.4027979374,-2.0631172657
1.7692859173,0.171522513,0.1558844447,-0.2848210037,1.8615961075,-3.3939304352,-1.9602650404
1.7793159485,0.158790946,0.1045800447,-0.2102754861,2.0201513767,-3.3715596199,-1.8627818823
1.7892639637,0.1251303107,0.0510115959,-0.1673320681,2.0934066772,-3.3542709351,-1.7822033167
1.7992569208,0.0928407013,0.0024402759,-0.1288657933,2.0887663364,-3.3397395611,-1.7036777735
1.809286952,0.0704684108,-0.0310200136,-0.0775238499,2.0114545822,-3.3203089237,-1.6113216877
1.819288969,0.0539833754,-0.0462644361,-0.0301534142,1.8955470324,-3.2860908508,-1.5041592121
1.8292798996,0.0478048325,-0.0444940291,0.0115223322,1.7897229195,-3.1822736263,-1.3921450377
1.8392739296,0.0487917662,-0.0424268804,0.0360705629,1.702980876,-3.0633256435,-1.2781184912
1.8492449522,0.0576594472,-0.0454922877,0.0731916204,1.6779074669,-2.9244463444,-1.1387659311
1.8592779636,0.0655343086,-0.047779765,0.0957750455,1.6719743013,-2.7758169174,-1.0016154051
1.8692029715,0.0575874001,-0.0414901339,0.1302461475,1.6681678295,-2.6125085354,-0.8996197581
1.8792849779,0.0410099179,-0.0420534573,0.1495592445,1.7072044611,-2.4471626282,-0.847597599
1.8892709017,0.0195817221,-0.0636175126,0.1765984744,1.7608972788,-2.2433040142,-0.8053990006
1.8992649317,0.0036733614,-0.0761942565,0.1958126873,1.7760591507,-2.0415608883,-0.7259771228
1.9094929695,-0.0009729996,-0.0741921961,0.2297410816,1.789960146,-1.8466392756,-0.5678921342
1.9210230112,0.0084967781,-0.0716445595,0.2659571469,1.7970641851,-1.6204160452,-0.3685746789
1.9292769432,0.0174037684,-0.0699473023,0.298648268,1.7625297308,-1.3756630421,-0.2139661908
1.9392929077,0.0335572511,-0.0634267479,0.3260420859,1.6885529757,-1.1240284443,-0.0933691859
1.9492208958,0.0755717009,-0.0446469076,0.3453463614,1.5251201391,-0.8966312408,0.0231957734
1.9592289925,0.125374034,-0.0163509529,0.3533260524,1.3247708082,-0.7187842727,0.1284216493
1.9692049026,0.1505186111,-0.017732678,0.3469608724,1.1748924255,-0.5716688633,0.2189379781
1.9791959524,0.146323666,-0.0527860783,0.3428656161,1.1159163713,-0.4284893274,0.266920954
1.9892230034,0.1270546466,-0.0892922655,0.3568074405,1.111361146,-0.2796170115,0.306329608
1.9991539717,0.1124256104,-0.1092790067,0.3526748717,1.1645960808,-0.1610203236,0.3777659833
2.0091969967,0.1152856499,-0.1127915233,0.3246489465,1.1569924355,-0.052313555,0.4726815522
2.0191850662,0.1230333298,-0.1024157777,0.3017803729,1.0558519363,0.0222187378,0.5307006836
2.0291519165,0.1232903153,-0.0857099593,0.2848644555,0.8865626454,0.0811523646,0.5761195421
2.0391697884,0.1288859695,-0.0435504653,0.2376805991,0.7109234333,0.1388484091,0.607740581
2.0490889549,0.1524549574,0.0246565547,0.1779542416,0.6113086343,0.1724519134,0.6277776361
2.0591950417,0.198056981,0.0849331543,0.1624856442,0.6120759249,0.1920684874,0.6712079644
2.0691800117,0.2396792024,0.1267032623,0.1510912031,0.6683309078,0.2079752833,0.7305594087
2.0791909695,0.2511596382,0.1286925972,0.1650901288,0.7226796746,0.216993019,0.7357741594
2.0890939236,0.219900474,0.0948083103,0.1789770573,0.7483027577,0.2412285954,0.6718556285
2.0991439819,0.1777991205,0.0601108409,0.1830829233,0.7194871902,0.2577263415,0.6271477342
2.1094110012,0.1725295335,0.0633725077,0.1726261228,0.6364149451,0.2482337654,0.5922083855
2.1191830635,0.2004885823,0.0819272175,0.1709981412,0.5577738285,0.2122086585,0.5754992962
2.129119873,0.2373523265,0.1118864864,0.1819112152,0.5302354097,0.1905198693,0.5639728904
2.139111042,0.2490220517,0.141870901,0.1789103597,0.5720743537,0.1955188811,0.4852925837
2.1492328644,0.2306476086,0.1402829736,0.1612254828,0.6382608414,0.2284278274,0.3989792466
2.1591310501,0.211123243,0.1276967078,0.1475984901,0.6489322186,0.2515235841,0.3403908908
2.1690709591,0.1747531742,0.1053256616,0.1710600108,0.5593940616,0.2630572021,0.2702608109
2.1792588234,0.1051300317,0.0791981146,0.1826096624,0.4760219455,0.3066366017,0.1924829334
2.1894199848,0.0340421945,0.0606125146,0.1679630727,0.4627428949,0.3851524591,0.1367387027
2.1991949081,0.0117801894,0.066223979,0.1510146111,0.5177756548,0.4579268098,0.0979834571
2.2093548775,0.0434033126,0.0985208899,0.1443188041,0.6285548806,0.4834385514,0.1062397882
2.2193498611,0.1043429822,0.1272065639,0.1329229325,0.7620583177,0.4623021185,0.1381537765
2.2291588783,0.1512684971,0.1235403568,0.1203574315,0.842571795,0.4062969089,0.1405855119
2.2391018867,0.1444926113,0.0894652233,0.0944273248,0.8091314435,0.338277638,0.0911174342
2.2492208481,0.1033756584,0.0448797792,0.0620497838,0.6883304715,0.2597362101,0.0152189378
2.2591428757,0.0665260702,0.006164236,0.0431456938,0.5316685438,0.2265106291,0.021920383
2.269397974,0.0308107305,-0.01493272,0.0240669046,0.3140057325,0.1900926977,0.0849896371
2.2793498039,0.0049747094,-0.0263729077,0.0313676372,0.0942234546,0.1578002721,0.1320962906
2.2891287804,-0.014825834,-0.0444855615,0.0475467816,-0.0584601052,0.1515114903,0.1598658711
2.2997989655,-0.0149014127,-0.061952129,0.0306991134,-0.1726862788,0.1433467567,0.1833709329
2.309112072,0.0123894084,-0.0695336089,0.0218027029,-0.287795037,0.1127299964,0.2070224583
2.3190550804,0.0415451676,-0.0555767715,0.0371979848,-0.3666416407,0.0876997411,0.2263636738
2.3293380737,0.0514793545,-0.0430240445,0.0493889228,-0.3334466517,0.0730387717,0.231747523
2.3392820358,0.0459479839,-0.0467249267,0.0410057679,-0.266296804,0.0947248936,0.2071251273
2.3491740227,0.0402350873,-0.0448268689,0.0345694199,-0.2085871547,0.1002155319,0.1719903201
2.3590519428,0.0453308076,-0.0538682528,0.0360437408,-0.1528097689,0.0800633952,0.1402122825
2.3692908287,0.0576181859,-0.0662536994,0.0237913523,-0.1075868979,0.0438289568,0.1117310971
2.3793129921,0.0707587153,-0.0348549299,0.0180375967,-0.0445153899,0.0430190936,0.0840665773
2.3891639709,0.0727443248,0.0285713021,0.0042878781,0.0449575,0.0818517059,0.0444438048
2.3990797997,0.0675941259,0.0823747367,0.0023773105,0.1804933548,0.0955094695,0.0187622737
2.4090228081,0.0535873324,0.0975798965,0.0075248871,0.3433246315,0.1576356888,0.0118713444
2.418833971,0.0316118151,0.0833861232,-0.0212418642,0.4005747437,0.2040679008,0.0157823302
2.4292418957,0.0308495034,0.0636037886,-0.0155869927,0.3568586707,0.1868742555,0.0446089208
2.4389510155,0.0549387187,0.0287091564,-0.0019856899,0.2676827312,0.1200773939,0.0642300248
2.4489068985,0.0717158765,-0.0061290544,0.0133073125,0.1858160943,0.0715391561,0.0869121701
2.4590110779,0.0682829767,-0.0314058065,0.0107295308,0.1102141291,0.0495574176,0.0839173123
2.4692058563,0.0504379421,-0.0481467322,-0.0135283079,0.0270992741,0.0349475816,0.0755709633
2.4790110588,0.0355643779,-0.0590137765,-0.0309827533,-0.0591814183,0.0108054951,0.0800361484
2.4889941216,0.0316246897,-0.0638645887,-0.0367292389,-0.1474660039,-0.0262436029,0.0771508813
2.4990158081,0.0405380279,-0.0555247031,-0.0386393294,-0.1985097528,-0.0490985848,0.0762755051
2.509262085,0.0505397767,-0.0376683958,-0.0435993895,-0.228184551,-0.0718454495,0.0679446012
2.5190238953,0.0684711188,-0.0196566191,-0.0524447188,-0.2492039502,-0.1011061296,0.0394622274
2.5290839672,0.0836115032,-0.0005166846,-0.0565144047,-0.283103615,-0.1219115406,0.0119986441
2.5390119553,0.0881605595,0.0119174402,-0.044137083,-0.281761229,-0.1435358673,-0.0176067855
2.5490279198,0.0783383399,0.014133269,-0.0192322936,-0.2183820009,-0.1681546569,-0.0791100934
2.5589849949,0.0736051053,0.0243151765,-0.0032486527,-0.1112805754,-0.1829160303,-0.1523941606
2.5689709187,0.0873221606,0.0535479337,0.0127466116,0.0053325938,-0.1868977249,-0.2236299962
2.5789880753,0.1117248386,0.0918631405,0.0199443493,0.1070305929,-0.1942073107,-0.2958976626
2.588944912,0.143128112,0.1068026125,0.0331387892,0.1928498894,-0.22290048,-0.3542030454
2.598968029,0.1515709013,0.0902389735,0.0529913083,0.2777404189,-0.2645142376,-0.4230493605
2.6089730263,0.1489465982,0.0537946038,0.0511544123,0.3327560127,-0.308481425,-0.4897333086
2.6189799309,0.150366202,0.0441611335,0.0577727929,0.3236890137,-0.3538875282,-0.5414889455
2.6289680004,0.1550069302,0.0539003201,0.0670404211,0.2664297223,-0.3898367286,-0.5688380003
2.6392459869,0.157968089,0.0641250014,0.0849301592,0.199454397,-0.4161618054,-0.5866803527
2.648993969,0.1426136047,0.0590448901,0.1036765352,0.1524642557,-0.4122773111,-0.5898599029
2.6589109898,0.1117050201,0.0396813937,0.1009374633,0.1191700771,-0.3879448175,-0.5889313817
2.6689190865,0.0866298527,0.018390337,0.1050575152,0.0698978752,-0.3690512776,-0.5847699046
2.6789588928,0.0749999434,-0.0052690189,0.1162654534,0.0056981118,-0.3544971049,-0.5741939545
2.689250946,0.0778170973,-0.0197067615,0.1256639808,-0.0648724586,-0.3442641795,-0.5635871291
2.6990170479,0.0941838175,-0.0210048016,0.1331822723,-0.1257374138,-0.3457198739,-0.5539747477
2.7089109421,0.1085209996,-0.0150610413,0.140694961,-0.1855831742,-0.3407661319,-0.5454659462
2.7188799381,0.1131514758,-0.0127984341,0.1394126862,-0.263458401,-0.3456690013,-0.5485678911
2.7288739681,0.1120137721,-0.0180895757,0.1332627386,-0.3435010314,-0.3452737927,-0.5548889041
2.7389330864,0.0991680175,-0.0232122969,0.1202317253,-0.4172046483,-0.33838287,-0.5570057034
2.7490170002,0.0821823031,-0.0181556847,0.1072339192,-0.4666068256,-0.3045090735,-0.5508165359
2.7591159344,0.0608104616,-0.0075782742,0.0875739232,-0.4735881984,-0.2340308875,-0.552331388
2.7688539028,0.0543964654,0.003241325,0.0839317814,-0.4538584352,-0.1759635955,-0.5293491483
2.7790927887,0.0717917532,0.0106916074,0.1022230759,-0.3903954029,-0.1216620058,-0.4861869216
2.788944006,0.0917030722,0.0127315316,0.1090586558,-0.3035316169,-0.0544161201,-0.4505623579
2.7989339828,0.1022562534,0.0115904082,0.1307090372,-0.212294817,0.0084086508,-0.4361608922
2.8088459969,0.1083420962,0.0061879177,0.1535627693,-0.151971817,0.0719340965,-0.4366149604
2.8188700676,0.1266774088,-0.0007648225,0.171857819,-0.1416665614,0.1127190739,-0.4262628555
2.8289980888,0.1563076526,-0.0039812755,0.1952996701,-0.1911643445,0.1499801576,-0.398847729
2.838850975,0.1846808642,0.0047372971,0.2100468129,-0.2672909498,0.1795689464,-0.3692380488
2.8488059044,0.2049374431,0.0114596505,0.2249443382,-0.3755694926,0.227026999,-0.3460975885
2.858935833,0.2061244398,0.0207500886,0.2390317768,-0.5074881315,0.2977201045,-0.3347796798
2.8691468239,0.1939745694,0.025833318,0.2680170834,-0.6372343898,0.3620583415,-0.3181080222
2.8789410591,0.1665365249,0.0267617088,0.302146107,-0.7245730162,0.4546713531,-0.2825236619
2.8888268471,0.1157038957,0.0353730284,0.3081919253,-0.7717349529,0.5956599116,-0.2515332699
2.8988189697,0.0771671087,0.0428133346,0.3188073933,-0.7698332667,0.7517642975,-0.2472350597
2.9088258743,0.0549890548,0.0435497463,0.2969186604,-0.7188366652,0.8957132101,-0.2088956535
2.9188361168,0.0582840294,0.0349851884,0.2502213418,-0.6248289347,0.9879257083,-0.1351929307
2.9288110733,0.0795442313,0.010545224,0.2078069299,-0.537989676,1.0437325239,-0.0623104759
2.9388160706,0.1041940004,-0.0117439758,0.1722950786,-0.5363456011,1.0753586292,0.0097255036
2.9488210678,0.1253014952,-0.0092136357,0.1834593266,-0.6284800172,1.0828541517,0.0947325379
2.9588098526,0.1276266128,0.0071818084,0.1904181093,-0.8061713576,1.1016247272,0.2009746879
2.9687638283,0.1181253344,0.0062277913,0.1874891967,-1.0949274302,1.1311856508,0.2944750786
2.9789180756,0.0955913514,-0.0138083976,0.2078358382,-1.4775261879,1.1576985121,0.3668143749
2.9887449741,0.0502482802,-0.0357347578,0.2247350067,-1.802568078,1.1974214315,0.431589663
3.0010027885,-0.0227567982,-0.0538482852,0.1765369028,-1.9399744272,1.2642850876,0.5003063679
3.0134730339,-0.0925836414,-0.0666074753,0.1026311889,-1.8521636724,1.3391742706,0.5539413691
3.0190868378,-0.1217423528,-0.06288445,0.0474087372,-1.6396412849,1.4447640181,0.5849797726
3.028883934,-0.0999581069,-0.0291448813,0.0442807451,-1.4292850494,1.554602623,0.6149299145
3.0389790535,-0.0512123555,0.0231184829,0.0549797192,-1.2956416607,1.6394293308,0.6642187834
3.0488679409,-0.0023424907,0.0604911335,0.0724351183,-1.273922801,1.6999856234,0.7264920473
3.058786869,0.015097009,0.0620485879,0.0620408431,-1.3352450132,1.7352793217,0.7836714983
3.0685079098,0.011717217,0.0471872129,0.0578377619,-1.3984130621,1.7321565151,0.850666523
3.0785918236,-0.002272649,0.0193418134,0.0266651306,-1.3419650793,1.7193263769,0.9250816107
3.088602066,-0.0331033319,-0.016453458,-0.0098001566,-1.2174479961,1.7568101883,0.9459994435
3.0985879898,-0.0744178444,-0.0236123782,-0.0515517816,-1.0982043743,1.8066351414,0.9147829413
3.1088590622,-0.1020436734,-2.31544e-05,-0.078841351,-1.001541853,1.8724067211,0.8941035271
3.1185498238,-0.0935748592,0.0452352352,-0.0846919641,-0.9732550383,1.9252656698,0.9256142974
3.1287169456,-0.0672362521,0.0841033906,-0.0722481236,-0.9833233356,1.9504511356,1.0051373243
3.138780117,-0.0420911983,0.091781646,-0.0582256541,-0.9900528789,1.9522970915,1.1018064022
3.1502759457,-0.0266619977,0.072060287,-0.0681336746,-0.9998850226,1.9569957256,1.1602143049
3.1590228081,-0.0347926393,0.0424542464,-0.0719346032,-1.0468770266,1.9682035446,1.1378614902
3.1707229614,-0.0606437698,0.0299180467,-0.0815747008,-1.1161261797,1.9809174538,1.0623977184
3.1795678139,-0.1020794809,0.0277374405,-0.0979562625,-1.1469020844,1.9896236658,0.9837472439
3.1885938644,-0.1393231452,0.0239135046,-0.1372783929,-1.0837273598,1.9948205948,0.9093019962
3.1984689236,-0.1687354892,0.025943907,-0.182745114,-0.9994058609,2.0310361385,0.8187067509
3.2085189819,-0.1837697178,0.0496047772,-0.215779677,-0.910734117,2.0576610565,0.7271065116
3.2184858322,-0.1705458313,0.0767086744,-0.2302022725,-0.7847629786,2.0659072399,0.7025304437
3.228500843,-0.1327951849,0.0879939198,-0.2443771511,-0.6256835461,2.0440328121,0.7503688335
3.2385377884,-0.0919175744,0.0835263431,-0.2397866398,-0.4782342017,2.0050435066,0.8068238497
3.2485218048,-0.0642551631,0.082172364,-0.255810827,-0.3904292583,1.96525383,0.824018836
3.2589659691,-0.0449299067,0.0892474055,-0.2818717659,-0.3612107933,1.9131920338,0.8338968754
3.2688817978,-0.022075085,0.0811251998,-0.2885464132,-0.3831200898,1.8395390511,0.8651991487
3.2786450386,-0.0090573262,0.055994425,-0.2878106534,-0.4847746491,1.7445912361,0.8542033434
3.2886509895,-0.0164077114,0.0276831407,-0.2877823412,-0.6343694925,1.6532104015,0.8028432131
3.2999410629,-0.0296645593,0.0118314642,-0.2855253518,-0.7434335351,1.5622209311,0.7599488497
3.3093628883,-0.0331989378,-0.0004610101,-0.2805320919,-0.7480099201,1.4869885445,0.715819478
3.3209569454,-0.029293878,0.0020232222,-0.2707680166,-0.7453993559,1.4575253725,0.6427033544
3.3287420273,-0.0241042804,0.0220201332,-0.2456709296,-0.7439463139,1.4460676908,0.5514110327
3.3385119438,-0.0164086353,0.0342674293,-0.2147672921,-0.7115026116,1.4222056866,0.4814252555
3.3485598564,0.0035899447,0.0438957252,-0.2199253589,-0.6515636444,1.4055050611,0.4740549326
3.3588058949,0.0289331544,0.0484784581,-0.2238466293,-0.559271574,1.3515864611,0.4605319798
3.3686928749,0.0390996188,0.0533068515,-0.2102279216,-0.5867841244,1.3852543831,0.2977869809
3.3784880638,0.0470491499,0.0411198772,-0.2051865011,-0.3457563221,0.9306278229,0.5364147425
3.3884809017,0.0540063232,0.0589377023,-0.1370598823,0.0426577292,1.3888720274,0.4003730118
3.3984649181,-0.0242381822,0.0735689402,-0.2619605958,0.1524637192,1.3705465794,0.158191666
3.4085969925,-0.0511739999,0.0718984008,-0.1371103078,0.1180420965,1.2656928301,0.176956296
3.4207079411,0.0043123527,0.0248300154,-0.0941297635,0.0863016099,1.1664087772,0.3444165289
3.4290938377,0.0327095538,-0.0204883199,-0.0768697485,0.0275895633,1.153419733,0.3785382807
3.4385700226,0.0180518795,-0.0246847849,-0.0741911754,0.0468350276,1.1921768188,0.268848151
3.4484410286,0.0066419109,0.011951806,-0.0799538121,0.3584621549,1.1040818691,0.1842104793
3.4583950043,0.0554543883,0.0977091193,-0.1682219058,0.8441428542,0.837624073,0.2079094201
3.4684929848,0.1401217431,0.193619132,-0.2895964086,1.19842875,0.5425282717,0.001346932
3.4792490005,0.1567546576,0.2252741456,-0.4109008014,1.0304746628,0.4215754271,-0.2421026081
3.4883470535,0.15073587,0.2340854108,-0.4652833641,0.6601982117,0.1754413098,-0.3167400956
3.498363018,0.1223748475,0.1511132419,-0.3835584223,0.5030937791,0.1224569231,-0.120806545
3.5084328651,0.0746854395,0.0284137446,-0.3406967223,0.114647232,0.0345238745,0.0723277628
3.5183610916,0.000569062,-0.1184487939,-0.2087103873,-0.1968526095,-0.0624721795,0.2612188458
3.5285820961,-0.0404245108,-0.2227892876,-0.0957547054,-0.3971678615,-0.1203770265,0.2957307696
3.5416219234,-0.0786574036,-0.2531635761,-0.0235435572,-0.4229218066,-0.0752518922,0.2210878283
3.5485620499,-0.0872750729,-0.2104519904,-0.0024994223,-0.3283945024,0.0218767878,0.1194647849
3.5586071014,-0.0614462048,-0.1252662241,-9.07389e-05,-0.244474709,0.1020163596,0.0402681008
3.5682888031,-0.0230431091,-0.0493860804,0.0035029443,-0.1739342213,0.0970908478,0.0253772996
3.5783901215,0.0158989001,-0.0010756532,-9.32423e-05,-0.0539698824,0.0415021554,0.0405262932
3.5884008408,0.0301845241,0.022756191,-0.0264849272,0.1181949601,0.0074999789,0.0331898145
3.5983948708,0.0213548709,0.0514538623,-0.0846866593,0.2921984494,0.0234403294,-0.0095280865
3.6083288193,0.019459324,0.0862012208,-0.1540407687,0.4588811696,0.014874272,-0.0372111127
3.6186130047,0.0413032323,0.0959655046,-0.1814080626,0.5257217288,-0.0605930537,-0.0484547131
3.6284599304,0.0584176928,0.0663591325,-0.1818662435,0.3753838837,-0.2124377191,-0.0452402793
3.6385369301,0.0654504746,-0.0106883328,-0.1713057309,0.1355742216,-0.3926610053,-0.0300940815
3.6484918594,0.066323325,-0.1021613479,-0.2117926627,-0.2102654874,-0.5131576061,-0.0588181391
3.6586618423,0.0629680604,-0.1355521083,-0.2445850521,-0.6111915708,-0.6445888877,-0.1915474236
3.668533802,0.0643475205,-0.1186352372,-0.2073714882,-0.9215241075,-1.0263141394,-0.3025312126
3.6786170006,0.0894729644,-0.105795294,-0.1757270247,-0.8538573384,-1.3232096434,-0.3346479833
3.6887478828,0.1188734621,-0.0503719114,-0.2699792683,-0.5877188444,-1.4597885609,-0.423189044
3.6985769272,0.1286558062,0.0793392062,-0.3838707507,-0.2153779566,-1.5334841013,-0.5037124753
3.7104520798,0.1370197982,0.1964662671,-0.4397470653,0.0828228593,-1.582416296,-0.4961667061
3.7193980217,0.1382239908,0.2542896569,-0.438906163,0.2145424038,-1.64526999,-0.4661045671
3.7284359932,0.1190493852,0.244520247,-0.3906666934,0.227293089,-1.7576218843,-0.4919446707
3.7384269238,0.0999236554,0.1964185238,-0.3595943153,0.22050789,-1.935869813,-0.5821523666
3.7482979298,0.0860040635,0.1480847895,-0.3525663316,0.2640966475,-2.1236798763,-0.7105766535
3.7583260536,0.0702297539,0.1262455881,-0.3697546422,0.3564375043,-2.2558178902,-0.8712627292
3.7688159943,0.048192516,0.1294107735,-0.3898215592,0.4771905541,-2.3532066345,-0.9950152636
3.7787189484,0.0330328494,0.1349611878,-0.3793961108,0.6283476949,-2.4133629799,-1.0425405502
3.7884640694,0.0260530133,0.1590039134,-0.350330025,0.8014228344,-2.43648839,-1.0287003517
3.7984089851,0.0330621749,0.1773032546,-0.3240146339,0.9755319953,-2.4637033939,-0.994651556
3.8083357811,0.0446491092,0.1729854643,-0.3112944663,1.1221184731,-2.5063719749,-0.9923524857
3.8184509277,0.0550481379,0.139103204,-0.2917741835,1.2431234121,-2.5681545734,-0.9516632557
3.828417778,0.0650756061,0.107288301,-0.2814941704,1.2659517527,-2.6318058968,-0.9162074924
3.8386359215,0.0677569956,0.0950835645,-0.2595491111,1.1875491142,-2.6925058365,-0.9433788061
3.8494400978,0.0606757179,0.0713756979,-0.2416945249,1.0784053802,-2.7623705864,-1.0150921345
3.8607439995,0.0584714226,0.0381498076,-0.2249794155,0.9563520551,-2.8320729733,-1.0570544004
3.8686490059,0.0647422671,0.0170162339,-0.1977419406,0.8641893864,-2.9130544662,-1.0692136288
3.8785669804,0.0656599179,0.0083940346,-0.1658791453,0.8313164115,-2.9347891808,-1.0807336569
3.888384819,0.0596535392,0.0065226872,-0.154695943,0.8257328272,-2.9007217884,-1.0915745497
3.8984408379,0.043452017,0.0099789221,-0.1542853266,0.8668442965,-2.8352584839,-1.0984036922
3.9087300301,0.0321480855,0.0163308401,-0.1457695514,0.9375493526,-2.7489264011,-1.0660787821
3.9184470177,0.0262643564,0.036678914,-0.1026662812,1.0432581902,-2.6512892246,-0.9934815764
3.9286308289,0.0210140068,0.0535105802,-0.0579919443,1.1722940207,-2.5331933498,-0.9242196679
3.9386878014,0.010703655,0.0588917173,-0.0361059532,1.30151999,-2.422914505,-0.8942150474
3.9485731125,0.0089774746,0.0647016168,-0.0330053195,1.426528573,-2.305485487,-0.8993133903
3.9588670731,0.0215933491,0.0805218369,-0.0555333123,1.5130097866,-2.1891345978,-0.8703802824
3.9688858986,0.0511944145,0.1098588407,-0.0461297855,1.5216853619,-2.1071488857,-0.7901762724
3.9787368774,0.0865720958,0.1312273294,-0.0001123754,1.4570298195,-2.0631678104,-0.7128605843
3.9884858131,0.1008279473,0.124442786,0.0560124293,1.3996880054,-1.9967558384,-0.6441957355
3.9981799126,0.0929683298,0.0837721229,0.0911786333,1.3976281881,-1.906327486,-0.5672274232
4.0083460808,0.0665476471,0.0349591114,0.1142379418,1.3934243917,-1.8137989044,-0.4923947453
4.0185308456,0.0319816023,-0.0034942382,0.1467603892,1.3687605858,-1.6916782856,-0.4389902353
4.0282897949,-0.0089966785,-0.0328288563,0.1577080935,1.3190954924,-1.5256909132,-0.357165426
4.0382738113,-0.0273751151,-0.028974643,0.1580099314,1.2151955366,-1.3962085247,-0.2453186512
4.0483140945,-0.0152109396,-0.0183542874,0.1928143352,1.1005544662,-1.2582671642,-0.1345820129
4.0585398674,0.0053627654,-0.0325346254,0.2358626574,0.9943399429,-1.1084611416,-0.0186149254
4.0684099197,0.0283065904,-0.054868456,0.2959339321,0.9050891399,-0.9529956579,0.1185501218
4.0789470673,0.0428255945,-0.0680233091,0.3407461345,0.8113785386,-0.7751042247,0.2576988339
4.0885720253,0.046881333,-0.0622424595,0.3557194173,0.750777483,-0.5896906853,0.3712770641
4.0982036591,0.0523011535,-0.050270915,0.35276559,0.781152308,-0.4240908623,0.4604858756
4.1082019806,0.0824979097,-0.0273621716,0.337954849,0.8403439522,-0.2551239431,0.5422153473
4.1181430817,0.135446623,0.0144444248,0.3316982687,0.8731389642,-0.1080330089,0.5890443921
4.1284818649,0.1727339774,0.0465014689,0.3346556723,0.8830216527,-0.009672882,0.5830876827
4.1383771896,0.1763405651,0.0568252914,0.3201917708,0.8642217517,0.0828791559,0.5495696068
4.1485900879,0.1744180471,0.0747394115,0.2883605659,0.8297407031,0.1430705935,0.4950213432
4.158302784,0.1838486046,0.0946500227,0.2489324063,0.8061683178,0.1713578999,0.4491702318
4.1683020592,0.2163210362,0.1137891561,0.240066573,0.7676411271,0.1891022772,0.4342086315
4.1782722473,0.2477363497,0.1364030987,0.2321455926,0.7173359394,0.1953476518,0.4596987963
4.1885147095,0.2666456699,0.1473954916,0.2055863589,0.6383239031,0.1853898168,0.4916902781
4.1985430717,0.2593913972,0.1254441738,0.2209377736,0.5626049042,0.180447787,0.4822134078
4.2103228569,0.225298211,0.0857454687,0.1882478446,0.4656975269,0.1613289565,0.4590324759
4.2192358971,0.2109058052,0.0601549111,0.1720772833,0.3713037968,0.0994080678,0.4286936224
4.2283987999,0.2085953802,0.0458769687,0.1654726714,0.3195202351,0.0474511236,0.3993197381
4.2380828857,0.1938956231,0.0438103154,0.1400278062,0.2791333795,0.0351774171,0.3749904037
4.2480888367,0.1761789769,0.0444351435,0.1311766952,0.2247103602,0.0462226048,0.340960294
4.2581701279,0.1533191651,0.0476260222,0.1350447387,0.1585487872,0.0623973198,0.2920298874
4.268242836,0.1408450156,0.0594796687,0.1595567316,0.1285778284,0.0822546408,0.2664246559
4.2782707214,0.1349729151,0.0744481534,0.1764177531,0.1647392958,0.1142487973,0.2258231789
4.2884807587,0.1229550093,0.0812471062,0.180722639,0.243414402,0.1742375642,0.1701348722
4.3019161224,0.0997314602,0.0831593499,0.176387772,0.3360395432,0.2310025841,0.0995833576
4.3085298538,0.0887966305,0.0744545609,0.1743305773,0.3999764621,0.2683781683,0.037677642
4.3184847832,0.0873007923,0.0656224787,0.1812198609,0.4501876831,0.2832905352,-0.0145141892
4.3330130577,0.0849274248,0.0543525331,0.1636606902,0.4983578622,0.2780739367,-0.0431985632
4.3383769989,0.0816531628,0.0455380268,0.1440315098,0.5337435603,0.2685137093,-0.0675933808
4.3480386734,0.0600419194,0.035747502,0.1055874601,0.526399374,0.2587106228,-0.0823981613
4.3590340614,0.037520811,0.0277013276,0.0778117552,0.4827320278,0.2403449565,-0.0652484745
4.3684210777,0.0267796088,0.0150333513,0.0540618673,0.3683740497,0.2367081344,-0.0120254662
4.3780870438,0.03164424,0.0068814252,0.0470593348,0.2028935999,0.2229683399,0.0306736603
4.3882899284,0.0276557077,-0.0077077281,0.0625908747,0.0616714992,0.2405087352,0.0848404914
4.3982539177,0.0050881072,-0.0200511944,0.0536895767,-0.0613727979,0.2622872591,0.117717348
4.4083008766,-0.0059495107,-0.0322207324,0.0596388355,-0.1264695078,0.2575630844,0.1241677925
4.4182376862,0.0064932271,-0.0453413613,0.0667425767,-0.1039460897,0.2511792183,0.1071951985
4.4280648232,0.0287558604,-0.0558943935,0.0699147359,-0.0353060476,0.2268009186,0.0690592676
4.4380931854,0.0452975184,-0.0471193232,0.0679037347,0.0418551825,0.2046290338,0.0319684893
4.4481520653,0.0453005284,-0.0172517728,0.0440649167,0.11888659,0.1995266825,-0.0094854757
4.458096981,0.0308031905,0.0074161757,0.009299079,0.1926862299,0.1923840642,-0.0371149741
4.4685821533,0.019288199,0.0221027303,-0.0176406708,0.2450040281,0.1937939525,-0.044597391
4.4782691002,0.0070059462,0.02239866,-0.0543201789,0.2610506415,0.1844137758,-0.0307351053
4.4882268906,-0.0002731814,0.010136025,-0.0568097457,0.2322171479,0.1706324369,0.008682875
4.4982509613,0.0063428148,-0.0034067014,-0.0494848117,0.1843100786,0.1343769729,0.0620709993
4.5082521439,0.0257596541,-0.0125071537,-0.0372299775,0.1383532286,0.1205812618,0.1153121218
4.5181379318,0.0414405614,-0.0203302782,-0.0357644185,0.091463618,0.1064270958,0.1281883717
4.5280628204,0.0454236716,-0.0386803709,-0.022559246,0.0242057499,0.1048925817,0.1346196383
4.5381498337,0.0483858138,-0.0392089672,-0.0084437933,-0.0321962722,0.0883223861,0.1220143586
4.5482177734,0.0592018515,-0.0431218185,0.0096777473,-0.0865452588,0.0887165368,0.0923028067
4.5599551201,0.0660814196,-0.0493095033,0.0219589267,-0.1099459305,0.0904113725,0.0614980198
4.5687408447,0.06226255,-0.0593797453,0.0331964269,-0.1131353304,0.0987191051,0.0359489843
4.5781879425,0.0475067049,-0.0421022438,0.0237086806,-0.0981844813,0.1029990762,0.023163015
4.5878911018,0.0423977226,-0.0124964248,0.008345047,-0.0191114992,0.0960655361,0.0157160163
4.5978488922,0.0432381183,0.0033540598,-0.0157343354,0.0705555379,0.0967451707,0.014588967
4.6081809998,0.0469924659,0.0201611836,-0.0320636258,0.1400624514,0.0844027475,0.0082461173
4.6179089546,0.0400219411,0.0317656808,-0.021185657,0.2041093409,0.0817510411,0.0145905651
4.6279129982,0.0225238372,0.0290535558,-0.0289356317,0.2435456961,0.0832520053,0.0294267703
4.638171196,0.0119562913,0.0196233261,-0.0375861749,0.2254299372,0.0704848021,0.0528954752
4.648182869,0.0212045778,0.0089500044,-0.0461685881,0.1638027877,0.0316223614,0.0638144389
4.6582508087,0.0406865329,-0.0054575857,-0.0498863682,0.0702615231,-0.0192722473,0.071647197
4.6683888435,0.057511583,-0.010146318,-0.0400567874,-0.0094367648,-0.0595158078,0.0624022968
4.6785159111,0.0656720847,-0.0057123508,-0.0293912496,-0.0391187593,-0.0770159662,0.0423497595
4.6878848076,0.0553921908,-0.0083060469,-0.0188579168,-0.0272229537,-0.0804663599,0.0030553497
4.6978640556,0.0353729874,-0.0165256988,-0.0044675674,0.0048787906,-0.0751972944,-0.0341823027
4.707930088,0.0172524024,-0.0144843441,0.0039571915,0.0486443825,-0.0664991438,-0.0565794855
4.7179231644,0.0116599668,-0.0031012499,0.0036701353,0.0869667381,-0.0502461419,-0.0662763193
4.727894783,0.0146461595,0.0127579961,0.0034287961,0.1371220499,-0.048780337,-0.0652584583
4.7381830215,0.0224498976,0.022438908,0.0110653434,0.1979454607,-0.0493076444,-0.0567975976
4.7486948967,0.0274193157,0.0267669875,0.0069269333,0.2546260357,-0.0596116781,-0.0631447062
4.758245945,0.0431839973,0.0295751784,0.0028130803,0.2707892954,-0.0734808892,-0.0747523606
4.7680888176,0.0612112135,0.025661448,0.0093692932,0.258364588,-0.1132767722,-0.0925462693
4.7778520584,0.0846426338,0.0157507677,0.0216792021,0.2032711059,-0.1566103995,-0.1102867872
4.7878351212,0.1075003296,0.0072029103,0.0406886712,0.1183317155,-0.2023746818,-0.1354280859
4.7977609634,0.1170853227,0.0057679806,0.0682046786,0.0601961091,-0.2576563358,-0.1732767969
4.8078737259,0.1124659628,0.0028680733,0.0818363205,0.0274544079,-0.2828732729,-0.2177108526
4.817882061,0.1079961807,0.0085339714,0.0826535597,-0.0084790923,-0.3081421256,-0.26532951
4.8278508186,0.1095739454,0.0170432124,0.0814825073,-0.0348260105,-0.3395588994,-0.2906047702
4.8380069733,0.1183669716,0.009807514,0.0725489035,-0.0580301322,-0.3676573932,-0.3052782416
4.8481111526,0.1361068934,0.0006435161,0.0821500793,-0.0811655447,-0.4043025076,-0.3198979497
4.8580918312,0.1460925192,0.0120132435,0.1061083451,-0.0949262381,-0.4078495502,-0.3474884331
4.8679847717,0.1423214823,0.0379892327,0.1171921864,-0.0788628459,-0.3984512389,-0.3879314661
4.8782229424,0.1453120261,0.053595867,0.1254617423,-0.0660265386,-0.3848297,-0.4315869212
4.8923010826,0.1599223167,0.055751767,0.1319841594,-0.0968797952,-0.3780136108,-0.4815419614
4.90001297,0.1637472063,0.0508542694,0.1472893208,-0.1436860561,-0.3777462244,-0.5325040817
4.9113388062,0.1325733513,0.0337822549,0.1457804888,-0.1670166701,-0.3762340844,-0.5845547915
4.9198827744,0.0886339098,0.0224411581,0.1207591668,-0.1745665967,-0.3478546441,-0.6346694827
4.9281692505,0.0567912012,0.0337596349,0.0929503813,-0.1686170995,-0.2953741252,-0.6275771856
4.9380788803,0.0476128608,0.0668516457,0.094719626,-0.1552014202,-0.2564150095,-0.5832175016
4.9480772018,0.0383099169,0.0726046637,0.1006688252,-0.1481168866,-0.2187435478,-0.5590317249
4.9580087662,0.0261744726,0.0381451882,0.0942103043,-0.1633397788,-0.1930323243,-0.5390049815
4.9681549072,0.034292385,0.0084412713,0.1007101312,-0.2030581683,-0.1812467724,-0.4997451901
4.9778490067,0.0567948669,-0.0021853948,0.1209988967,-0.2650572062,-0.1846241802,-0.4624916911
4.9876289368,0.0677470118,-0.0098417904,0.1226616278,-0.3408851326,-0.1882354319,-0.4411675036
4.9976396561,0.0691251904,-0.0252362844,0.1145702377,-0.4368620217,-0.1986225694,-0.4442210793
5.0076217651,0.0773560852,-0.0317875408,0.1114313379,-0.56375736,-0.2135256082,-0.4472230077
5.0176529884,0.0797900409,-0.0219402593,0.1062454358,-0.671487689,-0.2260624319,-0.4406914711
5.0276851654,0.0636170954,-0.0107765626,0.111681737,-0.6822937727,-0.2080219239,-0.4461128712
5.0405049324,0.0210952926,-0.0191326719,0.0868192092,-0.603769362,-0.1497317106,-0.4507973492
5.0478639603,-0.0200977158,-0.0275031906,0.0621334091,-0.4795097411,-0.073927775,-0.4481885433
5.0582036972,-0.026963843,-0.0169011261,0.0514812246,-0.354172051,-0.0138295433,-0.4082949162
5.0678610802,0.0103146005,0.0144200046,0.0617287531,-0.2736444473,0.0343651511,-0.3449201882
5.0776629448,0.061936602,0.0373712443,0.0810438171,-0.2451980114,0.0638007969,-0.3026327789
5.0878739357,0.0882424861,0.0306130666,0.0984706655,-0.2913620472,0.0871479362,-0.2804417312
5.0977931023,0.0854107887,0.0052855182,0.1050943509,-0.3874672651,0.0875524655,-0.2718812525
5.1076850891,0.0747349113,-0.0150545593,0.1165612713,-0.4547038376,0.0817792714,-0.2611729503
5.1177220345,0.0553693622,-0.0244608205,0.0966761485,-0.4986756742,0.0987191051,-0.2400030941
5.1277251244,0.0423316509,-0.0078425165,0.0817386284,-0.5247312784,0.1414963901,-0.2137025148
5.1376590729,0.0462805778,0.0262407232,0.0797332302,-0.5273334384,0.1824414283,-0.1725313812
5.1476678848,0.0596552938,0.0505331941,0.0887351409,-0.5278725028,0.2298638076,-0.1260933131
5.1576490402,0.0659158677,0.0548840947,0.0970101133,-0.5700597167,0.2864280343,-0.0977457017
5.1676588058,0.060974136,0.0458573066,0.1279511899,-0.6622815132,0.3276156783,-0.0724509954
5.1777448654,0.0479289144,0.0289196391,0.1560999006,-0.7609198093,0.3729676902,-0.0546167344
5.1875739098,0.0404895097,0.0138589833,0.1560954899,-0.8509040475,0.4086742997,-0.0473487005
5.1976361275,0.0512641817,0.0040647369,0.1533734053,-0.90130651,0.4298152626,-0.0293902084
5.2076368332,0.0717371553,-0.000257816,0.1340449303,-0.9184942842,0.4331066906,-0.0039021587
5.2176299095,0.0930742174,0.0010205117,0.1263331622,-0.9441981912,0.4320877492,0.0248052534
5.2276420593,0.095665887,0.0077195186,0.1447407454,-0.9774671793,0.4438051283,0.0502498932
5.2381711006,0.0676120073,0.0168428496,0.1658599228,-0.9812977314,0.5113064051,0.0731888935
5.2477760315,0.0212702621,0.0285529625,0.1626137346,-0.9907367229,0.6202595234,0.0735513568
5.2577848434,-0.0067007379,0.0441815145,0.1568820924,-0.9993037581,0.7443724275,0.0961255059
5.2677130699,-0.0036069585,0.0637362823,0.1565174311,-0.9960756898,0.8381090164,0.1805066913
5.2776799202,0.0114892889,0.0666357726,0.1496389359,-0.9383046031,0.9058440924,0.2990120351
5.2876996994,0.0174541641,0.0373641513,0.1214307323,-0.8911147118,0.9753475785,0.3845820725
5.297662735,0.013864981,0.0001475831,0.1157187596,-0.935456872,1.0329951048,0.4171762168
5.3077850342,0.0016217694,-0.0211407375,0.1468826979,-1.0266441107,1.0732309818,0.4552250803
5.3175821304,-0.0149561893,-0.0377173536,0.1553727239,-1.1243282557,1.1188881397,0.5081165433
5.3281950951,-0.0204397868,-0.0515803508,0.1598103493,-1.2733174562,1.1726983786,0.5609912276
5.3377819061,-0.0123210978,-0.0396780781,0.1815433949,-1.4608509541,1.2380231619,0.6201917529
5.3476476669,0.0006759629,-0.010006791,0.2038172334,-1.6025722027,1.3018357754,0.7112425566
5.3577361107,0.0071917041,0.0018122663,0.1974128336,-1.6430181265,1.3761773109,0.8170281649
5.3677649498,0.0003263668,-0.010046063,0.156564042,-1.5778378248,1.4692333937,0.8907465935
5.3776159286,-0.0311460178,-0.040609356,0.1282521337,-1.4476070404,1.5870034695,0.9207009077
5.3877120018,-0.0718093812,-0.0688183904,0.1018538252,-1.3025044203,1.7144887447,0.9484574199
5.4030327797,-0.0908779949,-0.0690766424,0.0970038548,-1.2033398151,1.840679884,0.9921933413
5.41497612,-0.0813286453,-0.0371551774,0.0979309455,-1.1915715933,1.9533030987,1.0275760889
5.4194097519,-0.0536417663,0.0090524126,0.0876739398,-1.3174741268,2.0522503853,1.0875760317
5.4294872284,-0.013329966,0.0472632386,0.0845017806,-1.4825248718,2.0956118107,1.1830253601
5.4378428459,0.0247241277,0.0438939072,0.070632793,-1.6601990461,2.1174757481,1.2765005827
5.4506468773,0.0302748252,0.010578217,0.0661599413,-1.8417775631,2.132076025,1.2733455896
5.4579286575,-0.0120241102,-0.0164310914,0.0267953072,-1.929287672,2.1543622017,1.2084548473
5.4678959846,-0.0664282143,-0.0217076521,-0.0282803383,-1.8314015865,2.2176423073,1.1452950239
5.477599144,-0.1098890156,-0.0024561265,-0.0934309587,-1.5970799923,2.3075757027,1.0754919052
5.4874219894,-0.130805701,0.0404201187,-0.1545017511,-1.2870179415,2.415990591,0.9736451507
5.4974279404,-0.1282705218,0.1016197205,-0.1955670267,-0.9492461085,2.5195024014,0.8983709812
5.507627964,-0.0990505964,0.1662708521,-0.2311880141,-0.6487182379,2.5889611244,0.8743380904
5.5175719261,-0.0503880829,0.2087627053,-0.2827804983,-0.3307811022,2.6001706123,0.8974158168
5.527507782,-0.0031139685,0.1906680763,-0.3269059956,-0.1181692332,2.5646886826,0.9304315448
5.5375008583,0.0145248193,0.1505639553,-0.3331989944,-0.0682976842,2.4678883553,0.9395228624
5.5480728149,0.0050901487,0.0900565684,-0.3215273917,-0.1109591275,2.3360421658,0.9340333343
5.5596828461,-0.0183198284,0.0105260331,-0.31922701,-0.1887215674,2.1952362061,0.9126912951
5.5681390762,-0.0490527004,-0.0533375703,-0.3381794989,-0.307040751,2.0551507473,0.8871225715
5.5775346756,-0.0698991716,-0.0721952617,-0.3627569377,-0.4148519039,1.9427711964,0.842244029
5.5875806808,-0.065589413,-0.0514882766,-0.3819618523,-0.4663110971,1.8575478792,0.7971497774
5.5974459648,-0.0448557585,-0.0176789146,-0.374792546,-0.3949381113,1.7584199905,0.7648088932
5.6074228287,-0.0055362717,0.0124424417,-0.3729861677,-0.2512541711,1.6867079735,0.748175323
5.6174678802,0.0315242261,0.0468234159,-0.3786077797,-0.114250131,1.6595882177,0.7025728226
5.6275081635,0.0394774526,0.0570516624,-0.3665898144,-0.0511137694,1.4135363102,0.6201953888
5.6374430656,0.0532723814,0.0452071764,-0.3168971241,0.2716985047,1.4594583511,0.6982884407
5.6475019455,0.0341270417,0.0692083538,-0.3269308507,0.4565493166,1.5063983202,0.5204356313
5.6574931145,-0.0250435602,0.0731339753,-0.3421591222,0.3600822687,1.4641671181,0.4187869132
5.6675167084,-0.01893772,0.0612598099,-0.2621617615,0.2069220394,1.2381025553,0.4947271943
5.6774067879,0.0110815335,0.0175278503,-0.1964436918,0.0922576338,1.1258013248,0.5900879502
5.6873540878,0.0124400426,-0.0082057696,-0.1642760783,0.1266880482,1.0960687399,0.5817575455
5.6974868774,-0.0073745982,-0.0011491458,-0.1252174526,0.2546521425,0.9983740449,0.5408689976
5.7074828148,0.0113563407,0.0226870198,-0.0761046037,0.3879705071,0.803758502,0.4103014171
5.7173428535,0.0592402965,0.0685232282,-0.1899778396,0.458428055,0.6229940653,0.206382513
5.7275509834,0.1134622544,0.1425587237,-0.3284920752,0.4087680876,0.4054846466,-0.06095732
5.7385988235,0.1393484026,0.2286283374,-0.3680223525,0.2787722349,0.1849546582,-0.2336681187
5.7475271225,0.1578775495,0.2827040553,-0.3664551675,0.2917900383,-0.1065802574,-0.2147884369
5.7573747635,0.1407140642,0.2192910612,-0.3057608306,0.3482224345,-0.2330210209,-0.1778868586
5.7674627304,0.0188120771,0.0966023505,-0.2269808799,0.2570917308,-0.2012987733,-0.1355332881
5.7774500847,-0.1138796657,-0.0013198535,-0.1490690857,0.1363209635,-0.1122282818,0.0158973783
5.7875580788,-0.1707389504,-0.076494664,-0.1104390845,0.0605519079,-0.0368544348,0.1493228227
5.7974672318,-0.1766029745,-0.1290573478,-0.0865304098,0.01545873,-0.0145549886,0.1725804657
5.8074216843,-0.1521609277,-0.1240706742,-0.0453803167,-0.0256500915,0.0608116686,0.1487478465
5.8175191879,-0.1033001691,-0.0695976615,-0.0223757233,-0.0507320054,0.1299867481,0.1366317868
5.8275618553,-0.0407742411,-0.0209685545,-0.0139479246,-0.0386849307,0.0937227532,0.1347337514
5.8375558853,0.008947121,-0.0056554656,-0.0090618934,-0.0251451544,0.019753715,0.0969578773
5.8475880623,0.0235693622,-0.0054513197,-0.0294554438,4.70169e-05,-0.0350685194,0.0378018767
5.8575758934,0.0133797992,0.0072175581,-0.0723002777,0.0548793711,-0.0597336516,-0.0215711668
5.8675718307,0.0016154513,0.0316097178,-0.137436226,0.0937213078,-0.0898044705,-0.0734604597
5.8775467873,0.0081887711,0.0463368334,-0.2059351355,0.1054101959,-0.1823104322,-0.1525486112
5.8873939514,0.0275408495,0.0506441332,-0.251544863,-0.0130072655,-0.2708975375,-0.2804408073
5.8973798752,0.0543624014,0.0558547713,-0.2950752676,-0.2263799906,-0.4907119274,-0.4191020131
5.9073848724,0.0904812068,0.0424075462,-0.3028788865,-0.4256584644,-0.751773417,-0.5192595124
5.9177398682,0.1037641317,0.0105119068,-0.305431813,-0.5429704785,-1.0011587143,-0.578116715
5.9276299477,0.1006569415,-0.0007153432,-0.3153522313,-0.5463220477,-1.2228609324,-0.6276714802
5.9378170967,0.1005585343,0.0258096177,-0.3862971961,-0.4932929575,-1.4070233107,-0.7125658393
5.9474740028,0.1033878773,0.07893309,-0.4741851985,-0.3952774107,-1.5943850279,-0.837843895
5.9575839043,0.1113374084,0.1364316344,-0.5564013124,-0.3120461702,-1.8011014462,-0.9629850388
5.9698839188,0.1224072725,0.1964436769,-0.5939664245,-0.2574995756,-2.0303549767,-1.0730875731
5.9775972366,0.1263300031,0.2296468616,-0.58397156,-0.1901439577,-2.2731070518,-1.149118185
5.9874558449,0.1160969883,0.2353005707,-0.5578890443,-0.0849427059,-2.4565258026,-1.194747448
5.9976677895,0.0943210274,0.2314083874,-0.5519738197,0.0980770439,-2.6181604862,-1.2628808022
6.0074882507,0.074409157,0.2206118703,-0.5563665628,0.307426542,-2.7221913338,-1.3685914278
6.0173778534,0.0551303178,0.2135788202,-0.5664579272,0.4837941229,-2.8319890499,-1.4944295883
6.027328968,0.0509358943,0.214538455,-0.5354216099,0.6548854709,-2.9649915695,-1.5786778927
6.0373549461,0.0698348433,0.2070756555,-0.4827336371,0.8302131891,-3.1093785763,-1.6235486269
6.047372818,0.0933741406,0.1850417852,-0.437087208,0.9786292911,-3.2261886597,-1.6685775518
6.0573911667,0.0939187706,0.1556616426,-0.4186560214,1.0723106861,-3.3070831299,-1.7127342224
6.0673727989,0.0719257817,0.1148606241,-0.4003417194,1.149597168,-3.3588654995,-1.7135148048
6.0774130821,0.0491749905,0.0782895684,-0.3782813847,1.2008538246,-3.3763053417,-1.6751945019
6.0887432098,0.0279187616,0.0558116771,-0.3330363333,1.2666159868,-3.3548357487,-1.5988874435
6.0973529816,0.0154497791,0.0433147289,-0.2645708025,1.2894017696,-3.3172738552,-1.4759060144
6.1087241173,0.0175388027,0.0433628,-0.1758204252,1.3026586771,-3.2789461613,-1.3805485964
6.1174240112,0.0229211766,0.0224870164,-0.1057356223,1.330827713,-3.2195065022,-1.3299599886
6.1274137497,0.0216862429,-0.0113496464,-0.0640420541,1.4058161974,-3.1331777573,-1.3018876314
6.1372947693,0.0250226874,-0.035254743,-0.0320065841,1.4933854342,-3.0221004486,-1.265483737
6.1474962234,0.0246132333,-0.0327468775,0.004045764,1.5593695641,-2.8833794594,-1.2271209955
6.1575222015,0.0280672479,-0.0070117842,0.0442339554,1.5984652042,-2.7255115509,-1.1761186123
6.1676311493,0.031423375,0.0318201371,0.070188798,1.6458837986,-2.5523695946,-1.0954703093
6.1774048805,0.0415511578,0.0566450842,0.0939968005,1.7380291224,-2.3796541691,-0.9797900915
6.1875162125,0.0594239384,0.056997899,0.1227680817,1.8780351877,-2.1998436451,-0.8280695677
6.197479248,0.06551902,0.0308658946,0.1574624628,2.0243842602,-2.0208692551,-0.6551010609
6.2074651718,0.0617118627,0.0002040287,0.1979628652,2.0693433285,-1.8374824524,-0.4990878105
6.2174401283,0.053893432,-0.0205064844,0.2304955572,1.9938063622,-1.6605703831,-0.3663213551
6.2275071144,0.0500154942,-0.0281806942,0.2443917841,1.8573638201,-1.4808241129,-0.2218440771
6.2374567986,0.0579425544,-0.0349118449,0.2526127398,1.6867941618,-1.3097846508,-0.0645370111
6.2474589348,0.0729478747,-0.0418650396,0.274721235,1.504691124,-1.147746563,0.0503400415
6.2575521469,0.0766979903,-0.05587494,0.2873289287,1.326934576,-0.9785561562,0.1226718947
6.2674417496,0.0826993138,-0.0532977022,0.2876351178,1.1577783823,-0.8125967383,0.1843949109
6.2774162292,0.1027206331,-0.0377005301,0.2953290641,1.0026347637,-0.6615254879,0.2430205494
6.2877640724,0.11868532,-0.0264977925,0.294718951,0.920273006,-0.5344673991,0.3017480373
6.2984762192,0.1239749938,-0.0278790798,0.2720997632,0.9116181731,-0.4122171402,0.3562045097
6.3076162338,0.138030991,-0.0188254602,0.2372643799,0.8957012296,-0.310441494,0.3980512917
6.3191981316,0.1704330295,0.0232628193,0.2301282138,0.8618718982,-0.2366069555,0.4379648566
6.3275337219,0.1992828697,0.0803915262,0.2133860439,0.8377095461,-0.1722665876,0.4843097329
6.3374271393,0.2121521384,0.1282909065,0.1880014986,0.845749259,-0.12174429,0.5105364323
6.3472900391,0.2189551443,0.1499962658,0.1736354083,0.8859462142,-0.0755115449,0.5059589744
6.3576440811,0.2166272253,0.1526000798,0.1643746346,0.9080527425,-0.0191055331,0.4577713311
6.3674168587,0.2246385962,0.1632860899,0.1591848582,0.8962626457,-0.003382762,0.4321802258
6.3780589104,0.2412631065,0.1741177738,0.1589931101,0.904643774,0.0201033875,0.4213987887
6.387691021,0.2440601438,0.1762164235,0.1617428511,0.9172027111,0.0522280335,0.4169321358
6.397359848,0.2280216664,0.1822468936,0.1654122323,0.9339689612,0.0960514173,0.4017626643
6.40736866,0.2146219164,0.1748350561,0.1683491915,0.9443609118,0.1366097629,0.385556519
6.418463707,0.2107576877,0.150164932,0.1793722361,0.9505017996,0.1791769266,0.3576520681
6.427585125,0.1941302568,0.1007409841,0.1720062941,0.8564213514,0.2123055756,0.3171320558
6.4375391006,0.1760507971,0.064012289,0.1940598339,0.6483572721,0.2219960392,0.2640964091
6.4489688873,0.1607298702,0.044214379,0.2200633138,0.4616451263,0.215108037,0.2525851429
6.4590268135,0.1512137502,0.0328637697,0.232520625,0.3600455225,0.231570363,0.2695465684
6.4673662186,0.147473678,0.0257443283,0.2265490741,0.3437286019,0.2562988698,0.3012693226
6.4772000313,0.1523182839,0.0244643185,0.2158462852,0.3638073802,0.2726690769,0.322396338
6.487432003,0.1424060017,0.0173626635,0.2070559114,0.3785972595,0.2972385883,0.3073531985
6.4971928596,0.1119027883,0.0053299759,0.1864824146,0.3763266504,0.321631819,0.2880775034
6.5073208809,0.087873593,0.0030929467,0.1719023436,0.3451908231,0.3459187746,0.2815673947
6.518034935,0.0907591134,0.0162425581,0.1644561738,0.2776966095,0.3732358813,0.2867468596
6.5273609161,0.1128873676,0.0359470509,0.1748313159,0.2423263639,0.3796202838,0.3154147267
6.5373392105,0.1352060586,0.0347907655,0.1755770892,0.219905749,0.3794596791,0.3164919615
6.547855854,0.1292199343,0.0246538389,0.1771176308,0.2315874249,0.3995755911,0.2834192216
6.5574827194,0.0831793398,0.0028940684,0.159905836,0.280602634,0.4273678362,0.2396483123
6.5676422119,0.036777392,-0.0144355427,0.1388573498,0.3060094714,0.464717865,0.2096414119
6.5777568817,0.011229502,-0.0148324873,0.1297814697,0.2875210047,0.5125327706,0.1934091896
6.5874090195,0.019284891,0.0015636479,0.1318304986,0.2987875044,0.54523772,0.2579950988
6.5973668098,0.0545261949,0.008104274,0.1420219988,0.2696181834,0.5563876033,0.3386862278
6.607380867,0.0754754096,-0.0096785333,0.1444099396,0.1918187141,0.534555316,0.3558804095
6.6203451157,0.0617903918,-0.0420735292,0.1249931231,0.1429852545,0.5021033287,0.3539963365
6.6352367401,0.0466219634,-0.0711002573,0.0770702735,0.0996021032,0.4526667893,0.3617839515
6.6379919052,0.0364133865,-0.0750185028,0.0543029681,0.0486732796,0.4159170389,0.3609992564
6.6475172043,0.0204496551,-0.0589168034,0.0303434525,0.0028932709,0.3995673358,0.3653868139
6.7059717178,0.0123414863,-0.0373454057,0.005414525,-0.0440168492,0.3886012733,0.3750507236
6.7405800819,0.018997686,-0.0218242239,-0.0028102009,-0.0853501707,0.3540438414,0.3710541427
6.7406377792,0.0425384492,-0.0104594138,0.000734547,-0.1553287208,0.3073050678,0.3437854946
6.7406668663,0.0751859397,0.0180909131,0.0011660251,-0.2016826421,0.2478268296,0.304895103
6.7406949997,0.0935709029,0.0447665118,0.0110515151,-0.159600839,0.2114070356,0.2572931051
6.7407217026,0.0801367015,0.0466967188,0.0118437801,-0.0579642206,0.2084418684,0.1934978664
6.7407479286,0.0346533805,0.0358026139,-0.0169220772,0.041405376,0.2256751955,0.118949458
6.7407722473,-0.0079848599,0.024145456,-0.0428219661,0.1194543764,0.2175741196,0.1008868366
6.7407917976,-0.0194137823,0.0202160124,-0.0422368273,0.1655821949,0.1838646233,0.1170096099
6.751511097,-0.0129931401,0.0127591435,-0.037746571,0.1850701421,0.1456477344,0.1299925148
6.7572789192,-0.0003907218,0.0131096859,-0.0460918769,0.1864785552,0.1039812416,0.131325826
6.7673187256,0.0192231406,0.0278881285,-0.0623496994,0.1677117795,0.0503782034,0.1295617521
6.7773070335,0.0361890644,0.0413353182,-0.0728534088,0.1509590298,0.0169752389,0.1127895713
6.7873439789,0.0281541813,0.0398546569,-0.0913887843,0.1382946372,0.0112699503,0.0820260644
6.8028860092,0.0105479825,0.0297729839,-0.0885728225,0.1320776194,0.0055026086,0.0385112092
6.8077821732,0.0006159411,0.0308697913,-0.06530305,0.1630627066,0.0098448927,0.0182759799
6.8178577423,-0.0006198122,0.0344822966,-0.0419771299,0.2153205872,0.0197752882,0.0064853672
6.8276610374,0.0059085651,0.036809776,-0.0215475764,0.275211066,0.0167960096,-0.021159308
6.8372130394,0.0123762954,0.0397958867,-0.0011924115,0.3382256031,0.0192770101,-0.0371514596
6.847178936,0.0168365408,0.0413090698,0.0132841859,0.3905540407,0.0185675453,-0.0424953587
6.8570990562,0.0125610996,0.0342032053,0.0179507528,0.4076130688,0.0292071402,-0.0638247505
6.8671030998,0.0033152567,0.0252034832,0.0177228246,0.4095569253,0.0475006588,-0.051196035
6.8770461082,0.0124761034,0.0181636307,0.0274323616,0.3837675154,0.0529787801,-0.0129707549
6.887046814,0.0227310229,-0.0010439585,0.0392066613,0.3452193141,0.0592750274,0.0082631605
6.8970479965,0.0234154928,-0.0317524858,0.0383004919,0.2735971808,0.0590012558,0.0412497409
6.9081459045,0.0191846956,-0.0439986326,0.037359871,0.1710540354,0.0489885695,0.0881314948
6.9183440208,0.0179266501,-0.0455958508,0.0393813029,0.0739888847,0.0334218554,0.106364429
6.9272108078,0.0109091569,-0.0471057929,0.0404435769,-0.0082985302,0.0414084084,0.1148692295
6.9368858337,0.001865463,-0.0433392413,0.0366876498,-0.0478607193,0.0465107635,0.1223001108
6.9469637871,0.008308636,-0.0336726643,0.0437832847,-0.0586015135,0.0549689606,0.1211903766
6.9572629929,0.016613679,-0.0248912554,0.0402166024,-0.0479936115,0.0677718371,0.1083491445
6.9673452377,0.0188407768,-0.0178078543,0.0444573537,-0.0374416336,0.0880424902,0.0943992436
6.9784727097,0.0130187739,-0.0084640663,0.0515953675,-0.0119683659,0.1116245165,0.0793557167
6.9870557785,0.012966441,-0.0017398874,0.0412577763,0.0188366845,0.130032286,0.0792148337
6.9969630241,0.016772287,-0.0065600257,0.0290891919,0.0261100419,0.1473393738,0.0960934162
7.0071258545,0.0117923189,-0.0183265563,0.0217814837,0.0270978101,0.1475558877,0.1205263212
7.0174298286,-0.0009144678,-0.0261991229,0.016301671,0.0475049466,0.1327433884,0.1206116751
7.0271000862,0.0013905332,-0.0437483303,-0.0086414423,0.0265743658,0.0896571651,0.1007202566
7.036842823,0.0314653963,-0.0478903465,-0.0365403518,-0.0643828437,0.0020476901,0.0620422326
7.0469141006,0.0874917656,-0.0272374433,-0.0479741916,-0.1828924417,-0.1103504896,0.0246077795
7.0569710732,0.1366329044,-0.0034940669,-0.0363745913,-0.2778282762,-0.2290795445,-0.0244881269
7.0672039986,0.1584906429,0.017595889,-0.0351053104,-0.3109023571,-0.3325662613,-0.097098954
7.077255249,0.1663974673,0.038913954,-0.0167355146,-0.2917989492,-0.4217272699,-0.1666522026
7.0873188972,0.1865708381,0.0620213188,0.0121356044,-0.2429331392,-0.4946449101,-0.2384560853
7.0989160538,0.219018057,0.0830506459,0.0417272225,-0.2047802955,-0.5560406446,-0.3283890188
7.1087961197,0.2469277233,0.0988215357,0.0808429495,-0.2136158645,-0.6041439772,-0.4459963441
7.1171979904,0.2662386298,0.1070338711,0.1295706481,-0.2544565201,-0.646264255,-0.5848676562
7.127081871,0.2722454369,0.102601096,0.1829480976,-0.2814607024,-0.6777161956,-0.7386915684
7.1369161606,0.2676642537,0.0918358266,0.2224712223,-0.2542663515,-0.6851168275,-0.878898561
7.1468667984,0.2532571554,0.0818456858,0.2354890555,-0.1901307851,-0.6587182879,-0.9747297168
7.1568641663,0.2363020629,0.0874078274,0.250423938,-0.1326809376,-0.613855958,-1.0303055048
7.1669149399,0.2207095474,0.0994531214,0.2615872324,-0.0915207118,-0.5516564846,-1.0434862375
7.1768541336,0.1958132833,0.1068951041,0.2602131069,-0.0547453947,-0.4839589596,-1.0343880653
7.1868538857,0.1762053519,0.1077939421,0.2523234785,-0.0339407772,-0.4164912403,-1.0380272865
7.1968388557,0.1814292818,0.1088037193,0.2351026982,-0.0633395463,-0.3629132509,-0.9958597422
7.207005024,0.2341098636,0.1190884411,0.2331018895,-0.1734751165,-0.3768511713,-0.901139617
7.2168669701,0.2979106307,0.1074189395,0.2693980038,-0.3611199856,-0.4374313951,-0.8156229854
7.2300868034,0.3285298944,0.0591944493,0.2987317145,-0.5902298689,-0.5018991232,-0.7725492716
7.2376842499,0.3314881921,0.0056938995,0.3337213099,-0.8245503306,-0.5646479726,-0.7741050124
7.2495961189,0.3151018322,-0.0254749116,0.3772613108,-1.055953145,-0.5827057958,-0.8014484644
7.2580580711,0.2653449774,-0.0342283659,0.3894020617,-1.2323064804,-0.528033793,-0.8728592992
7.2668938637,0.163073495,-0.0323797055,0.3741908371,-1.2600200176,-0.3718254864,-0.9545946121
7.2769927979,0.0230002273,-0.0260546636,0.313518554,-1.0667710304,-0.0981990248,-1.0043104887
7.2872920036,-0.0633328408,-0.0070063602,0.2611807287,-0.7290847898,0.2370167971,-0.9822850823
7.2968406677,-0.0405756682,0.0410191379,0.2360848635,-0.41780442,0.5064607859,-0.8780097961
7.306828022,0.0737878829,0.0986029059,0.2582516968,-0.1773276329,0.6553205848,-0.6868502498
7.3168230057,0.1925413162,0.109961316,0.2907473147,-0.0793587267,0.7264112234,-0.4621550739
7.3268589973,0.2491696328,0.0808034539,0.2839722335,-0.1601555794,0.7517853379,-0.2965301573
7.3369059563,0.2574203908,0.0129311252,0.2751817405,-0.4314588308,0.7334401608,-0.1963570863
7.3473577499,0.2425830215,-0.0653657466,0.2849262655,-0.8359717131,0.6863120794,-0.0916546509
7.3570609093,0.2073613256,-0.1265662611,0.3453191817,-1.2792320251,0.6575051546,0.0660769269
7.3671531677,0.1205268651,-0.1734216213,0.3497686088,-1.668721199,0.7260229588,0.1817052513
7.3771209717,-0.0199975204,-0.1889534593,0.3090217412,-1.8794596195,0.8925850391,0.2264547497
7.3868098259,-0.1656327695,-0.1704710871,0.2061266154,-1.8030990362,1.2043764591,0.2456273884
7.3968000412,-0.2091754526,-0.1049393788,0.0840522423,-1.5366706848,1.4871240854,0.3211624622
7.4068212509,-0.0937371701,0.0053447541,0.020120481,-1.2164500952,1.6583306789,0.5535547137
7.416779995,0.0697142631,0.1080062091,0.0319141522,-1.0412026644,1.7588920593,0.9054943919
7.4271059036,0.1532817036,0.1530840397,0.1154731885,-1.1799561977,1.8034739494,1.1199051142
7.4373488426,0.1185648292,0.0917647332,0.1609074324,-1.552273035,1.7686862946,1.138450861
7.4469871521,0.0206547547,-0.0531087182,0.1505724043,-1.9956493378,1.7060101032,1.0849848986
7.4571127892,-0.094597742,-0.1884945035,0.1066660658,-2.3987696171,1.677909255,1.0387039185
7.4670000076,-0.1830685884,-0.2484934032,0.0418470874,-2.6131596565,1.6580632925,1.036857605
7.4767489433,-0.21146366,-0.1975515932,-0.0221139994,-2.5583872795,1.7064207792,1.1427456141
7.4866838455,-0.1872993857,-0.0565655045,-0.0816853866,-2.232211113,1.8300380707,1.304262042
7.4995779991,-0.1504229903,0.0775891542,-0.1273590475,-1.7886843681,1.9777337313,1.425168395
7.5072011948,-0.1149307638,0.1683569402,-0.1617804319,-1.3670446873,2.0904116631,1.4708883762
7.5177979469,-0.0794634223,0.2128387243,-0.1762663871,-1.1680920124,2.1794073582,1.4489258528
7.5271100998,-0.0405441076,0.2243481725,-0.1646651775,-1.2266173363,2.1680214405,1.4203560352
7.5371408463,-0.0148690473,0.208454147,-0.1326279193,-1.4458414316,2.0893023014,1.4125192165
7.5467338562,-0.0125286411,0.1697876751,-0.126513198,-1.695669055,1.9822375774,1.3677052259
7.5567722321,-0.0460269488,0.1290945709,-0.1435992867,-1.8535007238,1.881633997,1.2452305555
7.5667538643,-0.0979903266,0.1046403944,-0.2028662711,-1.777982235,1.8445622921,1.091371417
7.5770769119,-0.1489446163,0.1106113791,-0.2624107301,-1.4961812496,1.8990068436,0.9537746906
7.5868587494,-0.1949088275,0.1398326159,-0.2971009314,-1.1051343679,2.0251398087,0.8506941199
7.5970001221,-0.210784927,0.1704556048,-0.2966181934,-0.7270112634,2.1462459564,0.7965254188
7.6067037582,-0.1925127655,0.1833363175,-0.2727264464,-0.4460291266,2.2457067966,0.798871398
7.6174468994,-0.1531921774,0.1674354076,-0.2512659132,-0.2766708732,2.2866463661,0.8080479503
7.6269578934,-0.1117777973,0.1253840327,-0.2552513778,-0.2116473764,2.2957448959,0.8132555485
7.6384449005,-0.0749425888,0.0797638893,-0.2694708407,-0.2283297032,2.2475192547,0.8135804534
7.648499012,-0.0386519134,0.0534690656,-0.2639125288,-0.319493711,2.16254282,0.8333181739
7.6585988998,-0.0063718394,0.0391466953,-0.2630539834,-0.4082601666,2.0517978668,0.8372853994
7.6670331955,0.0134509373,0.0173154492,-0.2638124526,-0.4820691347,1.9547265768,0.8018450737
7.6769738197,0.0128065217,0.0043464322,-0.2809788287,-0.5794977546,1.8766554594,0.7599242926
7.6869239807,0.0080640931,0.0083441157,-0.2733757794,-0.6383695602,1.7891283035,0.702101469
7.6967401505,-0.0034537448,0.0052750427,-0.2621805966,-0.6205796003,1.734064579,0.6206387877
7.7066569328,-0.0171235334,0.006633522,-0.2627395689,-0.4898647964,1.711822629,0.5261389017
7.7166481018,-0.0274650287,0.0192294735,-0.2648982704,-0.275126785,1.7192565203,0.4515753388
7.7266807556,-0.0347314626,0.0378690697,-0.2577243745,-0.0071104942,1.7367529869,0.3800944984
7.7388939857,-0.0437769741,0.0507918335,-0.2411478311,0.2244891673,1.7762571573,0.2904362679
7.747150898,-0.0459867269,0.0659838915,-0.2409789115,0.3288323581,1.8331744671,0.2273132205
7.7568349838,-0.048226729,0.0610205568,-0.2218600065,0.1769683957,1.7651348114,0.1577427983
7.766977787,-0.0231540333,0.0097037274,-0.1770109683,0.4543837607,1.6588048935,0.4716440141
7.776925087,-0.005152537,0.0181520004,-0.1469397098,0.7678853869,1.8729511499,0.3563590646
7.7867660522,-0.0732227713,0.0103149433,-0.2193474323,0.6628984809,1.8044599295,0.3165056705
7.7966198921,-0.046602115,0.0095054824,-0.1350762397,0.4452697337,1.6041091681,0.4581933022
7.8066072464,0.0094985832,-0.0549146198,-0.1246588454,0.2797649503,1.4265898466,0.5975709558
7.8167500496,0.0280271042,-0.1199384928,-0.1073877439,0.2335085124,1.1747775078,0.6906018257
7.8268241882,0.0347411186,-0.1323887408,-0.0876012072,0.2883424461,0.9719616175,0.4220313132
7.8366990089,0.0550574213,-0.0574676357,-0.4038026631,0.4174345136,0.560358882,0.1685717404
7.8465909958,0.1185346395,0.1291548014,-0.724632144,0.0581354871,0.1228172556,-0.1757419705
7.8565807343,0.1290394515,0.255823493,-0.8078793883,0.1067352518,-0.1568306535,-0.2982593477
7.8669776917,0.1118880063,0.3723239601,-0.6879936457,0.3834326267,-0.0740950108,-0.2479943186
7.876832962,0.0724032968,0.3800871968,-0.6105515361,0.4713065326,-0.0474761873,-0.0899338424
7.8869037628,-0.0111071896,0.2235822678,-0.3605127037,0.4358119369,-0.1108311936,0.158038944
7.8968696594,-0.0830888897,0.0381416418,-0.1348115355,0.3351951838,-0.0129075572,0.326395601
7.9065990448,-0.1494881958,-0.1012160182,0.0165021811,0.261945188,0.0886670053,0.2716061175
7.9165592194,-0.1662286967,-0.1838946939,0.0757114068,0.2803547084,0.1289017648,0.0854145363
7.9265537262,-0.1190487295,-0.1836864054,0.1016713753,0.2885383368,0.1895049214,0.0403953977
7.9368476868,-0.0346245319,-0.1209405661,0.0911595598,0.2390495986,0.210010469,0.1082900241
7.9467339516,0.0343713611,-0.0906342268,0.1138569489,0.1574197263,0.1232063398,0.1556551456
7.9567918777,0.065566048,-0.0984081328,0.1249404326,0.0974733084,0.0273229517,0.1212585494
7.9665641785,0.0565001816,-0.0856071115,0.0898608342,0.1500941664,0.0268944502,0.0234845914
7.9765400887,0.0338209122,-0.0420446061,0.0310676489,0.1063488275,0.0536989011,-0.0520879291
7.9866900444,0.0215522218,0.0032244942,0.0033599527,0.0914207399,0.0409940258,-0.0243729465
7.9965867996,0.0507865101,0.0265712161,-0.0265148487,0.1667240113,-0.0059713544,-0.0846757069
8.0065221786,0.0581620485,0.0491160788,-0.0503078327,0.2676671147,-0.0371119641,-0.1929081529
8.0165185928,0.0476445109,0.0731523037,-0.0844375119,0.4422578514,-0.0770868063,-0.2756360769
8.0265254974,0.0291131008,0.0690357387,-0.1295401007,0.625238061,-0.1071933135,-0.33718732
8.0367918015,0.0004517004,0.0509585179,-0.1947422773,0.7003418207,-0.1337708682,-0.3891277313
8.0467176437,-0.0090832543,0.0377163924,-0.284014672,0.6401693225,-0.2102387398,-0.4024009407
8.0569782257,0.0191065539,0.028834315,-0.3572490513,0.4788342416,-0.3153071105,-0.4186041355
8.066742897,0.070416227,0.0238358099,-0.4147711694,-0.0347230807,-0.6232556105,-0.5926054716
8.0765066147,0.1138238758,-0.0056728702,-0.4321664274,-0.7288700342,-1.0478178263,-0.741291523
8.0864877701,0.1479953676,-0.0658097267,-0.4216811359,-1.4169479609,-1.3525747061,-0.7590202093
8.0970745087,0.1445232779,-0.0999259353,-0.3939494193,-1.8597851992,-1.6317449808,-0.7558356524
8.1066761017,0.1106425077,-0.0809333324,-0.3922677934,-1.7517900467,-1.8297570944,-0.6356392503
8.1166172028,0.1151189953,0.0074636955,-0.4862726629,-1.2638144493,-1.9840131998,-0.616917491
8.1264810562,0.1382029802,0.1148792207,-0.5949175954,-0.7106730342,-2.1710364819,-0.8646905422
8.1368207932,0.1316973716,0.2080572546,-0.614998877,-0.3343416452,-2.3740143776,-1.1940439939
8.1466083527,0.1211486608,0.2936377525,-0.5782560706,-0.0949977413,-2.5844230652,-1.3925763369
8.1571865082,0.099742189,0.3128504157,-0.5132582188,0.106222719,-2.7586116791,-1.4457694292
8.1667785645,0.0649253875,0.2723189592,-0.4742231667,0.2788839936,-2.8451535702,-1.4729510546
8.1765298843,0.01837066,0.2400444448,-0.4609586895,0.3934642375,-2.8651034832,-1.5345191956
8.1864528656,-0.022981016,0.2221165895,-0.4237005413,0.5357454419,-2.8857512474,-1.5780427456
8.1967287064,-0.0364332497,0.2025319636,-0.3913405836,0.7303367853,-2.9122912884,-1.6088192463
8.2064914703,-0.0326073393,0.1783509552,-0.3815548122,0.8972687721,-2.9486985207,-1.6426962614
8.2172241211,-0.0214823168,0.154322952,-0.34090361,1.0227080584,-3.0066943169,-1.6625883579
8.2265815735,-9.90167e-05,0.124407351,-0.2753647268,1.1276736259,-3.0538873672,-1.6517317295
8.2370147705,0.0237449463,0.0898576379,-0.22824426,1.166421771,-3.0993995667,-1.6344659328
8.2467107773,0.0313566811,0.0627164543,-0.1980660707,1.1656178236,-3.1429722309,-1.6044359207
8.2567281723,0.0313403457,0.0360190012,-0.1916583329,1.1729546785,-3.1488363743,-1.547034502
8.2664031982,0.0193495173,0.0136074144,-0.1973281652,1.1641920805,-3.1472723484,-1.4811702967
8.276389122,-0.0040350691,0.002339693,-0.1750909835,1.148938179,-3.1319360733,-1.423890233
8.2864112854,-0.0293851327,0.0071840901,-0.1267327815,1.162166357,-3.0715725422,-1.3764833212
8.2964115143,-0.0469821692,0.0207048077,-0.0880586132,1.2563432455,-2.9881675243,-1.3324687481
8.3063821793,-0.051382035,0.035868708,-0.0712957606,1.4373372793,-2.8311202526,-1.2549965382
8.3163957596,-0.0352016538,0.0453335233,-0.0633865818,1.6408433914,-2.6867024899,-1.1753351688
8.3263759613,-0.0081647765,0.0472014882,-0.0292217936,1.8210015297,-2.5553674698,-1.1040700674
8.3367147446,0.0182778407,0.0397391506,0.0026715191,1.9189540148,-2.4225327969,-1.0327562094
8.3478803635,0.0381519347,0.0376558192,0.0388691202,1.9508384466,-2.3103685379,-0.944265008
8.3566827774,0.0497305244,0.0355257429,0.0793344751,1.9656774998,-2.2109713554,-0.833368659
8.3666553497,0.0503562242,0.0185851622,0.0919518843,2.0123064518,-2.0720279217,-0.7514357567
8.3766727448,0.0374789089,-0.0082612913,0.088724412,2.0209805965,-1.8784811497,-0.6241465211
8.3863382339,0.0407252759,-0.0047143009,0.1010390297,1.9218097925,-1.7076297998,-0.4286427796
8.3965759277,0.0632800013,0.0158069637,0.1524256319,1.7854766846,-1.5564063787,-0.2457378209
8.4065771103,0.0775511116,0.0078669582,0.1980767697,1.6543514729,-1.3849332333,-0.0735884309
8.4163351059,0.077646032,-0.0186439101,0.2322191447,1.5489544868,-1.2145967484,0.0677427351
8.4263324738,0.0723332614,-0.0554447807,0.2521243989,1.464961648,-1.0358767509,0.1696943939
8.4363126755,0.0749922544,-0.0799603462,0.2628179491,1.3520801067,-0.8446492553,0.2609630525
8.4461688995,0.0924707204,-0.0776495337,0.2711605728,1.2266572714,-0.6887307763,0.3588419557
8.4565792084,0.1223023087,-0.0612122379,0.2683316171,1.1217148304,-0.5540933609,0.4494078159
8.4663267136,0.155968532,-0.031452097,0.2376075834,1.0373080969,-0.4387896061,0.5103377104
8.4809350967,0.1933546811,0.0150071625,0.2307178825,0.9531549811,-0.3440183699,0.5448409915
8.4865760803,0.2289810032,0.0597804114,0.2369002551,0.8948740959,-0.2664471567,0.5443786383
8.496635437,0.250564307,0.0932333097,0.2286364287,0.8390204906,-0.2136763483,0.5164536834
8.5063276291,0.2678249478,0.1292293668,0.2185845226,0.7981942296,-0.1693751961,0.4843231738
8.5170974731,0.2847294807,0.1652843058,0.2145420164,0.8097447753,-0.1332318485,0.4500814676
8.5266094208,0.288821578,0.1910301298,0.2027066797,0.8972437382,-0.1073853225,0.393546015
8.5365867615,0.2818976939,0.2092118263,0.17631118,1.0281342268,-0.0321254581,0.3260339499
8.5527563095,0.2626523972,0.2136920691,0.1589382142,1.064994216,0.0395327471,0.2979213595
8.5575294495,0.2406896502,0.2224226743,0.1954440325,1.0476641655,0.0745708942,0.287085861
8.5665931702,0.2070484608,0.192866087,0.2136214226,1.0493783951,0.1290200204,0.2782324553
8.5765953064,0.173357591,0.1338661909,0.2037917823,1.0340509415,0.173829034,0.2822012305
8.5863008499,0.164710328,0.0864882991,0.18736808,0.9953486323,0.1951689422,0.3128992319
8.5962677002,0.1695292443,0.0433379002,0.1886737794,0.8948222399,0.1990758032,0.3607514203
8.6062726974,0.1636260003,0.0105092693,0.1869788617,0.7568942308,0.2017602772,0.4245738089
8.6162691116,0.1527302414,-0.0113119837,0.1921848506,0.5804449916,0.2169448137,0.4851550162
8.6262693405,0.157141909,-0.0152344685,0.2123372406,0.4030364156,0.2255641371,0.5287810564
8.6365709305,0.1665974706,-0.0313300677,0.2288295478,0.29509902,0.2198420763,0.5820117593
8.6469631195,0.1673143953,-0.0522994213,0.2482879609,0.228745833,0.2323360294,0.6032248735
8.6583938599,0.1483404785,-0.0660451055,0.2530633509,0.1987603754,0.2626891434,0.5552421212
8.6663913727,0.1104465574,-0.0574573912,0.2167391032,0.217678681,0.3221703172,0.494286865
8.6763563156,0.0881706923,-0.0237158295,0.1983259767,0.2544962168,0.4023056328,0.4576203227
8.6866140366,0.0912424475,0.0227240194,0.2125841826,0.334004879,0.4775545895,0.4358290136
8.6965227127,0.0967373401,0.0524484776,0.2135374993,0.4178607762,0.5463594794,0.4066403508
8.7064914703,0.111653164,0.0595625825,0.214819178,0.4741631746,0.584102869,0.3946699798
8.7165031433,0.1332867891,0.0614502095,0.2161527723,0.529744029,0.5853774548,0.3680616915
8.726518631,0.1385019273,0.0490701012,0.2017071098,0.5745937824,0.584628284,0.3648480475
8.7367782593,0.1237454861,0.0180233289,0.1508729905,0.5652592778,0.5514263511,0.3661352992
8.7467212677,0.100465104,-0.0144195836,0.1213153973,0.4685127735,0.5057433248,0.3611871302
8.7563486099,0.0569656044,-0.0431568883,0.0993269458,0.3278255463,0.4748248458,0.3721072972
8.7665872574,0.0262737144,-0.0536833666,0.0783698931,0.1816741973,0.4431534708,0.425534308
8.7764568329,0.0270409752,-0.0420336984,0.0575409308,0.0410065688,0.3975457549,0.4694876373
8.78673172,0.0533001274,-0.0215952974,0.0612972155,-0.0793520659,0.3624769747,0.4772358537
8.7962493896,0.0730566829,-0.0067803022,0.0756829157,-0.1344531327,0.3222992122,0.4530985355
8.806219101,0.0657560676,-0.0010314415,0.087849535,-0.1267600656,0.310275048,0.4149250686
8.8161935806,0.0468332618,6.48072e-05,0.0793950334,-0.0935625657,0.3186149895,0.3606678247
8.8263750076,0.0249455143,-0.0003337542,0.0620882884,-0.0678087324,0.3215937316,0.3106981218
8.8361787796,0.0018942222,-0.0082086381,0.0614545718,-0.0678573325,0.3353153765,0.2904236019
8.8464031219,-0.026188625,-0.0170705523,0.0647281185,-0.0722483546,0.3512860835,0.2871359289
8.8573074341,-0.0407995433,-0.0169164594,0.056406416,-0.0244193096,0.3751967549,0.2901346385
8.8681726456,-0.021376444,-0.0081911813,0.0287600551,0.0587642565,0.3802152276,0.301730305
8.8785257339,0.0190799106,0.02690305,0.0362440124,0.1312811971,0.3799041808,0.325055778
8.8867073059,0.0391359478,0.0564918183,0.0337661281,0.1824261397,0.3941304982,0.3174910545
8.8962192535,0.0126173366,0.0479718037,0.0086241756,0.21013394,0.4059626758,0.3003935516
8.9063825607,-0.0183485877,0.0082806218,-0.0213778224,0.1795584559,0.3649939299,0.2868694663
8.9161605835,-0.0166161191,-0.0375173353,-0.0239365902,0.0671610758,0.2743250132,0.2854124606
8.9261665344,0.0082520414,-0.0489850752,-0.0326535329,-0.0355107114,0.1760980487,0.265935719
8.9364480972,0.0433305651,-0.0140567999,-0.047661148,-0.0593882129,0.1072212458,0.2324018478
8.9462509155,0.0774722248,0.0485956706,-0.050286673,0.0018264083,0.0858011767,0.1719416976
8.956152916,0.0881462544,0.0953640491,-0.0520687923,0.0979741141,0.1030619219,0.1037707701
8.9661493301,0.0802293271,0.1038099602,-0.0391317233,0.1440372169,0.1113510057,0.0314422511
8.9761390686,0.0590385944,0.0687169507,-0.0154226031,0.1381012946,0.0797491446,-0.0342179872
8.9861354828,0.0538636893,0.0282914434,-0.0024918525,0.1599003375,0.0431791469,-0.0807412863
9.0037231445,0.0652735084,0.0130805541,0.002465287,0.2176616341,0.0349398591,-0.096664317
9.0097675323,0.0735258013,0.0295435954,-0.0054879393,0.2560990453,0.0289333649,-0.0839035138
9.0176544189,0.0601499826,0.0477636345,-0.0047950353,0.2688266933,0.0302905142,-0.0616105944
9.0271396637,0.0352610201,0.0303347353,-0.0136966314,0.265502274,0.0389513783,-0.045728568
9.0364351273,0.0104634631,-0.0013580451,-0.0283006635,0.2110217065,0.0375979617,-0.0297461394
9.0461788177,0.0032232569,-0.0181127544,-0.0398518667,0.1192363873,0.0211739801,0.0076081567
9.0560894012,0.0155676771,-0.0246678423,-0.0259301271,0.03271202,0.0123099145,0.0491586626
9.0660686493,0.0094969142,-0.0338753648,-0.0218646135,-0.0112274745,0.0239356775,0.0735489577
9.0760602951,-0.0093774926,-0.0482182465,-0.0226709452,-0.0156781487,0.0463368557,0.0723444074
9.0869998932,-0.0255923104,-0.0606804304,-0.0242999401,-0.0244580582,0.0751354843,0.0732261762
9.0963077545,-0.0225512218,-0.0606301688,-0.024784347,-0.0534099489,0.0846714601,0.0901850611
9.1060848236,-0.0067975358,-0.0478487052,-0.0262284484,-0.0416917726,0.0764569417,0.1189147085
9.1160745621,0.0062857731,-0.0360087268,-0.0444050059,-0.0427352004,0.0669744909,0.1359754503
9.1260652542,0.0216430891,-0.0300513934,-0.0714044794,-0.05302139,0.025093887,0.1224431321
9.1363697052,0.0396626145,-0.044636216,-0.0936474428,-0.1022243649,-0.0708885714,0.0667921156
9.1463661194,0.0732331723,-0.0448653586,-0.1113458499,-0.2074916661,-0.2177853286,-0.0171730891
9.1560792923,0.1213686019,0.0042666364,-0.1228297576,-0.2923046947,-0.3785739541,-0.1191224903
9.1661348343,0.1630004495,0.0581251048,-0.142777279,-0.3270261884,-0.5178613067,-0.2520563006
9.1777629852,0.1989265829,0.0978508592,-0.1398035437,-0.3135319352,-0.6708527207,-0.4072490931
9.1865119934,0.2260249704,0.1182191223,-0.0817441568,-0.2490874231,-0.7986487746,-0.5360771418
9.1991930008,0.241606608,0.1279243678,-0.049732767,-0.1463271081,-0.9174920321,-0.6522397995
9.2062988281,0.2533693314,0.1281009614,-0.0369225964,-0.0576731414,-1.0065606833,-0.773899138
9.2177696228,0.2655750811,0.1362222731,-0.0236289706,-0.0236785524,-1.0714166164,-0.8893023133
9.2262401581,0.2874819934,0.1551790684,0.0352742448,0.0079283761,-1.1126217842,-0.9867971539
9.2360258102,0.2968137562,0.1555319726,0.0841914788,0.0966960639,-1.0925214291,-1.0911022425
9.2461261749,0.2844734192,0.1277217269,0.1076107398,0.1958098561,-1.0380182266,-1.1818282604
9.2562389374,0.2586567104,0.0990538597,0.1329695433,0.282861948,-0.9660379887,-1.2184801102
9.266327858,0.2349126488,0.0711797476,0.1731502265,0.3302611411,-0.8960362673,-1.1998441219
9.2760190964,0.2084346563,0.0463632829,0.2184211463,0.3305020332,-0.8164812922,-1.1461778879
9.2860612869,0.1889557093,0.0318572707,0.2689045966,0.2805043757,-0.7402661443,-1.0627082586
9.2961950302,0.195213303,0.0184764285,0.3161043227,0.1750799417,-0.6751409173,-0.9759406447
9.30676651,0.2167833298,0.0025718084,0.3472603858,-0.0047260337,-0.6428450346,-0.9112186432
9.3191585541,0.2334971577,-0.0203773212,0.364166528,-0.2556861043,-0.6434170604,-0.8749141693
9.3272409439,0.2326085418,-0.0467908494,0.3882362545,-0.5397531986,-0.6326978803,-0.8641613722
9.3363142014,0.2224934846,-0.0540938787,0.4156853855,-0.7984617352,-0.5803211331,-0.8802588582
9.3460426331,0.2126738578,-0.0386786424,0.4280341566,-0.9346752167,-0.4980905056,-0.890258491
9.3560152054,0.1953037232,-0.0131896567,0.4056392014,-0.9069114327,-0.3769377172,-0.8719408512
9.3660202026,0.1759075969,0.0089319814,0.3759648502,-0.7801987529,-0.2207190692,-0.8422330022
9.376001358,0.155966863,0.0333086737,0.3790867031,-0.6173215508,-0.0513393655,-0.8062621355
9.3864402771,0.1328127533,0.0442056246,0.3799314797,-0.4577598274,0.129815504,-0.7650526762
9.3959598541,0.119126305,0.0414495058,0.3747005761,-0.3534485996,0.2826881409,-0.731056571
9.4098167419,0.1335932761,0.0344078131,0.3820120394,-0.3278561532,0.3955545127,-0.6797491908
9.4402780533,0.1745628566,0.0387158729,0.3782723248,-0.3908160627,0.490896225,-0.5974557996
9.4403781891,0.222598359,0.0582456328,0.3721596301,-0.5390889049,0.5696847439,-0.49906075
9.440407753,0.2544690073,0.0844859481,0.382080704,-0.7300275564,0.6344693899,-0.3750489354
9.4461660385,0.2607013881,0.1021861434,0.3796769083,-0.9284871221,0.7003711462,-0.2382892221
9.4562034607,0.2267677039,0.0999711305,0.3569855392,-1.0234156847,0.7869600654,-0.1506045163
9.466088295,0.1369365901,0.0378175415,0.2935483754,-1.0355229378,0.9401671886,-0.0974076092
9.4762172699,0.0249551106,-0.0239471775,0.2696733177,-1.1096372604,1.1161574125,-0.0740638077
9.4860191345,-0.0677575618,-0.0443715639,0.2923780382,-1.2157818079,1.2898315191,-0.0421817675
9.4985713959,-0.120048061,-0.0481472127,0.2817027867,-1.2656191587,1.4677731991,0.0629386604
9.5059480667,-0.1085250527,-0.042662818,0.2621569335,-1.2982599735,1.6099820137,0.2235227376
9.5158929825,-0.0441156179,-0.0301393997,0.2293150276,-1.3195078373,1.6405903101,0.4475041926
9.5257987976,0.0341786295,-0.0188462045,0.1736744493,-1.3626693487,1.6017401218,0.6931986213
9.5361824036,0.0778079182,-0.0202657301,0.11139182,-1.5271084309,1.5556584597,0.8274716139
9.5458221436,0.0551782995,-0.0289974455,0.076417245,-1.7223782539,1.5320212841,0.8649449348
9.555768013,-0.0036244823,-0.0465047844,0.0279766116,-1.8443967104,1.5518271923,0.9169601202
9.5658245087,-0.0349051803,-0.0610463582,-0.0167962518,-1.9465777874,1.616869092,0.9909771085
9.5757455826,-0.0354746729,-0.0343883969,-0.0170141067,-2.0573205948,1.6787667274,1.0798932314
9.5857849121,-0.050158605,0.0225068312,-0.0043547358,-2.0830674171,1.7800060511,1.1929305792
9.5960922241,-0.0874219984,0.0668870658,-0.0303360429,-1.9134362936,1.8930979967,1.2653844357
9.6058149338,-0.1197637171,0.0579293333,-0.0962985381,-1.6166964769,2.0383119583,1.2291766405
9.6158351898,-0.1457883269,0.0260559712,-0.1397001892,-1.3291090727,2.1592581272,1.1134543419
9.6259002686,-0.1408050507,0.0354403593,-0.191040948,-1.0774456263,2.1984398365,1.0928391218
9.6358394623,-0.0866570473,0.078648448,-0.2414973527,-0.9237089157,2.1765375137,1.1417416334
9.6458396912,-0.0371636003,0.1041975915,-0.2690516412,-0.948825717,2.1039195061,1.1719770432
9.6560440063,-0.0203405153,0.1170285195,-0.2664277256,-1.1414660215,2.023581028,1.2013183832
9.6658821106,-0.0204957109,0.1207916737,-0.245484367,-1.4311209917,1.9275411367,1.23189044
9.6757802963,-0.0393364877,0.10719648,-0.2278023511,-1.6920194626,1.8423469067,1.2549358606
9.6857795715,-0.072143279,0.0848193169,-0.2367404252,-1.8271024227,1.7846287489,1.252217412
9.6959590912,-0.0998196676,0.0690461099,-0.256267637,-1.7968972921,1.7505633831,1.2407296896
9.7056932449,-0.1167410836,0.0626883805,-0.2859021723,-1.5748859644,1.7658933401,1.2075411081
9.7161207199,-0.1476805806,0.0562096871,-0.3038574755,-1.2814649343,1.8123797178,1.128418088
9.7262020111,-0.1965102255,0.0461677052,-0.3050221503,-0.9506037235,1.8558044434,1.0322902203
9.7359018326,-0.2327056229,0.0268324036,-0.3124615848,-0.6548924446,1.8945804834,0.9245314598
9.745844841,-0.2320156842,0.0227771122,-0.3155748546,-0.5075157881,1.9227098227,0.8307557106
9.7557497025,-0.1937278956,0.0360112227,-0.2853659689,-0.4351072609,1.9404594898,0.8412148952
9.765745163,-0.1429298371,0.0411087312,-0.2602314055,-0.429081589,1.9519568682,0.9303770065
9.7756900787,-0.1010315418,0.0442249812,-0.2493117005,-0.4740787446,1.9593653679,0.9622308612
9.7857608795,-0.0865288973,0.0484063663,-0.2569310367,-0.5970481038,1.9924522638,0.942979157
9.7957296371,-0.0765059441,0.084877491,-0.231434837,-0.7177448273,2.0231029987,0.8865570426
9.8057355881,-0.0585473329,0.1071259975,-0.2006945163,-0.7559981942,2.0244452953,0.828143537
9.8157052994,-0.0329074562,0.0858659744,-0.2041968256,-0.6286453605,2.0036432743,0.7803830504
9.8257846832,-0.0181856286,0.0203960557,-0.2035214454,-0.4211660028,1.9790884256,0.7209035158
9.8357944489,-0.0272061359,-0.0500453971,-0.1870190054,-0.2112658918,1.9203393459,0.6605827808
9.8456954956,-0.0472230464,-0.1041908562,-0.1517763883,-0.0620505735,1.8575718403,0.5599583983
9.8558797836,-0.0750339776,-0.126668781,-0.1489079148,-0.036619518,1.7906197309,0.4562573135
9.8658151627,-0.0883568376,-0.1019546092,-0.1874612123,-0.1372609138,1.724054575,0.387703836
9.8759040833,-0.0717628151,-0.0518619679,-0.2263952047,-0.282779634,1.639488101,0.379855901
9.8859128952,-0.0476468056,-0.0171511751,-0.2480117828,-0.3721593022,1.5753139257,0.4557642341
9.8960323334,-0.0182670187,0.0027104041,-0.2610229552,-0.4392331243,1.5157833099,0.5550013781
9.9062261581,0.0023998485,0.0309923608,-0.2373748571,-0.5918139219,1.5175915956,0.5295987725
9.9164190292,0.0225208569,0.0563430525,-0.1968349963,-0.4086669683,1.1436723471,0.6338812709
9.9270582199,0.0597669631,0.0700689554,-0.1521431953,0.0009956351,1.4604580402,0.5603606701
9.9357786179,-0.0161963236,0.0767890811,-0.1951328069,0.3294910789,1.5504851341,0.4171903431
9.9457206726,-0.0379644781,0.0828721821,-0.1304069906,0.4278935492,1.3004126549,0.3326895535
9.9560546875,0.0239497889,0.0353052951,-0.1281352788,0.3400172293,0.9879387021,0.2434086949
9.9660673141,0.0706489235,0.0472568311,-0.2543742359,0.2524392009,0.6391311884,0.1554285139
9.9757242203,0.1172076017,0.1081705391,-0.4181523621,0.0608665571,0.3607834578,0.026693169
9.9857282639,0.1283315867,0.1892629266,-0.5513443351,-0.1018368751,0.0605685227,-0.0604872741
9.9958515167,0.0847124606,0.1916001439,-0.5207266212,-0.1527433246,-0.1160334051,-0.0423070751
10.0058460236,0.0148854721,0.1577591598,-0.4886927903,-0.1463160515,-0.1599649191,0.0642124489
10.01612854,-0.0741711408,0.0933263302,-0.3981865346,-0.1696397513,-0.1054742411,0.2083624303
10.0259914398,-0.1265303344,-0.0102385562,-0.2877085507,-0.1410211474,-0.1162286177,0.2997778356
10.0358581543,-0.1423920542,-0.0863375068,-0.1348737031,-0.0664186925,-0.0944335759,0.2815254629
10.0462007523,-0.132436797,-0.082030654,-0.0632964,0.0226816237,-0.01070539,0.2426742017
10.0559101105,-0.0910189897,-0.0262903851,-0.0445514545,0.1085215658,0.0658288002,0.239991203
10.0666465759,-0.0370884687,-0.0011824648,-0.01871421,0.1544501781,0.0702866688,0.2197447866
10.07584095,-0.0100621115,-0.0168989282,0.0346528664,0.1953270435,0.054088518,0.1635150611
10.0865850449,-0.0081877839,-0.0271348339,0.0721894279,0.1964548826,0.0685790479,0.1071135774
10.0956420898,-0.0112817418,-0.0190868657,0.08507929,0.2185918689,0.1175852045,0.0685355514
10.105556488,-0.007832719,-0.0130119305,0.0860994235,0.2140067071,0.1633444279,0.0491189808
10.1159982681,0.0109797884,-0.002141712,0.0909714475,0.1989815533,0.1801721603,0.0298940204
10.1258335114,0.0347221643,0.0036006889,0.087972261,0.1735062897,0.1775105894,-0.0083170142
10.1355009079,0.0539781004,0.0088029224,0.0810485259,0.135525614,0.1384020746,-0.0473443083
10.1456241608,0.057011351,0.0075911898,0.083799161,0.1027647406,0.1142810211,-0.0885982662
10.1557426453,0.0419826955,-0.0010800938,0.0649733916,0.0902153924,0.0988618508,-0.1309872717
10.1656599045,0.0193219949,-0.0022074857,0.0382599011,0.1031895131,0.0912081897,-0.1628184319
10.1756238937,-0.0004330411,0.0055334289,0.0135281477,0.1320001185,0.1008669436,-0.1841482371
10.1859102249,-0.0143459272,0.0126318354,-0.0091203656,0.1929026246,0.0980407968,-0.1947963536
10.1961364746,-0.0183960628,0.0133318026,-0.0402782783,0.233575359,0.0834235027,-0.1904778928
10.2057542801,-0.0145509075,0.0152746458,-0.0781195983,0.2486531138,0.0622732118,-0.1776025742
10.2171268463,-0.0035990013,0.010549577,-0.1205997691,0.2543486655,0.0122252265,-0.1613486409
10.2260150909,0.0106374193,0.007935347,-0.1598938257,0.2536967397,-0.0432481505,-0.1482397765
