0.0000000000,-0.0131888781,0.0158435535,0.0012729993,0.0702882931,0.0510669984,0.0424004644
0.0097249746,-0.0181900058,0.0211086404,-0.0036844381,0.0317917652,0.055497434,0.0242105406
0.0198270082,-0.0211438928,0.0026336135,0.0016320577,-0.0105940429,0.0484832004,0.0190615859
0.0295300484,-0.0093642268,-0.0236573685,-0.0022353302,-0.0397016853,0.0337226316,0.0344700031
0.0397729874,-0.0003457459,-0.0284240711,-0.0018563041,-0.0429298766,0.0193434246,0.0534242541
0.0518859625,0.0002900568,-0.0238342155,0.001568996,-0.0248520747,0.0165942423,0.0619455688
0.0614050627,-0.0033541115,-0.0146981357,0.0041469564,-0.0009045745,0.0134415934,0.057210803
0.0701969862,-0.0044486914,-0.0133003173,0.0059929718,0.0155484341,0.0074148602,0.0474242195
0.0796010494,-0.0012261661,-0.0165675748,0.0024749865,0.009422631,-0.0067781908,0.0355266146
0.0901780128,0.0042126384,-0.024313407,0.0021293988,0.0164424572,-0.016195396,0.0097655896
0.0995910168,0.0023174493,-0.0275261272,-0.0044154297,0.010949865,-0.026874138,-0.0003157072
0.1087989807,0.0026964752,-0.0202329326,-0.006618775,0.0058749458,-0.0359408669,-0.020569846
0.1189180613,0.0028105585,-0.0197317768,-0.004979528,-0.0073272311,-0.0463234708,-0.0305452812
0.1286879778,0.0051073637,-0.0201156009,-0.0048752795,-0.0143758208,-0.0499237962,-0.0360684134
0.1385300159,0.0078756418,-0.0121331988,-0.0077763568,-0.0147428922,-0.0595218278,-0.036947187
0.1484880447,0.0083025899,-0.0047044931,-0.0059128175,-0.0221387558,-0.0620297268,-0.0322898515
0.1584260464,0.0060329046,0.0052506449,-0.0051353346,-0.0259756595,-0.0518308841,-0.0302722752
0.1685810089,0.0034164994,0.0274658035,-0.00569234,-0.0187116228,-0.0424421765,-0.0275704972
0.1782710552,0.0051145162,0.0347849242,0.0003411999,-0.003927174,-0.0333581381,-0.0254925322
0.188215971,0.012104651,0.0327316336,0.0047071804,0.0140909748,-0.0281386077,-0.0155315101
0.19807899,0.0182041731,0.0315986685,0.0089221234,0.027895648,-0.0137633961,-0.0046832915
0.2080570459,0.0147845354,0.0322815292,0.0075128903,0.0429504998,0.0039871056,0.0021961862
0.2180060148,0.0045770612,0.0329924934,0.0050034751,0.0562016778,0.0227629226,0.0058346302
0.2279000282,-0.0011002811,0.0309896003,0.0033299555,0.0664620399,0.030354796,0.0107034212
0.2378799915,-0.0044844542,0.0214886498,0.0063343872,0.0671099871,0.0263800286,0.0131863533
0.2478209734,-0.0038195045,0.0133541944,0.0086692804,0.0683771223,-0.0237379987,-0.0413194969
0.2576919794,0.0316317901,0.0047567012,0.0167610869,0.0985668004,-0.423158884,-0.0749335885
0.2676210403,0.2319806963,0.0381602757,0.0647424087,0.065343596,-0.3424126506,-0.0598547682
0.2774989605,0.1620717794,0.0349656455,0.0580614433,0.031150654,-0.0813669413,0.035820324
0.2874310017,-0.0020320804,0.0027918639,0.0131572718,0.0278872158,0.0222939402,0.0072446074
0.2977030277,-0.0217389856,-0.0102002202,0.0083421106,0.0344180837,0.0040004211,0.0203630067
0.3073420525,-0.0162223373,-0.0091529964,0.0138300294,0.0507925302,-0.0050990675,0.016420994
0.3172450066,-0.0134219322,-0.0119015155,0.0076692929,0.0671534836,-0.009926579,0.0143247871
0.3274550438,-0.0172563586,-0.0119506596,0.0051850905,0.0785166621,-0.0190806631,0.0100248475
0.3374620676,-0.0151355658,-0.0133409677,0.0025195708,0.075018771,-0.0273598991,0.0038208144
0.347200036,-0.0165501032,-0.0242099036,0.0017462602,0.0576339252,-0.0317927301,-0.0003779253
0.3571480513,-0.0142385159,-0.0345610864,0.0027622213,0.0432683937,-0.0373342372,-0.0034141953
0.3670450449,-0.0088193212,-0.0380599089,6.529e-05,0.0226627141,-0.0397686325,-0.0054432582
0.377045989,-0.0064475331,-0.0368447788,-0.0005584726,0.0085866656,-0.0432435237,-0.0115043791
0.3868620396,-0.0024711879,-0.0364776738,-0.0056515704,-0.010066648,-0.0457551517,-0.0168839637
0.3968839645,0.0004917589,-0.0333599634,-0.0064091454,-0.0264172144,-0.0514931977,-0.023062665
0.4067809582,0.0040603485,-0.0312592573,-0.0032164226,-0.0393063799,-0.0576320514,-0.036569152
0.4166630507,0.0056081023,-0.0268864203,-0.0047514807,-0.0412336215,-0.0634891465,-0.0483171195
0.4265930653,0.006712934,-0.0137590347,-0.0039758454,-0.0277769342,-0.0621064268,-0.0610291846
0.4365249872,0.0060224738,-0.0002734539,-0.002400435,-0.007215112,-0.0583260693,-0.0730557591
0.4464659691,0.0054493751,0.0102637829,0.0008532634,0.0160151087,-0.0539507605,-0.0856197476
0.4563670158,0.0061992612,0.0162078869,0.0004584423,0.0263831504,-0.0428863913,-0.0848040283
0.466299057,0.0061710086,0.0172667038,0.0112861628,0.0437256545,-0.0405803621,-0.0911040008
0.4762090445,0.0080941524,0.0139680328,0.0119017595,0.0557872914,-0.0473975204,-0.0923985615
0.486142993,0.0101385321,0.0234621894,0.0109030837,0.0764805824,-0.045943968,-0.0934478492
0.4961000681,0.0023653118,0.0314653032,0.0115129584,0.1077072993,-0.0443854854,-0.0878956243
0.5062420368,0.0012625066,0.0391714089,0.0053589572,0.1452930272,-0.0517525896,-0.0758400261
0.5159239769,0.0022735207,0.0461432151,-0.0054341326,0.1628642976,-0.0599442087,-0.0545889661
0.525873065,0.0029505698,0.0515281968,-0.016758956,0.183942154,-0.0811525509,-0.049285017
0.5357890129,2.12995e-05,0.0426692776,-0.0285621658,0.2011521161,-0.0871300176,-0.0398234352
0.545740962,-0.0015131625,0.0409272723,-0.0382526889,0.2182661295,-0.087737225,-0.0393651053
0.5556900501,-0.000341514,0.0407629721,-0.0485948697,0.2259178311,-0.0743559077,-0.0418368541
0.5655469894,0.0053276028,0.0402148776,-0.0611999407,0.2205944359,-0.0800726488,-0.0698900595
0.5755000114,0.0136702862,0.0288796257,-0.0790470615,0.2194569111,-0.0943503827,-0.127901867
0.5856200457,0.0178498235,0.0286076795,-0.0976234451,0.2410586178,-0.1088901833,-0.209791407
0.5953580141,0.0146382656,0.0409841351,-0.1101769581,0.2862744629,-0.1100182906,-0.2872738242
0.6052650213,-0.0005119833,0.0579928271,-0.1207096353,0.3625687063,-0.0746757463,-0.3532941341
0.6151729822,-0.0223608408,0.0703535229,-0.1216883436,0.4605876803,-0.0096821012,-0.3979172111
0.6251050234,-0.0405695811,0.0815216154,-0.1142627373,0.579076767,0.056201309,-0.4384103119
0.6350550652,-0.0516254082,0.0919340402,-0.1106735244,0.7222243547,0.1086554602,-0.4708420336
0.6449520588,-0.0579920188,0.102821514,-0.1131661907,0.8865009546,0.1643927544,-0.4885792136
0.6548930407,-0.0620785132,0.1175955385,-0.1117979661,1.1502578259,0.1975704134,-0.5162723064
0.6648349762,-0.0540525094,0.1622195095,-0.1239490286,1.3757580519,0.2242560834,-0.4379726946
0.6747419834,-0.0384464636,0.1529171914,-0.1238584891,1.4955096245,0.2738438845,-0.4667601585
0.6846569777,-0.0748380199,0.1202851981,-0.1134401932,1.5585879087,0.3609393537,-0.4750955999
0.6946960688,-0.08781562,0.110289529,-0.1162383929,1.5086368322,0.3885209262,-0.4401727915
0.7045099735,-0.0768371001,0.0929018259,-0.1042044535,1.4141494036,0.4208855331,-0.4024131596
0.7144130468,-0.0688438788,0.0699203014,-0.104356803,1.2739778757,0.4313136637,-0.3601903319
0.7244080305,-0.0680594817,0.051063519,-0.0964518562,1.0909621716,0.4392706454,-0.3101626039
0.7342580557,-0.0716302767,0.0382921956,-0.0835132971,0.8808653951,0.452455461,-0.2361698747
0.744204998,-0.0781463757,0.0264821481,-0.0704127923,0.6594118476,0.4806492627,-0.1305044293
0.7543799877,-0.0833725706,0.017286567,-0.0588983074,0.4200336933,0.5072215199,-0.012705165
0.7640470266,-0.0832236782,0.0109526338,-0.0443680063,0.1919901371,0.5384771824,0.0939240754
0.7740410566,-0.0818930045,0.0005002739,-0.0293566361,-0.0024085497,0.5725509524,0.2012095153
0.7838959694,-0.076994516,0.0042738738,-0.0119189387,-0.1399962306,0.6130879521,0.29724738
0.7938270569,-0.0667448416,0.0120269926,0.0101307267,-0.2102825642,0.6418666244,0.3934644461
0.8037930727,-0.0536868945,0.031837713,0.0268883929,-0.2362987101,0.6811820865,0.4505085349
0.8136770725,-0.0409003273,0.0287442636,0.0457662567,-0.2202118933,0.7112025619,0.4821576178
0.8234590292,-0.0255899224,0.0182750355,0.061831139,-0.1795819104,0.7419170737,0.5006673336
0.8350349665,-0.016129652,0.0045065852,0.0775581226,-0.1324180365,0.7679454684,0.5034250617
0.8436360359,-0.004517952,-0.0157035459,0.0903957114,-0.1068189368,0.7942221165,0.4967341423
0.8533960581,0.0032020418,-0.0373436995,0.100070022,-0.0913255513,0.8045847416,0.4778180718
0.8635829687,0.0087043252,-0.0584691651,0.1128797159,-0.0890440196,0.8009340763,0.452884227
0.8732110262,0.014715096,-0.0699873716,0.1197427139,-0.0855180025,0.7782775164,0.4237420261
0.8831670284,0.0208280887,-0.0709080547,0.1291158497,-0.0728093907,0.7421690226,0.3928925097
0.8931200504,0.0283836331,-0.0692987591,0.1423365772,-0.044407934,0.6935215592,0.3578445017
0.9032679796,0.0323655829,-0.0660650283,0.150092572,-0.0060520205,0.6346561313,0.3236644268
0.9129710197,0.0316003785,-0.063227132,0.1585716903,0.0454757959,0.5783755779,0.2936754227
0.9231289625,0.0334377512,-0.0605042763,0.1679261625,0.1046203375,0.5175889134,0.2762405276
0.9327939749,0.0376489982,-0.0603171773,0.1779079139,0.1685682535,0.4424587488,0.2563520074
0.9427740574,0.0409783944,-0.0577721186,0.1804907024,0.2359060198,0.3577907383,0.2268460393
0.9527460337,0.0428827032,-0.0577578433,0.167689532,0.309550494,0.2546033263,0.1880364269
0.9629110098,0.0418929681,-0.055252064,0.1503792703,0.3762043417,0.1457775235,0.1445544511
0.9725489616,0.0353484377,-0.0495859571,0.1290001571,0.4306787848,0.0447017774,0.0979499444
0.9824930429,0.0247392263,-0.0443797596,0.1051962599,0.4764201641,-0.0513896011,0.044084847
0.9924399853,0.0073888507,-0.0414070077,0.0759820566,0.5183734894,-0.1182160378,-0.0109426193
1.0024820566,-0.0018827113,-0.0429422446,0.0450575575,0.5333521962,-0.1725330651,-0.0641765445
1.0121929646,-0.0070226584,-0.0439415164,0.0123321647,0.5401496291,-0.1744500101,-0.1132733822
1.0221329927,-0.0164269004,-0.0481990166,-0.0202511922,0.5480722189,-0.1450476497,-0.1472880691
1.0319820642,-0.0277203713,-0.055679787,-0.0409074202,0.557117939,-0.0774808601,-0.1601495892
1.0419750214,-0.0312641039,-0.0665114969,-0.0414004698,0.5577248931,0.0242052916,-0.1554246098
1.0518890619,-0.0345182195,-0.0776471496,-0.0365808383,0.5501717329,0.148265183,-0.1351144314
1.061899066,-0.0308690462,-0.0872813463,-0.0291248932,0.5158398747,0.2691825628,-0.0984245986
1.0717630386,-0.0305306111,-0.0895752013,-0.0217477456,0.4556847215,0.3780733645,-0.0520424843
1.0817229748,-0.0332147256,-0.087615326,-0.0208008662,0.3713040352,0.4675164223,0.0037563327
1.0916080475,-0.0341518298,-0.0837614238,-0.0195440426,0.2823524475,0.5357492566,0.0636145398
1.101583004,-0.0343596116,-0.0736295134,-0.023640193,0.1825440824,0.5821311474,0.1153645515
1.1114640236,-0.0361405388,-0.0533685572,-0.0339406505,0.0933143348,0.5802464485,0.1508402228
1.1213940382,-0.0360245481,-0.0378628261,-0.045809485,0.0112460982,0.5451257229,0.1750185341
1.1313199997,-0.0292161498,-0.025137024,-0.0587604418,-0.0517763644,0.493290484,0.1864899546
1.1412290335,-0.0229499135,-0.0019569574,-0.071374692,-0.0911836922,0.4251284897,0.1915856451
1.1511740685,-0.0187127981,0.0187181067,-0.0777038708,-0.1142321974,0.3532577753,0.1890703738
1.1610800028,-0.0173344407,0.0382492952,-0.0814823285,-0.1202240437,0.2865333259,0.1722197533
1.1711850166,-0.0192855988,0.0484515987,-0.091490604,-0.1266053319,0.231806159,0.1489247382
1.1810400486,-0.0200284515,0.0565998368,-0.0890568867,-0.1241496354,0.1896312684,0.123422578
1.1908639669,-0.0219717417,0.0576197766,-0.0885097757,-0.1074208915,0.1732656211,0.0942571759
1.2008529902,-0.027496079,0.0523932092,-0.0878976956,-0.0854455531,0.1834058762,0.0791421384
1.2110110521,-0.0328522697,0.0496352725,-0.0840846673,-0.071346961,0.1978652328,0.0701572299
1.2206350565,-0.0370639339,0.0454088263,-0.0714860335,-0.049682945,0.2233066708,0.0730504841
1.2305439711,-0.0382581726,0.0377242379,-0.0605357662,-0.0197843444,0.2682003975,0.081643641
1.2405560017,-0.0392368212,0.0334388427,-0.0502888337,0.0144300852,0.3206095397,0.1087391749
1.2505940199,-0.036647357,0.0330875777,-0.0372882858,0.0451619849,0.3812606037,0.1389980167
1.2603529692,-0.0340033546,0.0308688711,-0.0251357928,0.0566335507,0.4403590858,0.1700179875
1.2702419758,-0.0280102286,0.0271136146,-0.0208520666,0.0577976219,0.4840370715,0.1948179603
1.2802220583,-0.0254621897,0.0263635349,-0.0178679004,0.0482358076,0.5126348734,0.2171349823
1.2900660038,-0.0248922501,0.0299472641,-0.0213871971,0.038403064,0.5259083509,0.2340952307
1.3000910282,-0.0263888035,0.032549005,-0.0217415467,0.0286231339,0.5220694542,0.24064821
1.3099540472,-0.0260492358,0.0379780941,-0.0300850645,0.0255660936,0.5057077408,0.2420430332
1.3198419809,-0.022099534,0.0408329479,-0.0311386958,0.0263173711,0.4774830341,0.2316287458
1.329777956,-0.0251786504,0.0415950827,-0.0358370319,0.0360599235,0.4502412677,0.2191722095
1.339779973,-0.0314307585,0.0432744734,-0.0415465608,0.0535616875,0.4322276413,0.2095576674
1.3496470451,-0.037919201,0.0462395363,-0.0409545079,0.078145057,0.4190468788,0.207964018
1.3596509695,-0.0401937738,0.0451395325,-0.0418512002,0.1006865874,0.4152047336,0.2039445192
1.3695009947,-0.0401956812,0.0430602841,-0.0418919697,0.1200637445,0.4114555418,0.1997751445
1.3794419765,-0.0399604216,0.0340930037,-0.0446365252,0.1282692105,0.4178207517,0.199370876
1.3893710375,-0.0400339141,0.0266074967,-0.0489573851,0.1369317621,0.4288023114,0.208299458
1.3992800713,-0.0393726602,0.0189268719,-0.0517006889,0.1613745242,0.453986764,0.2177483439
1.4092509747,-0.0370828286,0.012015623,-0.0571824685,0.1861068606,0.476765573,0.2330798656
1.4193249941,-0.0340301767,0.0091234865,-0.0611768737,0.2068685889,0.5036088824,0.2389888763
1.4291690588,-0.0318050161,0.0075131776,-0.0619268194,0.2161503285,0.5305312872,0.2356576771
1.4390699863,-0.0318042412,0.0025858106,-0.0629552379,0.2236399353,0.5600713491,0.221342653
1.4490070343,-0.0313969031,-0.0025999425,-0.0581328049,0.2164354622,0.5845008492,0.2060219198
1.4589470625,-0.0362046137,-0.001809555,-0.0508104935,0.2100476176,0.6103281975,0.1793588847
1.468832016,-0.0435843244,0.0015259209,-0.041659452,0.2044197172,0.6367869377,0.1579362154
1.4787740707,-0.0513532534,0.0127663733,-0.0356984511,0.2046556771,0.6595934629,0.1456561089
1.4887679815,-0.059037067,0.0272838306,-0.0391252413,0.2184378058,0.6751622558,0.1410980821
1.4988549948,-0.0633086339,0.0411592834,-0.0370828286,0.2380141765,0.6822143197,0.1491059363
1.5085740089,-0.0638953224,0.0498288684,-0.0355919972,0.2525030077,0.6783891916,0.167591542
1.5184869766,-0.0587021485,0.0572086982,-0.0285151377,0.2803628743,0.662974596,0.1886006892
1.5284210443,-0.0528043881,0.0612748675,-0.0214832202,0.3051457405,0.6440147161,0.217622593
1.538326025,-0.0452406183,0.0663330704,-0.0154108172,0.3105793595,0.6294911504,0.2453679293
1.5482419729,-0.0436462536,0.0627385527,-0.0082229143,0.3111370504,0.6232892275,0.2767284214
1.5581890345,-0.0415841118,0.0567726307,-0.0049152742,0.3006795943,0.6191235185,0.3133260906
1.568114996,-0.0397247449,0.0491353683,-0.007352985,0.2781316936,0.6228522062,0.346346736
1.5781270266,-0.0398931876,0.0394369774,-0.0075137983,0.2532705367,0.6303716302,0.3747837245
1.5879750252,-0.038458325,0.0287450384,-0.0063512097,0.2249405384,0.6547523737,0.4006633162
1.5980910063,-0.0377235785,0.0186016988,-0.0090434914,0.1991571486,0.6723489761,0.4171858132
1.6078339815,-0.0404635444,0.0095632495,-0.0037160884,0.1744002253,0.6900344491,0.4154500961
1.6178280115,-0.0443892851,-0.0009710667,-0.006211556,0.1678397954,0.7078843117,0.4027465582
1.6276400089,-0.0510436669,-0.0038495837,-0.0118701821,0.1759274602,0.7225910425,0.3791405559
1.6377630234,-0.055436112,0.001039249,-0.0180721655,0.1992141306,0.7430390716,0.3607490361
1.6477299929,-0.059820272,0.0095563354,-0.0215959921,0.2322349399,0.7616561651,0.3440970778
1.6576030254,-0.0592654124,0.01454587,-0.016553916,0.2611600757,0.7779648304,0.3313352168
1.6673550606,-0.058869876,0.0089715542,-0.0039171348,0.3033989668,0.7855988145,0.3195421994
1.6771349907,-0.0538958088,0.0030798437,0.0113820666,0.3327906728,0.7860206366,0.3169181943
1.6871019602,-0.0457778946,0.0032414021,0.024903737,0.3573227227,0.7792375684,0.3182164133
1.6971839666,-0.0398412123,0.0026219608,0.0410632715,0.3697828352,0.7626319528,0.328181684
1.7072629929,-0.0347817317,0.0023841681,0.050317727,0.369445622,0.7426933646,0.341675818
1.7170180082,-0.0293670092,0.0007189336,0.0568720922,0.3508908451,0.7241782546,0.3592745364
1.7270109653,-0.0219435487,0.001649541,0.0635801777,0.3318369091,0.6990947723,0.3777323365
1.7368769646,-0.0171862636,-0.0024670837,0.0699945912,0.3104684949,0.6725161672,0.3889264166
1.747033,-0.0128976498,-0.0070784567,0.0713629946,0.2871091068,0.6530857086,0.3998393118
1.756716013,-0.007725874,-0.0099319993,0.0707509741,0.2637206912,0.6400615573,0.4013493061
1.7666120529,-0.0049389396,-0.0152357398,0.0689777955,0.251401782,0.6247035861,0.3935129344
1.7767059803,-0.0045665894,-0.0206985045,0.0643672571,0.239430353,0.6295476556,0.3792314529
1.7866380215,-0.0045787487,-0.0262420643,0.0555313453,0.2226972729,0.623339057,0.3646308184
1.7965099812,-0.0035334022,-0.031672705,0.0502554998,0.2162002325,0.6150920391,0.3415540159
1.8063470125,-0.0052057002,-0.0315301009,0.0398867354,0.2270173579,0.608069241,0.3163493276
1.8163330555,-0.0105907712,-0.0303231049,0.0257018432,0.2494670004,0.602191627,0.295021385
1.8261920214,-0.0129580591,-0.0219144989,0.0085650319,0.2713085711,0.5933697224,0.2772652209
1.8364009857,-0.0186631475,-0.0133820353,-0.0047389041,0.29465276,0.5913161635,0.260204494
1.8460409641,-0.0270685945,-0.0102765737,-0.0163336173,0.3160125613,0.5964610577,0.2540378571
1.8559629917,-0.0337671712,-0.0098633049,-0.0198641792,0.3311233521,0.6022877693,0.2542048097
1.8659000397,-0.0369238332,-0.0066197691,-0.0209445134,0.3300675154,0.6206543446,0.2666467428
1.8758920431,-0.0372536257,-0.0039835749,-0.0185249224,0.3302280903,0.6318140626,0.286508888
1.8857190609,-0.0362063423,-0.0042379079,-0.0071524153,0.3203853071,0.6540865898,0.3103263676
1.8957550526,-0.0336738005,-0.0047898469,0.003056251,0.3049347103,0.6741952896,0.337646395
1.9056149721,-0.0308498535,-0.0034205792,0.0128567452,0.2953196466,0.6912674904,0.3652530313
1.9157600403,-0.0243396256,0.0004376891,0.0226127133,0.2950565219,0.7025510669,0.3860763013
1.9254510403,-0.0157509539,0.0031646611,0.0283932313,0.2888621688,0.7048730254,0.3945226073
1.9354339838,-0.0099272225,0.0042656185,0.0296764001,0.2911996245,0.7029497027,0.3971506059
1.9453320503,-0.0068371985,0.0002329918,0.0306570753,0.2906755209,0.6934073567,0.3906382918
1.9552830458,-0.0011424812,-0.0064862547,0.0290638432,0.2882150114,0.6811559796,0.375990659
1.9652420282,-0.0010717603,-0.0153663633,0.028137587,0.290976882,0.6630166769,0.3480631411
1.9752130508,-0.0020845623,-0.0242101569,0.0252253041,0.275357455,0.6480515599,0.3260020614
1.985337019,-0.0017573031,-0.0267992783,0.0198154673,0.2695939541,0.6311133504,0.3034927249
1.9949899912,-0.0036246569,-0.0318075903,0.0167432651,0.2692061961,0.6153423786,0.2847360671
2.0049300194,-0.0082836244,-0.0298538078,0.0099435681,0.279997766,0.6074247956,0.2591853738
2.0146951675,-0.0179632697,-0.0283342022,-0.0016014943,0.2902232409,0.6065131426,0.2456767559
2.0246829987,-0.0251309965,-0.0251153279,-0.0089304214,0.2999124229,0.6036311388,0.2441591173
2.0346550941,-0.030255029,-0.0257935245,-0.017357327,0.3062044084,0.6184859276,0.2534516752
2.044631958,-0.0342224911,-0.0248461086,-0.0316920653,0.3019699752,0.6388500929,0.2705668807
2.0546820164,-0.0328868404,-0.0213539768,-0.0372100845,0.2901564538,0.6530029178,0.2820826471
2.06448102,-0.0323600844,-0.0218777824,-0.0364054218,0.2713289857,0.6692788005,0.2897285819
2.0743989944,-0.0303366873,-0.0255881865,-0.0357243195,0.2479440272,0.6781407595,0.2908228934
2.0843150616,-0.0296992753,-0.026508661,-0.0321576968,0.2268973291,0.6899705529,0.29061234
2.0941970348,-0.0238713119,-0.0227957834,-0.0278493538,0.2135346532,0.7013526559,0.2894354761
2.1041851044,-0.01838989,-0.0185668934,-0.024099268,0.2111912519,0.7153613567,0.2837787569
2.1140520573,-0.0154666696,-0.0127611784,-0.0189057365,0.2192579657,0.7204496264,0.2763272226
2.1240301132,-0.0132533107,-0.0074918,-0.0112351542,0.239653796,0.7133938074,0.26160869
2.133895874,-0.0105484519,0.0005667629,-0.0144614941,0.2607902288,0.7121567726,0.2447412908
2.143830061,-0.0136591587,0.0040033581,-0.0166201368,0.284606874,0.7196999192,0.2331909239
2.1537151337,-0.0155949984,0.0056903781,-0.0136956936,0.2976222634,0.7233077288,0.2255801409
2.1636681557,-0.0171225462,0.0038161697,-0.0105603104,0.3013769984,0.7249695063,0.2220810056
2.1736030579,-0.0179398451,-0.0001582381,-0.0059701572,0.2971761227,0.7253983021,0.2256355286
2.1835179329,-0.0177550111,-0.0033011017,-0.0025898586,0.2941347063,0.7239556313,0.2348190099
2.1935269833,-0.0201543961,-0.0021579741,3.29247e-05,0.2906113565,0.7289959192,0.2508073151
2.2034211159,-0.0176116321,0.003427756,0.0050766696,0.2880949378,0.7373492122,0.2740534544
2.2133820057,-0.0145793203,0.0060056867,0.0077281822,0.3004397452,0.73660326,0.2823265493
2.2232999802,-0.0139276478,0.0067059221,0.0101912851,0.3084039986,0.7421213388,0.285852164
2.2332129478,-0.0148515198,0.0093734683,0.010185563,0.3120993972,0.7469507456,0.3000753224
2.2433261871,-0.0105587933,0.0093310149,0.0128494138,0.3221908212,0.7519404292,0.2984014452
2.2530798912,-0.0090341959,0.0072850557,0.0170353875,0.3389479816,0.7453901172,0.2683098614
2.2630081177,-0.0103555266,0.0058630379,0.0155307287,0.3287665248,0.7412211895,0.2622419298
2.2729301453,-0.0004335436,0.0088617029,0.0198980793,0.3331897855,0.7225518823,0.2461513579
2.2827529907,0.0038299619,0.0042442353,0.0203923211,0.3324717879,0.7229625583,0.2312641591
2.2927560806,0.0078738537,0.0040101977,0.0221626982,0.356161654,0.7078166008,0.2140915692
2.3026418686,0.0152351912,0.0011971417,0.0193714127,0.3765396774,0.6890333891,0.1880435497
2.3125591278,0.0192360189,0.0062266709,0.0086510414,0.3926054537,0.6815914512,0.1713471264
2.3227050304,0.0152607616,0.0078772577,-0.0044573913,0.3982909322,0.676383853,0.1549981236
2.3324041367,0.0133004095,0.0072538974,-0.0148927337,0.3931076229,0.6777687073,0.1484059989
2.3423500061,0.006425282,0.0051983567,-0.0230515972,0.3779765964,0.6942175031,0.1349219084
2.3522820473,-0.0025653483,-0.0061416207,-0.0271259323,0.3511327207,0.7256851196,0.1437971592
2.3621869087,-0.0110110287,-0.01243982,-0.0329916254,0.3145044148,0.7426382899,0.1583353579
2.3721179962,-0.0060826782,-0.0218192805,-0.0308449641,0.2681944668,0.7586688995,0.1683251411
2.3820290565,-0.0034976916,-0.0300598461,-0.0244841948,0.2117954344,0.7807241678,0.1808494776
2.3920090199,-0.0063301045,-0.0371903665,-0.0145668751,0.1506809443,0.8038001657,0.1875052452
2.4018921852,-0.0101155881,-0.0467998423,-0.0042150388,0.0832798108,0.8316211104,0.1815968752
2.4118251801,-0.0130628292,-0.0577577539,0.0073039164,0.0051730247,0.8597204089,0.1721450388
2.4217371941,-0.0150001068,-0.0688681602,0.0224586353,-0.0810801014,0.8827167749,0.1634850055
2.4316568375,-0.0144397486,-0.083793357,0.0423686132,-0.1620867997,0.8949580193,0.1460037529
2.4415979385,-0.0127278809,-0.0998782367,0.0584470853,-0.2222867608,0.8943063617,0.1193947792
2.4514861107,-0.0087088067,-0.1100301147,0.0695560202,-0.2559411228,0.8681495786,0.1027249917
2.4614291191,0.0068205688,-0.101853326,0.0798452124,-0.2523240149,0.83682096,0.0845350698
2.4716010094,0.0157485511,-0.0804872066,0.0881081447,-0.1915290207,0.7920209765,0.0484128818
2.4813950062,0.0205677543,-0.0535223074,0.0914603695,-0.0946033671,0.7552547455,0.0146928374
2.4915261269,0.0209529679,-0.0245549995,0.0899234042,0.0290677045,0.7259993553,-0.0208830014
2.5012259483,0.0218183342,0.005571899,0.0892257914,0.1656219065,0.6945556402,-0.0465813726
2.5111589432,0.0236235745,0.0374095701,0.0877982602,0.3023754954,0.6627711058,-0.0648586452
2.5210700035,0.0276776552,0.0615427606,0.0951358303,0.4198912978,0.6245209575,-0.0745065138
2.5310440063,0.0324157029,0.0708280802,0.1007801518,0.5033196211,0.5803716183,-0.0732287243
2.5408811569,0.0334583595,0.0620680116,0.1052283272,0.5346492529,0.5432732701,-0.062888734
2.5508408546,0.0348390602,0.0359924994,0.1129079089,0.4963072538,0.4965051711,-0.0498821288
2.560778141,0.0389020778,-0.0066862581,0.1196303591,0.4073221684,0.4617748857,-0.0381351262
2.5708889961,0.040768601,-0.0472075976,0.123096548,0.2674508095,0.4103447199,-0.0224224739
2.5805768967,0.0464776382,-0.0711419582,0.1286317408,0.1039932519,0.3595279157,-0.0115106702
2.5907070637,0.05377727,-0.0843816251,0.130073756,-0.052951619,0.3284370899,-0.002647138
2.6061849594,0.0491888374,-0.0944100022,0.1281971633,-0.1767105758,0.3148142099,-0.0232385341
2.6390440464,0.0419240817,-0.1199891865,0.1212286577,-0.2580898404,0.3236218095,-0.0478520021
2.6391429901,0.0374759138,-0.1554514021,0.1117562875,-0.2995608449,0.3163124919,-0.0674373507
2.6392390728,0.0383385867,-0.1737304032,0.1055438742,-0.3124305904,0.3044470549,-0.1095845401
2.6406440735,0.0409478098,-0.1607103944,0.0937163457,-0.2922800779,0.3016377091,-0.164486438
2.6500520706,0.0423923843,-0.1236653328,0.0873353705,-0.2260728031,0.3036907315,-0.2226195186
2.6601450443,0.0384625047,-0.0738075972,0.0812590346,-0.1086672544,0.3070628047,-0.2700042427
2.6700348854,0.0319852307,-0.0187251139,0.0687299594,0.0259898901,0.3256953657,-0.2839978337
2.679805994,0.0274416115,0.0296345335,0.0668574795,0.1695309877,0.3347687423,-0.2764529586
2.6923971176,0.0226417612,0.0569584481,0.0744974241,0.2817629874,0.325910002,-0.2574504912
2.7010641098,0.0244653504,0.0664611608,0.0801338777,0.3554016054,0.288325876,-0.2198382467
2.709608078,0.0284505654,0.0735177994,0.0869414434,0.3639668822,0.2463483363,-0.1585029811
2.7196879387,0.0371493176,0.0776120871,0.0935856923,0.3369187415,0.2102984637,-0.0838963166
2.7296769619,0.0484108105,0.0643451065,0.0975491628,0.269459784,0.1753649861,-0.0052654254
2.7392799854,0.057027936,0.0314234458,0.1019360647,0.1389165223,0.1466393173,0.066454865
2.748978138,0.0683613569,-0.0217751134,0.1071468219,-0.0152709084,0.1077563763,0.1082790121
2.7588858604,0.0737663731,-0.0857913643,0.1003125533,-0.1998231709,0.0758234784,0.1292232126
2.7688179016,0.0781710967,-0.1177304089,0.0913800225,-0.3843871653,0.0407027751,0.1329274029
2.7787871361,0.081050314,-0.124733761,0.0703703985,-0.5160127282,0.0198467616,0.1131118238
2.7886891365,0.0759853348,-0.1252800822,0.0353826508,-0.5888494253,0.0033636591,0.0760137215
2.7986359596,0.0686744228,-0.106676504,0.0139860148,-0.5761045814,-0.0129250325,0.0151285632
2.8085708618,0.0519427843,-0.074229762,-0.0005429754,-0.4708702862,-0.01719914,-0.0497697443
2.8186631203,0.0371903181,-0.0299971718,-0.0090590483,-0.2872514725,-0.0120951924,-0.1022249013
2.8284931183,0.0282765422,0.0220266115,-0.0061210166,-0.0490072109,0.0177921336,-0.1396803856
2.8384099007,0.0240565669,0.0736696124,0.0087151164,0.1831518114,0.0479018316,-0.1571163088
2.8483438492,0.0143241789,0.1116806269,0.0225914344,0.407645911,0.0735504702,-0.1578271091
2.8582720757,0.010806961,0.1208066642,0.0225077495,0.5967425108,0.0830201358,-0.14059183
2.8681840897,0.0119534489,0.1235039234,0.0240372047,0.7050002813,0.1010233685,-0.0963833481
2.8781189919,0.0158538651,0.1194949597,0.0487008914,0.7366908193,0.1252885014,-0.0310558453
2.8881869316,0.0241532307,0.0905307233,0.0631926879,0.6763694286,0.143719703,0.0247781277
2.8982410431,0.0327695385,0.0168067049,0.0653649792,0.4979857504,0.1449650079,0.0783538371
2.9081010818,0.0452900603,-0.0548639484,0.0651205406,0.2359107286,0.1132131964,0.1235407516
2.9179680347,0.0615762845,-0.1059286371,0.0425002798,-0.045019839,0.0804810822,0.1538153738
2.9279079437,0.0663440302,-0.1425072104,0.026373826,-0.3115977347,0.0624011457,0.1712100804
2.9378261566,0.0615926087,-0.1471720785,0.0173682198,-0.5496304035,0.0707203299,0.186741665
2.9483509064,0.0603309795,-0.133403495,0.0174202546,-0.7007274628,0.0640539005,0.1779138148
2.9577109814,0.0577400401,-0.1220656484,-0.0021117101,-0.7451593876,0.0601214804,0.1353773773
2.967854023,0.0539995506,-0.1045628786,-0.0046869884,-0.7158609033,0.0379634462,0.1024628356
2.9775509834,0.0580388904,-0.0621588565,-0.0018028388,-0.5872581601,-0.0034420488,0.0545815639
2.9878070354,0.0499597862,-0.0088734208,-0.0030233632,-0.3752353787,-0.0241196305,-0.0066418462
2.9973640442,0.030712707,0.0412645899,-0.0057813893,-0.1019117087,-0.0270387214,-0.0556629188
3.0073070526,0.0171843525,0.0817555934,-0.0092956787,0.1612288505,-0.0274094325,-0.0929937735
3.0172610283,0.013656361,0.1066382825,-0.0010057458,0.3895522952,-0.027028868,-0.1300122142
3.0271160603,0.0129932147,0.1117650568,-0.0019011268,0.601464808,-0.0490822382,-0.1589530557
3.0370979309,0.0145514365,0.0903042406,-0.0092487102,0.7719497085,-0.062337853,-0.1779323369
3.0471229553,0.0230624508,0.0689423233,0.0026974906,0.8724230528,-0.0711973906,-0.17785272
3.0569138527,0.0358222052,0.0647804141,0.006960236,0.9408280849,-0.067723833,-0.1753428131
3.067097187,0.0379888117,0.0438339524,0.0062238206,0.9481225014,-0.0552754179,-0.165054217
3.0768108368,0.0418304875,0.0124952095,0.0068518152,0.8727138042,-0.0302696675,-0.14556095
3.0867781639,0.0495157763,-0.013560879,0.0074468483,0.6848754883,0.0035412922,-0.1084117219
3.0966858864,0.0521821454,-0.0449504964,0.003143989,0.422115922,0.0316352434,-0.0585784465
3.1065750122,0.0539894998,-0.1054031029,-0.0055171619,0.1036271602,0.031310603,-0.01055393
3.1164631844,0.0611662567,-0.1477740407,-0.012697137,-0.2016730905,0.0010480408,0.0309139844
3.1263561249,0.0628236458,-0.1573728472,-0.0102529293,-0.4806690514,-0.0037544377,0.0743754432
3.1363759041,0.0547442064,-0.1414760202,0.0055083265,-0.7001774907,-0.0181834437,0.1015224084
3.1462900639,0.045059137,-0.1090923995,-0.0045193802,-0.8162196875,-0.0246796943,0.1090812609
3.1564049721,0.0340476558,-0.07504078,-0.0036337741,-0.8413805962,-0.0324992687,0.1080153286
3.1661839485,0.0261387285,-0.0293899793,0.0018941989,-0.7763504982,-0.030833194,0.0896451101
3.1760520935,0.0180242117,0.0108920755,0.0105205411,-0.622528851,-0.0273234118,0.0689391568
3.1860160828,0.0132073145,0.0459223501,0.0099563831,-0.4163540602,-0.0152720772,0.0521830879
3.1959118843,0.0139589515,0.0827780217,0.015884541,-0.163408801,0.0004743959,0.0393529758
3.2057850361,0.0172115248,0.1109055579,0.0198543295,0.0950818807,0.0345364921,0.0223787874
3.2157490253,0.0226264205,0.1235023439,0.0207516178,0.3027972579,0.0758421198,0.0066112746
3.2257051468,0.0212768447,0.1193001717,0.0125015015,0.4516724944,0.0955425873,-0.0058573796
3.235804081,0.0263942908,0.0800474286,-0.001043416,0.5374140739,0.0884612426,-0.0071095978
3.2455840111,0.0360899046,0.0374971889,-0.0077077518,0.5490246415,0.0706305802,-0.0026274975
3.2554399967,0.049588643,0.0144332545,-0.0044803987,0.5275455117,0.0540763736,-0.0018120706
3.2654790878,0.0494845659,-0.0023210002,-0.0049332152,0.5045123696,0.04702086,-0.0062608812
3.2753009796,0.04560332,-0.0162744913,-0.0059118639,0.4746539593,0.0462349616,-0.0022048203
3.2853331566,0.0471996143,-0.0265590567,-0.0013574132,0.416800499,0.0464125946,-0.0005153113
3.2951710224,0.0445794314,-0.032443691,-0.0002815494,0.3144026697,0.0616916791,0.0093390513
3.3051509857,0.0398487896,-0.0513726436,0.0100959176,0.1628911942,0.0621207133,0.029167084
3.3149828911,0.0357388929,-0.0761572868,0.00887891,0.0048931269,0.0336206295,0.0495563447
3.3249669075,0.0374816433,-0.0923923329,0.0020649065,-0.1557644606,-0.006106541,0.0709878653
3.3349449635,0.0347100049,-0.0735846087,-8.12182e-05,-0.2603062987,-0.0355696268,0.0798670426
3.3448181152,0.026031917,-0.030257659,0.0084319348,-0.2869419158,-0.0509365983,0.0757492632
3.3545689583,0.0150813293,0.0067616748,0.0086661214,-0.2526428699,-0.0433700234,0.0679866225
3.3647010326,0.0059688445,0.0350436158,0.0130147571,-0.166463539,-0.030176457,0.054710228
3.3745479584,0.0040345546,0.0528028645,0.0128844017,-0.0479280986,-0.0279460605,0.0444989018
3.3845448494,0.0095323231,0.0538892634,0.0150926942,0.063378185,-0.0251992755,0.032817211
3.3946330547,0.0159996059,0.0462800376,0.0231802091,0.1579132974,-0.010234707,0.0167242624
3.4044430256,0.0243787002,0.0226552095,0.0177496299,0.1965464503,-0.0121391332,0.0022313399
3.414285183,0.0328959674,-0.0015899193,0.0182447657,0.2068865299,-0.0195128936,-0.0120812198
3.4241838455,0.0362892598,-0.0268433634,0.0111525292,0.2157362103,-0.0196425896,-0.0249709189
3.4343459606,0.0378312096,-0.0416229852,-0.0054521929,0.2219617963,-0.013661663,-0.0258520916
3.4440579414,0.0373877883,-0.0413758717,-0.0117172962,0.2025702596,0.0099720275,-0.0204266999
3.4540009499,0.0331618711,-0.0309614483,-0.0133569604,0.1532507241,0.0342155807,-0.0089810677
3.4639310837,0.0292014014,-0.0333691426,-0.0232764259,0.0765833855,0.0614434741,0.0112102209
3.4739770889,0.0221158843,-0.0422533415,-0.0251353756,-0.0263865013,0.0751579553,0.0374700204
3.4841110706,0.0213990863,-0.045447398,-0.026534237,-0.1165203899,0.0671434328,0.0623958781
3.4937391281,0.0172055718,-0.0395160727,-0.0175673142,-0.1905499697,0.059392307,0.0871176049
3.5036120415,0.0185618009,-0.0226763878,-0.0082399612,-0.2493831962,0.0608493239,0.1097685918
3.5136060715,0.0165315624,-0.011582504,0.0070722927,-0.2896987498,0.0790038258,0.1218539402
3.5236811638,0.0119699296,-0.0159890521,0.014379167,-0.3200209737,0.0953662843,0.1346416473
3.5334169865,0.012023529,-0.0203848798,0.0262443647,-0.3219035268,0.0877480507,0.140245378
3.5432958603,0.0204921719,-0.02284039,0.0388307795,-0.2826533318,0.0674278662,0.1281125396
3.5532779694,0.0272957366,-0.0190368462,0.0421406254,-0.1893028021,0.0327303372,0.0948088169
3.5632381439,0.0316761881,-0.0087710572,0.0406180844,-0.0295509566,0.0093800062,0.0572971217
3.573086977,0.0365834981,0.0050986456,0.0393871292,0.172644496,6.87964e-05,0.008490934
3.5831031799,0.0341229662,0.029757468,0.0405249223,0.4065690935,-0.0319000557,-0.0525899976
3.5930640697,0.0335228369,0.0473409109,0.0264553055,0.6374230981,-0.0552756824,-0.1191625297
3.602891922,0.0370631739,0.0589330457,0.023501955,0.8352589607,-0.0511057079,-0.1781100035
3.6128458977,0.0337491259,0.0617157258,0.015313589,0.9691694975,-0.0541981719,-0.2292332649
3.6227278709,0.0327563882,0.0426629074,0.0006359449,0.9548200965,-0.0223334488,-0.2455946654
3.6327140331,0.0294743087,0.0117450478,0.0045951237,0.7241888046,0.0282711387,-0.2169815302
3.642624855,0.0218761619,-0.0398781188,-4.93893e-05,0.3088890612,0.0666968301,-0.1451028138
3.6525659561,0.0186831336,-0.124289535,-0.0071622501,-0.2596869469,0.102613546,-0.035531085
3.6624670029,0.0244664606,-0.2053050846,0.0100656385,-0.9201852679,0.1000033841,0.1004059762
3.6724150181,0.028985193,-0.2476157099,-0.0018096337,-1.5438748598,0.052220948,0.2159648985
3.6823120117,0.0265922379,-0.2820474207,0.0146519179,-2.0795409679,0.0300828889,0.3256578147
3.6922450066,0.023097476,-0.2610156238,0.0319495425,-2.4842221737,0.0201141424,0.4216383994
3.7020721436,0.0203977134,-0.2059146911,0.0436925516,-2.679265976,0.0088913161,0.5000075102
3.7120070457,0.0203900542,-0.1389799565,0.0429162607,-2.6012353897,-0.0371621959,0.5490224957
3.7220239639,0.0248839986,-0.0580976643,0.0417714939,-2.2147316933,-0.0792321488,0.5436983109
3.7320590019,0.0327226892,0.0433355384,0.0431062207,-1.6246106625,-0.0680822954,0.4854954779
3.7420811653,0.0394031852,0.1562010199,0.0619847998,-0.912863493,-0.0494148657,0.3752009273
3.7517580986,0.043111749,0.2449134737,0.0604301915,-0.1412684321,-0.0411952883,0.2233616263
3.7617499828,0.0440452546,0.2965474427,0.0370175466,0.5869127512,0.0013194168,0.0519975945
3.7716178894,0.0296745356,0.3034703434,0.0232705697,1.2381988764,0.0176150333,-0.125219658
3.7815241814,0.0194860753,0.2716558278,-0.0091191893,1.7242697477,0.0472509563,-0.268217802
3.7914171219,0.0181158986,0.2004971504,-0.0034311186,1.9834076166,0.0247605592,-0.3495566845
3.801363945,0.0264266189,0.1170356572,-0.0137615567,2.0760164261,-0.0236684922,-0.3864337206
3.8115320206,0.0319351405,0.0365050845,-0.0212618485,2.0153939724,-0.0637868792,-0.3860664368
3.8212630749,0.0392982587,-0.0230494905,-0.0169728175,1.799156785,-0.0876780972,-0.3500325084
3.8311979771,0.0457160249,-0.0527931415,-0.0148562556,1.4322223663,-0.066285193,-0.2956213057
3.8411159515,0.0364043713,-0.0941220596,-0.0206587687,0.954983294,-0.0398160368,-0.218105197
3.8510241508,0.0246947613,-0.1494317502,-0.0408981219,0.4212265909,-0.039828822,-0.1186386198
3.8609440327,0.02391099,-0.1972768307,-0.0429618135,-0.0852317885,-0.0837912187,-0.0085043944
3.8708660603,0.0260170754,-0.2041028738,-0.0293074027,-0.4683687687,-0.1368605494,0.0819364265
3.8808498383,0.021434186,-0.1663339883,-0.017660059,-0.744397223,-0.0984979942,0.1623841226
3.890640974,0.0080470052,-0.1081829146,0.0035712947,-0.922735095,-0.056841623,0.2269257456
3.900865078,-0.0011767464,-0.0704470128,0.0039911498,-0.9908621907,-0.0360644422,0.2442884892
3.9104609489,0.0056166407,-0.0571908243,0.0109093422,-0.9552819133,-0.0296504833,0.2460727096
3.9204468727,0.0154453423,-0.0317520089,0.0141958231,-0.8151407838,-0.0240144357,0.2264883518
3.9308638573,0.0174882468,0.0031770589,0.0216144547,-0.5955392718,-0.0278834756,0.1743486077
3.9403271675,0.0202837344,0.0325950347,0.029731296,-0.3040959835,-0.0339738578,0.109090507
3.9502179623,0.0312586874,0.0621617995,0.0392070636,0.0364443958,-0.0157077704,0.0338169634
3.9601521492,0.0287825819,0.1021306664,0.0366882309,0.3935812116,0.0320293941,-0.0474999957
3.9702029228,0.0171379503,0.1200637221,0.0164250359,0.7482044697,0.0386886261,-0.1446658969
3.9801969528,0.0171808135,0.0931952894,0.0011530748,1.0087689161,0.0429406278,-0.2214909047
3.9899389744,0.0283196773,0.0651818216,0.0126815075,1.1657531261,0.0039743222,-0.2796940506
3.9998641014,0.0384457186,0.0371711217,0.0114616985,1.2462307215,-0.0270150192,-0.3103555739
4.0097723007,0.0401362255,-0.0009779659,0.0110395784,1.2107346058,-0.0149437087,-0.3113875985
4.0197319984,0.0394903794,-0.0278030429,0.0110441083,1.0178700686,0.0240460336,-0.2854569256
4.0296211243,0.0272509959,-0.0548821948,0.0065989126,0.6844302416,0.0626589432,-0.2260040939
4.0395989418,0.0199022796,-0.115811266,-0.0099388724,0.2104816139,0.0900964215,-0.1261640489
4.049475193,0.0243349876,-0.1772671044,-0.0044908295,-0.3634026051,0.0637694821,-0.0194517504
4.0593938828,0.032768108,-0.2087318599,-0.0104909902,-0.9473872185,0.0348163918,0.0981662273
4.0695090294,0.0327304602,-0.2221706659,-0.0037278305,-1.4828486443,-0.0048892107,0.2104771435
4.079293251,0.0265345182,-0.2155930251,0.0101212496,-1.9276937246,-0.0191227421,0.3227562904
4.0892000198,0.0190369692,-0.1802972555,0.0188251957,-2.2406930923,-0.0408011377,0.4045159817
4.0991020203,0.0187354293,-0.1296787113,0.0268060789,-2.3510532379,-0.0668319389,0.4420678914
4.1090297699,0.0186591279,-0.0749849677,0.0298173651,-2.2156434059,-0.0861550421,0.4474442005
4.1189761162,0.0223336425,-0.0078057824,0.0304690227,-1.8239220381,-0.1270694435,0.4060823917
4.1289000511,0.0291051473,0.0793188959,0.0264262781,-1.2025071383,-0.1346586645,0.3167757094
4.1388502121,0.0323301479,0.1679418236,0.0452978238,-0.435400635,-0.0947021917,0.1918926239
4.1489291191,0.0335578695,0.2577594221,0.0332988128,0.3582558036,-0.0161341429,0.0343636423
4.1587061882,0.0195986833,0.3000391424,0.0164080486,1.1014015675,0.041217301,-0.1358674765
4.1686382294,0.0042504873,0.2798202634,-0.0086362129,1.6581230164,0.1119239554,-0.2739834785
4.1786260605,0.0053248759,0.2148124427,0.0038123957,1.9804973602,0.1172534749,-0.3655163348
4.1885199547,0.0187638607,0.1331494451,0.0004311433,2.1090583801,0.0710044876,-0.4163717926
4.1982698441,0.0296487864,0.050517004,-0.0061020623,2.107683897,0.0089744069,-0.4305318296
4.208272934,0.0433942378,-0.0059943525,-0.0067363749,2.0070765018,-0.0581191406,-0.4215170443
4.2182030678,0.0607265607,-0.0222310442,0.0071096052,1.7958410978,-0.075234212,-0.3834935129
4.228123188,0.0613265261,-0.0229957644,0.018872641,1.4444018602,-0.0184753258,-0.3163279295
4.2383079529,0.042195417,-0.0545375831,0.0130786533,0.9822235703,0.0324009024,-0.2225122154
4.2480611801,0.0235810485,-0.1294515282,-0.0181540623,0.432198137,0.0403168835,-0.1050818712
4.257941246,0.0295918714,-0.1985165477,-0.0069852839,-0.1287253946,-0.0517765582,0.0197135936
4.2678308487,0.0462523028,-0.20991835,-0.0129017597,-0.6393741965,-0.1150197089,0.133506313
4.2779979706,0.0415561125,-0.1907003969,0.0069688787,-1.059743762,-0.1169403791,0.2291263044
4.2877130508,0.0201165583,-0.1454766542,-0.0013812551,-1.3586629629,-0.0889846459,0.2844371498
4.2976999283,0.0012441931,-0.1119575053,-0.0071775685,-1.5118442774,-0.068932645,0.3087821901
4.307557106,-0.0009238737,-0.0724633783,-0.0060996185,-1.5037866831,-0.0745918602,0.2927251756
4.3178577423,0.0070751216,-0.0255195964,-0.0030343304,-1.3254526854,-0.0853771269,0.2461190373
4.3273983002,0.0087159779,0.0216841232,-0.0040848027,-0.9671962857,-0.1023297459,0.1788704842
4.3373498917,0.0082689431,0.0684148818,0.001335763,-0.4656822979,-0.0847614035,0.1090304255
4.347202301,0.0117151793,0.126297757,0.0146073336,0.0703884214,-0.0282113105,0.0182977244
4.3571977615,0.0107850041,0.1756556034,0.0271089301,0.5829712749,0.0269968174,-0.0823114365
4.3671092987,0.0047896933,0.1811707467,0.0066882004,1.0131762028,0.0618956797,-0.1819524169
4.3770480156,0.0043632519,0.1352047324,0.0017888775,1.2706569433,0.0833503753,-0.2506321371
4.3869509697,0.0181235056,0.0888557658,0.0029070009,1.3759776354,0.0470751897,-0.2892903686
4.3971357346,0.0331094936,0.0397664197,0.0034936299,1.3873794079,-0.0032228706,-0.3068153262
4.4068589211,0.0430403203,-0.0039573414,-0.0056397091,1.356910944,-0.062763162,-0.3099923432
4.4168081284,0.0491636023,-0.0196676571,-0.0106537705,1.2901144028,-0.0995728448,-0.2909137011
4.4266672134,0.0482813567,-0.0124752773,-0.0040016542,1.139141202,-0.0788004547,-0.2417343259
4.4366817474,0.040501833,-0.0126802577,-0.0004375348,0.8754276037,-0.0315048397,-0.1726186424
4.446516037,0.0260173436,-0.0518643558,-0.0165505782,0.473405391,0.0211636946,-0.0923393071
4.4564838409,0.0214142408,-0.1187581494,-0.0164021626,-0.0211782437,0.0230638608,0.005534525
4.4663290977,0.0308795627,-0.1742210537,-0.0252776518,-0.5771521926,0.0236444306,0.1043552756
4.4763088226,0.039013572,-0.2053983957,-0.0268703476,-1.1426262856,0.0159231275,0.2085863501
4.4862041473,0.0297988858,-0.2158009559,-0.026944913,-1.6719745398,0.025728086,0.3050242066
4.4962081909,0.0133050513,-0.1983903646,-0.0182307735,-2.0796673298,0.0336967967,0.3808545172
4.5061011314,0.0038650243,-0.1510097086,-0.0013633141,-2.2733592987,0.0359269306,0.4275899529
4.5160169601,0.0047068354,-0.0954789519,0.013740086,-2.2208476067,0.022763988,0.4387520552
4.5259027481,0.0051780548,-0.0288047511,0.0191994533,-1.9273471832,0.0151561368,0.4171978831
4.5358829498,0.0105892625,0.0419210307,0.0385817513,-1.422272563,0.0264916159,0.3690689504
4.5457520485,0.0147443768,0.1244764924,0.0399118289,-0.7466333508,0.0288818013,0.2781157196
4.5557799339,0.0198819991,0.191964373,0.0339158997,3.01949e-05,0.0659636557,0.1500927657
4.5658330917,0.0221725013,0.2325678617,0.0407707319,0.7108337283,0.0837027058,0.0052549602
4.5755558014,0.0233492162,0.2434206754,0.0262908563,1.3222897053,0.0838284045,-0.1505743116
4.5856552124,0.0291916635,0.2023756206,0.0280577168,1.7329970598,0.0724439323,-0.2690267563
4.5954799652,0.0316005573,0.1529016048,0.0190583095,1.9307072163,0.0320736021,-0.3581864834
4.6053299904,0.0359420106,0.0866094157,0.0069173207,1.9820282459,-0.0230383854,-0.4040878117
4.6153240204,0.0385208428,0.0254503768,-0.0027616392,1.9192026854,-0.0760526061,-0.4138192534
4.6251859665,0.0471637696,-0.0070576398,-0.0022532709,1.7246028185,-0.0717420131,-0.382819593
4.6350879669,0.0492288545,-0.0249412302,0.0102095241,1.3712364435,-0.039902322,-0.3068569005
4.6452670097,0.0378573611,-0.0639037937,-0.0091807013,0.8955020308,-0.02376117,-0.21671924
4.6549730301,0.032547012,-0.1523325294,-0.0231593028,0.3390715718,-0.0349680148,-0.1065083221
4.6648950577,0.041155614,-0.2091542929,-0.0225020424,-0.1974342316,-0.1115876958,-0.0071877278
4.6748118401,0.0494997799,-0.2133555412,-0.0205146447,-0.6495881081,-0.1309848279,0.0863392949
4.684803009,0.0360701829,-0.1932833642,0.0025162925,-1.0010305643,-0.1272113919,0.1631824076
4.6945681572,0.0163314994,-0.1642365754,0.0105722779,-1.2533537149,-0.0851936415,0.2180658877
4.7045960426,0.0025277718,-0.1388827711,0.0263310894,-1.440561533,-0.0467285365,0.2592131197
4.714512825,0.0028314798,-0.1030799374,0.0334181413,-1.5190278292,-0.0257183257,0.2772296667
4.7252731323,0.004726788,-0.0667468309,0.0337156877,-1.4413993359,-0.0191405844,0.281234771
4.7345438004,0.005066013,-0.0166078079,0.0223955736,-1.1888005733,0.0090364581,0.2703187466
4.7442860603,0.0045312326,0.0460788123,0.0166679248,-0.7843407393,0.0424607284,0.233686775
4.7542090416,0.0045955386,0.1163979769,0.0042891731,-0.2819441259,0.0740135908,0.1710130125
4.7641038895,0.0126766171,0.1687084734,-0.0057112346,0.2164862454,0.1053147912,0.0821960494
4.7741699219,0.0158036705,0.1939550787,0.005910777,0.6796677709,0.0917531773,-0.0273919646
4.7839822769,0.0233519506,0.1761867255,-0.0069446336,1.046200037,0.0792419165,-0.1332495809
4.7939548492,0.0297450032,0.1347061396,-0.0028378735,1.2606811523,0.0539504066,-0.2054204494
4.8038721085,0.0363517925,0.0918865055,-0.0086608892,1.3499003649,0.0090092942,-0.253359288
4.8139467239,0.0404029638,0.0366643257,-0.014388538,1.3421157598,-0.0447399542,-0.2801980972
4.823723793,0.0461087227,-0.0104101105,-0.0111503964,1.2613099813,-0.0913708434,-0.2827847004
4.8336229324,0.0491986573,-0.0340848081,-0.0114940172,1.1040253639,-0.1063210294,-0.2667263448
4.8435430527,0.0429476425,-0.0517403074,-0.0053812633,0.8527357578,-0.0676607192,-0.2274918556
4.8535442352,0.0308470335,-0.0809789374,-0.0030410059,0.5082582831,-0.0233361293,-0.1683289409
4.8633890152,0.0221465882,-0.1322836429,-0.014145649,0.0994264707,0.0036185239,-0.0882875398
4.8733859062,0.0223667901,-0.175527364,-0.0145995384,-0.313765645,-0.0024396349,-0.0036458902
4.8832678795,0.0260587316,-0.1887081712,-0.001815773,-0.7214052677,0.0199285205,0.0893061236
4.8933739662,0.0251196977,-0.1670884043,0.0134086842,-1.0812643766,0.0121180024,0.1582596302
4.9031300545,0.0207354557,-0.1459209323,0.0205866322,-1.3471940756,0.0123936394,0.2144970894
4.913066864,0.014718784,-0.1115635782,0.0296862945,-1.4935119152,0.0071288361,0.2663626969
4.9229440689,0.0157010686,-0.0556837134,0.0315532312,-1.4936870337,0.0012088957,0.2925596833
4.9328598976,0.01303689,-0.0019977568,0.0255260095,-1.3550585508,0.0047844555,0.2947583795
4.9427628517,0.0106124636,0.0519469343,0.0238428339,-1.0668671131,0.0035221174,0.2711940706
4.9527831078,0.0142302122,0.1013290435,0.02023568,-0.6402958632,-0.0051749679,0.208933875
4.9626111984,0.0247076582,0.1372918934,0.0253957734,-0.1379258186,-0.0033080918,0.1241436601
4.9727249146,0.0322672427,0.1666902155,0.0205635652,0.3386721611,0.0229916889,0.0236751121
4.9823513031,0.0294923913,0.1761629432,0.0216948614,0.7687497735,0.014761989,-0.0855941176
4.9922728539,0.0285077076,0.1493316442,0.0030367007,1.1052342653,0.0068132519,-0.1825968325
5.0021739006,0.0364501774,0.1021595225,0.0155526036,1.2900826931,-0.0284605827,-0.2535362542
5.0124769211,0.0440913662,0.0607830919,0.0090618366,1.3459097147,-0.0710594431,-0.2986431122
5.022231102,0.0451978147,0.0091302516,0.0048219194,1.2829899788,-0.1003472954,-0.3159454465
5.032119751,0.0443810821,-0.0316924192,-0.0004161963,1.1417521238,-0.1210765392,-0.3043297827
5.0427408218,0.0417576432,-0.0551909842,-0.0033031474,0.9396129251,-0.1232494116,-0.268845588
5.0548019409,0.0406104252,-0.0677788854,0.0016978016,0.6775914431,-0.099659659,-0.2097625732
5.0625352859,0.0346345231,-0.0800948888,0.0027406444,0.3674235642,-0.0768616721,-0.1370190978
5.0724568367,0.0298837703,-0.105173789,0.0015086165,0.0440968983,-0.0814271271,-0.062130738
5.0823979378,0.0288063865,-0.1247359514,0.002026998,-0.2230827808,-0.114394933,0.0023906969
5.0920829773,0.0332860351,-0.1288719177,0.0158352479,-0.4531825781,-0.1274990141,0.0609429553
5.1020150185,0.0328685418,-0.1042096615,0.0401154384,-0.6356748343,-0.1201071441,0.1108367443
5.111495018,0.0260873046,-0.07771229,0.0441303477,-0.7749075294,-0.0986577794,0.1489804089
5.1214008331,0.0181538593,-0.0634212792,0.034746252,-0.88092345,-0.0649762526,0.1770005971
5.1311779022,0.0100677069,-0.0491013341,0.026874505,-0.917974174,-0.0403159112,0.1897443533
5.1411929131,0.0067005735,-0.02921726,0.020140551,-0.8536837101,-0.0212876257,0.1964425594
5.1510891914,0.006918123,0.0022713961,0.0132120484,-0.6839482188,0.0055751479,0.1954175085
5.1610751152,0.0125546064,0.0456844904,0.0070170392,-0.4310725629,0.0236335117,0.170103699
5.1709461212,0.0152552854,0.0879469365,-0.0042711864,-0.1182866842,0.0405834652,0.1150534973
5.1808662415,0.0191589575,0.1115689352,-0.00373695,0.1756016761,0.0680308044,0.0494669974
5.1908311844,0.0258973148,0.1115000993,-0.0016623506,0.4037762284,0.0582354292,-0.0170371961
5.2008800507,0.0336242691,0.0817891657,-0.0101242429,0.5676098466,0.0168863926,-0.078101255
5.2108559608,0.0388372838,0.0408921503,-0.0251796022,0.6618838906,-0.02595721,-0.1225677878
5.2207670212,0.0418086126,0.0223812666,-0.0281771198,0.6956273913,-0.0697963014,-0.1562623978
5.2306442261,0.0399640054,0.0083399238,-0.0316430703,0.7030194998,-0.0926728547,-0.1807887852
5.2405490875,0.0364153162,-0.0146855889,-0.0335380211,0.6571367383,-0.099868983,-0.1886400431
5.25045681,0.0322318599,-0.0348255895,-0.0294102803,0.5550705791,-0.0963837057,-0.1787349433
5.2604188919,0.0293041486,-0.0502898134,-0.0221329108,0.3763867021,-0.0577779897,-0.1510709226
5.2704048157,0.020430645,-0.0743760541,-0.0198956504,0.1147167385,-0.0173789039,-0.0990157127
5.2802801132,0.0121276174,-0.1050208434,-0.0347475782,-0.161459893,-0.024420036,-0.0390601717
5.2901830673,0.0104499292,-0.1353976876,-0.0292554274,-0.4373106658,-0.012248856,0.0357480198
5.3000969887,0.0128493886,-0.1229099035,-0.001739479,-0.6761702299,-0.0081739537,0.1064435318
5.3102302551,0.0092331301,-0.09614674,0.0019901027,-0.8464090824,0.0257448647,0.1686768085
5.3199648857,0.0024617224,-0.069750905,0.0048778285,-0.9542680383,0.0622687899,0.2221404761
5.3299078941,-0.0010731685,-0.0398812406,0.0029806723,-0.9742651582,0.0801172927,0.2517801225
5.3398990631,-5.5524e-06,-0.0120409904,0.0015907517,-0.8492856622,0.0691077858,0.2547668517
5.3497657776,0.0067548659,0.0223097336,-0.0109802252,-0.5510364175,0.0605854057,0.2297890782
5.359662056,0.0121654253,0.070361495,0.0015915862,-0.1271754354,0.0546633303,0.1644557714
5.3695960045,0.0219597872,0.1345581561,0.0043294062,0.396271795,0.047139369,0.0616372414
5.3795151711,0.0301539805,0.1587741375,0.0201131925,0.9373873472,0.0205903165,-0.0695565343
5.3895692825,0.0334837511,0.1630732417,0.0227070674,1.373729229,0.0427419581,-0.196395427
5.3993911743,0.0290021952,0.1525629908,0.0192433819,1.6350331306,0.0645993203,-0.3073062301
5.409318924,0.020683771,0.0931582227,0.0053124656,1.7200080156,0.0648222268,-0.3833852708
5.4192619324,0.022112852,0.0031139823,-0.0078342324,1.6206393242,0.0340869501,-0.4037111104
5.4293589592,0.0352106616,-0.0596458763,-0.0103403693,1.3331515789,0.0205564946,-0.3775199652
5.4391350746,0.0417893752,-0.1008538157,0.0024909605,0.8926283121,0.0253270138,-0.3049931228
5.4489998817,0.0358029157,-0.1464042217,-0.0133608347,0.3529102206,0.0142405415,-0.2075059712
5.4588422775,0.0340734497,-0.2029825598,-0.0166991726,-0.1754840165,-0.0633807555,-0.1049764752
5.4688587189,0.0408876613,-0.2159412056,-0.0209378973,-0.5977601409,-0.1406355798,-0.0061404398
5.4789600372,0.0440636128,-0.1717045605,0.0060501327,-0.8737273812,-0.1592191309,0.0806977823
5.4886670113,0.0331276208,-0.1033201516,0.0128698582,-1.0329962969,-0.1408848614,0.1393794864
5.4986171722,0.0180575158,-0.0653556362,0.0351302847,-1.1606066227,-0.1111650541,0.1853060722
5.5086569786,0.0142029133,-0.0470391251,0.0507102236,-1.2737739086,-0.1042453647,0.2147105932
5.5185499191,0.0178493094,-0.037613336,0.0529183373,-1.3282921314,-0.086580351,0.233894527
5.5284190178,0.0123422835,-0.0222593639,0.0449580178,-1.258004427,-0.0648185909,0.2502292991
5.5383810997,0.0040388759,0.0138411419,0.0289977416,-1.0055354834,-0.0213512741,0.250546813
5.5482411385,0.0051947776,0.0656993389,0.0265251622,-0.6050797701,0.0317684039,0.2245090902
5.5584211349,0.0090586748,0.1402472109,0.0110202068,-0.117802605,0.0965961367,0.1504677385
5.5681180954,0.0060569625,0.1906282455,0.0074972739,0.3419710994,0.1668500453,0.0578571185
5.5780239105,0.0089498218,0.1935015172,0.0102526182,0.7271059752,0.1686359793,-0.0509826764
5.5879631042,0.0170762818,0.1508404762,-0.0018077859,0.9962934852,0.1678186506,-0.145119831
5.5978751183,0.0221416559,0.0936457142,0.0018639794,1.1237032413,0.1400221735,-0.1984672695
5.6077799797,0.031034505,0.0517196618,-0.0030972133,1.1336752176,0.0792285949,-0.2296720594
5.6177010536,0.0406721085,0.006490049,-0.0090884333,1.0610883236,0.0029354231,-0.2414567918
5.6276621819,0.0453525856,-0.0220832992,-0.0109085208,0.9551933408,-0.0678846836,-0.2363041043
5.6375541687,0.0461003557,-0.0365220383,-0.0102350479,0.8255316019,-0.1093479767,-0.2078560144
5.6475229263,0.0455618426,-0.0320091397,-0.0012821326,0.6443674564,-0.1106406748,-0.167468369
5.6574392319,0.0370274484,-0.0476552956,0.0010805955,0.3980649114,-0.0832692385,-0.1186718121
5.6674127579,0.0325606838,-0.0933017209,0.0012865892,0.0621233918,-0.0667286068,-0.0562531762
5.6772537231,0.0335717425,-0.1306674778,-0.0017599234,-0.3135752082,-0.0748685673,0.0135255726
5.6872158051,0.0325684994,-0.1573028713,-0.0034799941,-0.6906380653,-0.0568522774,0.0850341171
5.6971211433,0.0316177532,-0.1632713675,0.00306394,-1.0388498306,-0.0474726222,0.1450710595
5.7071008682,0.0227452423,-0.1586188376,0.0091208452,-1.3376892805,-0.0307793971,0.2080353796
5.7169818878,0.0171395075,-0.131107673,0.015257501,-1.5428445339,-0.0223363787,0.2544665337
5.7270641327,0.0056205969,-0.0938061029,0.0124997729,-1.5947828293,0.0089155519,0.29584831
5.7368121147,-0.0015870797,-0.0430688597,0.0143624181,-1.4842675924,0.0388231166,0.3172911406
5.7467727661,-0.0043812711,0.0204267856,0.0087518925,-1.165697813,0.0619516075,0.3102734387
5.7567119598,0.0035667701,0.0825846195,-0.0014868745,-0.6638624072,0.0818821639,0.2634245753
5.7667722702,0.013368478,0.1466948092,-0.0053184996,-0.0812373161,0.1015959531,0.1778452396
5.7765789032,0.0212592985,0.1956276298,-0.0083176857,0.4611314237,0.1281404793,0.0619439036
5.7864460945,0.0231026392,0.2065209895,-0.0042366753,0.923099041,0.1239920706,-0.0715534315
5.7963581085,0.0226934906,0.1691133827,-0.0160697475,1.2445627451,0.1246061921,-0.1802476496
5.8065171242,0.0297434758,0.1147605479,-0.0120961433,1.3924031258,0.0953084901,-0.2579792142
5.8162403107,0.0354878977,0.0578959174,-0.0210929289,1.408003211,0.0521359928,-0.2947039008
5.8261389732,0.0387303755,-0.0006136028,-0.0297150984,1.3310314417,-0.012593735,-0.299040854
5.8360719681,0.0452554747,-0.0391644835,-0.0264695659,1.1817690134,-0.071011506,-0.2844386697
5.845993042,0.0524481088,-0.05017443,-0.0106855994,0.9505134821,-0.0967632085,-0.2489368767
5.8559417725,0.0477506071,-0.0560855381,-0.0069473158,0.6590202451,-0.0905356705,-0.1989204735
5.8658809662,0.032180734,-0.0919664428,-0.0033615003,0.281589359,-0.051339265,-0.1235921681
5.8759078979,0.0249019023,-0.126971826,-0.0050824056,-0.1325731277,-0.0667978525,-0.0345002115
5.8856291771,0.0222818907,-0.1557158828,-0.0128864413,-0.544169426,-0.0550479852,0.0629491135
5.8956599236,0.0210274216,-0.1586862057,0.0095585817,-0.9206442833,-0.0535507537,0.1451108754
5.9055538177,0.0162713658,-0.1459756494,0.0191156492,-1.2173941135,-0.0470949858,0.2073699832
5.9154949188,0.0094341841,-0.1268781573,0.0298747644,-1.4239274263,-0.0299138706,0.2621568441
5.9256100655,-0.0011073368,-0.0929014683,0.031742774,-1.4805834293,0.0065791602,0.305010587
5.9354019165,-0.0082346294,-0.0498115681,0.0282002911,-1.3783057928,0.03288427,0.3310221434
5.9452857971,-0.0034894662,0.0084512876,0.025660716,-1.0934778452,0.0646605715,0.3232606351
5.9552311897,0.0054574665,0.0707602352,0.0212738737,-0.658854425,0.1090123206,0.2753273249
5.9653429985,0.0102483984,0.1280370355,0.0183298811,-0.1665017009,0.1339437664,0.1982927173
5.9753651619,0.0164350774,0.157280758,0.0211353526,0.2937867343,0.1485301703,0.0919266418
5.9849891663,0.028490914,0.1527018845,0.0331421718,0.6680623293,0.1328617334,-0.019682182
5.9949159622,0.0362654179,0.1218031123,0.0157388076,0.9230861068,0.0993988439,-0.11950095
6.0049800873,0.0426046029,0.0727502555,0.0174857602,1.0429512262,0.0482618921,-0.1945261955
6.0147590637,0.047930412,0.0335415713,0.0082987184,1.0583970547,-0.0190148838,-0.2365898639
6.0246829987,0.0497367233,0.0006701323,-4.93893e-05,1.022225976,-0.0956529379,-0.2563403845
6.0345687866,0.0501924679,-0.0166578311,-0.0090147024,0.9684102535,-0.1706688553,-0.2647930384
6.0445423126,0.0485615879,-0.0150012402,-0.003211237,0.9303792715,-0.2253118604,-0.2653789222
6.0549278259,0.0436966568,-0.0012352382,0.0048009981,0.8686215281,-0.2190755457,-0.25470227
6.0644440651,0.0307593849,0.0064577134,0.0076317419,0.7507324815,-0.1625685841,-0.2227028012
6.0743088722,0.0086223762,-0.0153726293,-0.0089682704,0.5237333775,-0.0772414356,-0.1618094295
6.0842900276,0.0009753091,-0.0675075203,-0.0070234309,0.202131629,-0.030598836,-0.0788892433
6.0941238403,0.0046100225,-0.1143745184,-0.0127737885,-0.1347762644,-0.0365235694,-0.0036555445
6.1041531563,0.0153265055,-0.1557635516,-0.0040120254,-0.4886421859,-0.0222911034,0.0825784057
6.1140022278,0.0198564883,-0.1497520059,0.0174204335,-0.8151983023,0.0020792168,0.1557708979
6.1240110397,0.0087615158,-0.1299995333,0.0172783956,-1.0709322691,0.0457169749,0.2179980427
6.1338500977,0.0011033771,-0.1147702783,0.0142110819,-1.2156463861,0.0780719891,0.2761978507
6.1437892914,0.0032533614,-0.0805128887,0.0068159332,-1.2115603685,0.0823359713,0.3108581007
6.1537437439,0.0131756421,-0.0293455292,0.0009414187,-1.0648548603,0.0910197422,0.3138529658
6.1636328697,0.017792156,0.0285407584,-0.002074338,-0.7980595827,0.094269067,0.2681384683
6.173625946,0.0224524494,0.072995536,-0.0022428404,-0.4469804168,0.0819016099,0.1898481995
6.1834988594,0.0250044074,0.1026564613,-0.0048807631,-0.0627579093,0.0533927381,0.0937072933
6.1934571266,0.0299021434,0.1214642897,-0.0046258937,0.2915119529,0.0464030057,0.000272918
6.2033638954,0.029953843,0.1257385463,-0.0017186174,0.6021561027,0.0218164362,-0.0964349881
6.2132282257,0.0286282804,0.1052251756,-0.0170712247,0.8293218017,0.0113566043,-0.1712029278
6.2234430313,0.0274550971,0.0741667673,-0.01229415,0.9196394086,-0.0139146633,-0.2176258266
6.2331299782,0.0281276759,0.0443543606,-0.0114993816,0.9199143648,-0.0363600515,-0.2338054478
6.243188858,0.029669581,0.0042718621,-0.0154255992,0.8686964512,-0.0624896586,-0.221981287
6.2530269623,0.0301257949,-0.0199595485,-0.0110547906,0.8032590151,-0.0821786746,-0.2033475488
6.2629852295,0.0299413335,-0.0132089807,0.0042045345,0.728038609,-0.0753894746,-0.178071484
6.2730588913,0.0291769337,-0.0036698719,0.0130402083,0.6142773628,-0.0496779867,-0.1540811658
6.2827062607,0.0243423935,-0.0159425978,0.0132825011,0.4609256387,-0.0268871859,-0.1270133257
6.2927231789,0.0217144173,-0.0438804515,0.0126044983,0.2458530217,0.0141265588,-0.0864761248
6.3028488159,0.0209833737,-0.0731991976,0.0193414912,0.0064436193,-0.0080895312,-0.0325846635
6.3125553131,0.024954712,-0.1064986438,0.0072298874,-0.227125898,-0.0191323292,0.0216877274
6.3224830627,0.0268959459,-0.122952953,0.017199479,-0.4607471526,0.0007082214,0.0781081244
6.3323392868,0.021013407,-0.1016485244,0.020938538,-0.6343686581,0.0279733967,0.120797202
6.3423099518,0.0161478352,-0.0876404941,0.0127642984,-0.7564271688,0.0488725565,0.1618064195
6.3522367477,0.014223909,-0.0706401616,0.0074966778,-0.8296400309,0.0465742461,0.1877363473
6.3621811867,0.016253313,-0.0422576703,0.0054695834,-0.8208153844,0.0425440818,0.1962358356
6.3720588684,0.0178499352,-0.0077738417,0.0007716647,-0.7122576237,0.0434607454,0.1836592555
6.3822450638,0.0162689146,0.0239461269,-0.0104242926,-0.5201078653,0.0596096218,0.1617217362
6.3918838501,0.015642738,0.054339353,-0.0170045868,-0.2792095244,0.067596972,0.1206165105
6.4018611908,0.0189385694,0.0782792568,-0.0159836784,-0.0301637463,0.0691250935,0.0652935952
6.4118108749,0.0231802892,0.0865017325,-0.0134526258,0.1810050309,0.0873530954,0.0155924195
6.4216780663,0.024383029,0.0738093853,-0.0113186603,0.3144933283,0.0947628096,-0.0246170517
6.4316449165,0.0274638291,0.0434346385,-0.0183151141,0.3732848167,0.0677802041,-0.045951467
6.4415798187,0.0351859033,0.0050594108,-0.0185650364,0.3986029625,0.0123779271,-0.0609735586
6.4514398575,0.0439993963,-0.0159130041,-0.020051159,0.4104244411,-0.0137415584,-0.0868761316
6.4616680145,0.03248436,0.0060363123,-0.0172597542,0.4173539877,-0.0187672079,-0.1410032809
6.4713630676,0.0171364378,0.0014967966,-0.0142509704,0.4046958387,-0.0222655386,-0.1695786268
6.4812717438,0.0199616086,-0.0318041369,-0.0077296267,0.3580942452,-0.0209454093,-0.1502528638
6.4911842346,0.0225356128,-0.0420854129,-0.0008119115,0.2563743591,-0.0020867661,-0.0919546485
6.5011281967,0.0240418669,-0.0371300876,0.0052271714,0.1317842305,0.0074763792,-0.0431628712
6.5109949112,0.0153875109,-0.0409914367,0.0089009041,0.007250912,0.0113171898,-0.0068446794
6.5210189819,0.0130753573,-0.0429930575,0.0104561681,-0.1018145904,-0.0060945572,0.025624847
6.5308427811,0.0207405295,-0.0360664241,0.0178087577,-0.177693814,-0.0192385893,0.0630609319
6.5408501625,0.027151553,-0.0179502759,0.0244216546,-0.232733354,-0.0063153333,0.0881548375
6.5507521629,0.0249021258,-0.0059001474,0.0307802185,-0.2826902568,0.028609626,0.1102435961
6.5607271194,0.0208111461,-0.0077455072,0.0410477743,-0.3288963735,0.0364537016,0.1215292737
6.5705718994,0.0212410595,-0.0155207021,0.0431034788,-0.3253713548,0.0333069116,0.113620013
6.5805001259,0.0256495383,-0.0169743542,0.0379638299,-0.2497756481,0.0246737413,0.0939467102
6.5904431343,0.0261137169,0.0078732567,0.0318753347,-0.1073979065,0.0301044602,0.0569105297
6.6003551483,0.0220479276,0.0340599157,0.0321097597,0.061342109,0.0354355723,0.0078005092
6.6103773117,0.0227854308,0.0507775284,0.0259366259,0.2097356617,0.0444234759,-0.0340541638
6.6202640533,0.0216803681,0.0526922494,0.0155425305,0.3268063664,0.0427062698,-0.0757763088
6.6303291321,0.0235011708,0.033515919,0.0071224202,0.4102967381,0.0251432564,-0.1016497463
6.640209198,0.022619253,0.019558249,-0.0026970278,0.4873054922,-0.0023930296,-0.1214743182
6.6500740051,0.0242748316,0.0200120416,-4.68859e-05,0.5436706543,-0.0296134651,-0.124044776
6.6599640846,0.0267366227,0.0323470458,0.0057400097,0.5806153417,-0.0444741696,-0.1181482673
6.6698040962,0.025079703,0.0285446327,0.0059188833,0.5750169754,-0.0394138955,-0.1058284119
6.6796112061,0.0184749942,0.0106665501,0.0057290425,0.4825440347,-0.0192255396,-0.0710517913
6.6895241737,0.0166552272,-0.0066184467,-0.0002044806,0.2997488379,0.0056624999,-0.0270607676
6.6994328499,0.0173327755,-0.040505778,-0.004955567,0.0590706989,0.0098921321,0.0258983206
6.7097511292,0.0199538078,-0.0765266716,-0.0193343535,-0.177537486,-0.010107941,0.0802138597
6.7194890976,0.0257669371,-0.0943207964,-0.0173771158,-0.4026169479,-0.0324156433,0.1302828789
6.7293019295,0.0343746245,-0.0796821862,-0.0045634876,-0.5877540708,-0.0488199182,0.1655907333
6.7393608093,0.0309935492,-0.0617817864,-0.0073975096,-0.707341969,-0.0528021418,0.1820088476
6.749253273,0.0272517782,-0.0504697748,-0.0057253609,-0.7708929777,-0.0493866391,0.1856117845
6.7592229843,0.023068903,-0.0296852384,-0.0026739012,-0.7483256459,-0.0523158498,0.175093621
6.769285202,0.0186606999,-0.0100552766,-0.0054800282,-0.6348711252,-0.052629035,0.1474871337
6.7795109749,0.0154115763,0.016680574,-0.0077916752,-0.4592378139,-0.0349885225,0.1112601534
6.7891230583,0.006372964,0.0452293195,-0.0050568352,-0.2283950746,2.00606e-05,0.0655940697
6.7988910675,-0.0032313184,0.0629181862,-0.003231741,0.0182549171,0.0507950895,0.0267601181
6.8090720177,-0.0057556424,0.0724514127,-0.001233972,0.2242530882,0.0999746248,-0.0039849775
6.8186988831,0.0020769297,0.0734026879,0.0046640863,0.382966578,0.1217662022,-0.0315188691
6.8286542892,0.0132710394,0.047343377,0.0040913452,0.4967848361,0.1127953455,-0.0390098058
6.8385810852,0.020877583,0.0254741888,-0.0092859631,0.5660834908,0.1109926552,-0.0414511263
6.8485951424,0.0262552258,0.0171564762,-0.0067120562,0.5909941196,0.1024702713,-0.0503668264
6.8584442139,0.0226560142,0.0094840163,-0.0082583195,0.579982996,0.0986459702,-0.0513165072
6.868347168,0.0183318164,-0.0070562353,-0.0055122743,0.5215623379,0.1165631786,-0.0460527018
6.8784680367,0.0174707305,-0.0226744879,0.0035415522,0.397593528,0.1215430275,-0.0339441076
6.8881840706,0.0163656082,-0.0416984484,0.0024708738,0.2213083357,0.1115172878,-0.0046333568
6.8981161118,0.0215965938,-0.073669903,0.0006485811,0.0274216942,0.0655633807,0.0272955485
6.9080657959,0.0268802475,-0.0914165452,-0.0051445137,-0.1651516557,0.0104037262,0.0571399294
6.9179940224,0.0258326437,-0.0927505493,0.0020228853,-0.3631473184,-0.0016247077,0.084550783
6.927942276,0.0169521403,-0.0782811791,0.0141939158,-0.5616801381,-0.0192234088,0.1007278562
6.937857151,0.0110856798,-0.0688631907,0.0030738343,-0.7131308913,-0.0355129018,0.1125964969
6.9477329254,0.0117235538,-0.0768919587,-0.0021313797,-0.8379975557,-0.0533347726,0.1259682029
6.9579429626,0.0134169366,-0.061289724,-0.0038763057,-0.90963763,-0.0768222585,0.1408065259
6.9676208496,0.0160083901,-0.0369284041,-0.0059081684,-0.8978979588,-0.1106776893,0.1349254102
6.9777741432,0.0135661494,-0.013442832,-0.0071111689,-0.7938442826,-0.1221037135,0.1099145934
6.9874677658,0.0114063527,0.01217061,-0.0026794444,-0.6086531281,-0.1380962729,0.0773930028
6.9973697662,0.0090570878,0.037993487,0.0059629907,-0.3566307425,-0.1362962425,0.0408909172
7.0072832108,0.0100519191,0.0632853881,0.0186911449,-0.0621448494,-0.1073886901,-0.0001040525
7.0172190666,0.0090067592,0.0839529708,0.0270284042,0.2361986935,-0.0332465507,-0.0296717975
7.0272240639,0.009527659,0.0902642012,0.0315395817,0.5429756641,0.0206805971,-0.0546020158
7.037112236,0.0138534214,0.0844558403,0.0116241211,0.7978737354,0.0845647678,-0.0704044104
7.0509929657,0.0137646701,0.0815459043,0.0103172297,0.9613259435,0.1231875271,-0.0898155347
7.057281971,0.0120346528,0.0686451793,0.0019690623,1.0563497543,0.1574752033,-0.1162266359
7.0669331551,0.0144246724,0.0383839346,-0.0072651873,1.0784655809,0.1585476547,-0.128318578
7.0769453049,0.0187272187,0.0150320875,-0.0090643531,1.0082881451,0.1489259154,-0.129782781
7.0866718292,0.0299451854,-0.001588012,0.0018769732,0.8398051858,0.1376167983,-0.1119195297
7.0966539383,0.0342444852,-0.0176587123,0.000616633,0.5917450786,0.1198628396,-0.0768467635
7.1065740585,0.0259118583,-0.061116945,-0.013080216,0.2852780223,0.1068903133,-0.0213915966
7.1166973114,0.0161290225,-0.1170458049,-0.0207691565,-0.0488600247,0.0513386391,0.0409490094
7.1266241074,0.021815924,-0.1399480402,-0.01931528,-0.3849102855,-0.0265303236,0.0939214751
7.1363310814,0.027696399,-0.127036944,-0.0016781458,-0.6881204844,-0.0704764724,0.1331426501
7.1462521553,0.0200055744,-0.1031391546,-0.0015998253,-0.9040284753,-0.0900437906,0.1480684131
7.1561899185,0.0100618806,-0.0912709683,-0.0106968051,-1.0513545275,-0.0805125982,0.1557678729
7.1660780907,0.0024089573,-0.0751794726,-0.0131243831,-1.1050419807,-0.0915559307,0.150250867
7.1761231422,0.001584923,-0.0506505631,-0.0125934249,-1.0310630798,-0.1128486991,0.1313402951
7.1859340668,0.0057099666,-0.0195137281,-0.0047130357,-0.8352217078,-0.1390986741,0.1041724533
7.195827961,0.0134039428,0.0245584976,0.0049887528,-0.5528187752,-0.1409495771,0.0576486252
7.2060160637,0.0187504645,0.0662964061,0.0217092261,-0.2294638157,-0.1242137402,-0.0006301596
7.2157697678,0.0191682931,0.0926725492,0.033968471,0.0783075988,-0.0797048584,-0.0628890023
7.2257099152,0.0176565778,0.0966022909,0.0419288501,0.3284430504,-0.0315786116,-0.11533048
7.2355771065,0.0172570255,0.079236865,0.0330415592,0.5289114118,-0.0105486941,-0.1565138549
7.2454919815,0.0188737419,0.0509544946,0.0234154686,0.6548322439,0.0185157154,-0.1640823931
7.2554450035,0.0202170368,0.0387003161,0.0249884948,0.7230914831,0.0306810346,-0.1542188525
7.2653708458,0.0214428809,0.0378403738,0.0138201946,0.7707225084,0.0334760211,-0.1417133361
7.2753839493,0.021101987,0.0324228965,0.0030450455,0.7983469367,0.0274333078,-0.1348977834
7.2852373123,0.0179670881,0.0269934926,0.0046417345,0.7930102348,0.0257033184,-0.1293808818
7.2952318192,0.0166325923,0.0210237857,0.0102438563,0.7260546684,0.0352901667,-0.1059107035
7.3050608635,0.010180695,0.0089319693,-0.003728963,0.566803813,0.0757355914,-0.067782931
7.3149819374,0.0032005592,-0.032841567,-0.0056435238,0.2881093025,0.104258582,-0.0097345421
7.3249969482,0.0022306873,-0.0787905604,-0.0185358301,-0.0557750165,0.0800632313,0.0407781675
7.3348698616,0.0121059474,-0.1416919976,-0.0268071666,-0.468993485,0.0634155422,0.1051678061
7.344836235,0.0228719544,-0.1672523618,-0.013501442,-0.9000663161,0.0320640132,0.1641861945
7.3547182083,0.0254413541,-0.1842767447,-0.0154766804,-1.2854026556,0.0149236433,0.2203948647
7.3646030426,0.021589404,-0.176560089,-0.0033280025,-1.6144469976,0.007885973,0.2653065622
7.3747339249,0.0172466245,-0.1436190754,0.0011957517,-1.8185087442,-0.0118371313,0.2863114476
7.3844690323,0.0166914519,-0.1078047752,0.0075886478,-1.8141846657,-0.0592741519,0.2944550812
7.3943967819,0.0216961112,-0.0552943312,0.0022452106,-1.5762245655,-0.1020836756,0.2836594284
7.4043912888,0.0269512292,0.025239436,0.0151934261,-1.1370117664,-0.1171353236,0.2528459728
7.4142699242,0.0301575568,0.1200075597,0.021978341,-0.5268157125,-0.1165672764,0.169706881
7.4242172241,0.0327207223,0.1930700243,0.024759911,0.1465055496,-0.0638137832,0.0444429405
7.4340901375,0.0304958131,0.2327047884,0.0408445224,0.8022253513,-0.0490593351,-0.1064437702
7.4440870285,0.0294642281,0.2361129373,0.0248471722,1.3399413824,-0.02254517,-0.2402669936
7.4539608955,0.0220291074,0.2050724477,0.0315554962,1.6856887341,-0.0006422676,-0.3348810971
7.4638719559,0.0152966212,0.1583717465,0.0204807147,1.8476163149,0.0032621929,-0.3980592787
7.4738678932,0.0092588197,0.0913629681,0.0033883085,1.8738598824,-0.0067699347,-0.4188601673
7.4836950302,0.0078204703,0.0301923584,-0.0034964452,1.7970684767,-0.0280344766,-0.4053312838
7.4936451912,0.013887113,-0.0050518466,-0.0011301407,1.6187539101,-0.0228503663,-0.3608056307
7.5036430359,0.0157298651,-0.0277109127,0.0036566486,1.2812043428,0.0405773409,-0.2723845243
7.5135231018,0.0070442688,-0.0591495745,0.0003469816,0.8149893284,0.095738858,-0.1600217521
7.5232520103,-0.0005742701,-0.1339168847,-0.0179949179,0.2508324981,0.1054753736,-0.0359144509
7.5331859589,0.0179805588,-0.2092909217,-0.0198725238,-0.362544626,0.0297009908,0.0939351618
7.5433931351,0.0454655588,-0.2398097515,-0.0091976291,-0.9222497344,-0.046210818,0.200626716
7.5533900261,0.0465870127,-0.2322941571,-0.0014719734,-1.3670704365,-0.0829046518,0.2690499723
7.563120842,0.0294064041,-0.206831947,0.0120008225,-1.683634758,-0.0777034983,0.3240146339
7.5730690956,0.014621092,-0.1678601354,0.0272795185,-1.8598395586,-0.0692239925,0.3551917374
7.5830321312,0.0128594842,-0.1238037199,0.0281724557,-1.8490860462,-0.0954145864,0.3543133438
7.5929508209,0.0159019362,-0.0696621314,0.0276435241,-1.6199007034,-0.1320492923,0.3310199976
7.6028461456,0.0181013104,0.0070045413,0.0243491158,-1.1879563332,-0.1399492919,0.2712461352
7.612704277,0.0177672189,0.0989494175,0.0424628481,-0.5961295366,-0.108385779,0.1778775752
7.6229081154,0.0142196324,0.186616987,0.0394070968,0.076179646,-0.0406890176,0.0500668399
7.6325469017,0.0103037711,0.2396486849,0.0394193754,0.7510411739,-0.0064620734,-0.09574949
7.6424541473,0.007198384,0.2530164421,0.0153195495,1.3109881878,0.0578849614,-0.238213554
7.652700901,0.0055400636,0.2304669917,0.0226833448,1.6625236273,0.092785418,-0.3448995054
7.6624717712,0.0054021385,0.1811723411,0.0089152688,1.8296712637,0.0919470564,-0.4147869647
7.6723232269,0.0089223217,0.0941799134,-0.0040641795,1.841149807,0.0536044575,-0.4257067144
7.6821842194,0.0257320907,0.0213186871,-0.0084492331,1.7317004204,-0.0176963508,-0.40339607
7.6923770905,0.0430131182,-0.0128680421,-0.0009102592,1.5104455948,-0.049438037,-0.3465527594
7.7021131516,0.0447667912,-0.0345414169,0.0069077839,1.1580986977,-0.0313146934,-0.259196043
7.7120099068,0.0270909574,-0.0725842938,-0.0009479293,0.6689024568,0.034542352,-0.1437136531
7.7219181061,0.0125762876,-0.1413536072,-0.0144751435,0.0935952067,0.031906087,-0.0156624056
7.7318768501,0.0210243221,-0.2127673328,-0.0257449523,-0.5617157817,0.0121153397,0.1086225286
7.7418003082,0.0337073803,-0.2512921095,-0.0149413114,-1.2214212418,-0.0333498791,0.2291805297
7.7517271042,0.0317696184,-0.2592549026,-0.0220966712,-1.7973405123,-0.0714136437,0.325602144
7.7616581917,0.0203776564,-0.2619511783,-0.0030187734,-2.2774586678,-0.0860074982,0.4034231603
7.7715988159,0.0093767624,-0.2182182521,0.0056581129,-2.5950448513,-0.0982415229,0.4468670189
7.7814860344,0.0029647781,-0.1507056206,0.010390305,-2.6784880161,-0.0972803906,0.4717160463
7.7916097641,-0.0012338104,-0.0734351426,0.012184822,-2.4980287552,-0.0958662555,0.4680416882
7.8019771576,-0.0040542502,0.0119969221,0.0036797156,-2.0150361061,-0.10299474,0.4300408065
7.8113098145,0.0039751586,0.1027857959,0.0193376169,-1.3098516464,-0.0785383955,0.3685154021
7.8212008476,0.0194133576,0.2217621952,0.0232579336,-0.4620019794,-0.0448022708,0.2379092127
7.831138134,0.0223406013,0.3128283024,0.021695815,0.4114991426,0.0496725664,0.0614470914
7.8410730362,0.0121379327,0.3358068168,0.0260415897,1.1857932806,0.1025381833,-0.1222524941
7.8510141373,0.0065089669,0.3006229699,0.0090827579,1.7541214228,0.1525321007,-0.2723053694
7.8608798981,0.0096129905,0.2247526497,0.019795619,2.0475139618,0.1510870755,-0.3673388362
7.8708410263,0.0170164909,0.1358803362,0.010241353,2.1452693939,0.1094389632,-0.4331109226
7.8807549477,0.0200081374,0.0474067591,0.0053144326,2.118263483,0.0446266755,-0.4526066482
7.8907527924,0.0319827199,-0.0126542551,0.0041788449,1.9833670855,-0.0206735004,-0.4347016811
7.9005761147,0.0445932969,-0.0351541005,0.0086392993,1.7478575706,-0.0371941552,-0.3865527809
7.9105291367,0.0387788564,-0.0526098162,0.0179798231,1.3920799494,0.0031692486,-0.3048954606
7.9203767776,0.0189115908,-0.0951593593,0.0060088267,0.9183947444,0.0409773476,-0.1945438385
7.9303860664,0.009687325,-0.1627033353,-0.0046471129,0.3323978484,0.016243238,-0.0659416541
7.940320015,0.02446316,-0.2104431838,-0.0044010649,-0.2405614555,-0.0909657702,0.048403196
7.9501318932,0.0392301232,-0.2350733429,-0.0091978675,-0.7833789587,-0.1282649487,0.1572196931
7.9603428841,0.0307359975,-0.2165221721,0.0094595188,-1.253062129,-0.1417831481,0.2384030223
7.9700613022,0.0095822643,-0.1847522855,0.0106953019,-1.5885525942,-0.1241309121,0.287982285
7.9801292419,-0.0005511584,-0.1579466313,0.0149466032,-1.747018218,-0.1246022955,0.3165529966
7.9899349213,0.0031339286,-0.1131496206,0.0162922367,-1.7042499781,-0.1368674785,0.325409621
7.9998531342,0.009188151,-0.0438005961,0.0277810916,-1.4218149185,-0.155461669,0.2980647385
8.0097780228,0.0089045223,0.0332200266,0.0195989236,-0.9277775884,-0.1237940267,0.2438725978
8.0197057724,0.0133466627,0.1168705076,0.0338530168,-0.3347935379,-0.0607109293,0.1589428484
8.0296554565,0.0115331169,0.20871526,0.0226307735,0.263926357,0.0208864603,0.025452707
8.0397310257,0.0009204951,0.2458610833,0.0116691226,0.8025125265,0.0846257582,-0.1298447102
8.0494966507,-0.0094165895,0.2123803347,-0.0171518698,1.1879411936,0.1347842664,-0.251781255
8.0594158173,-0.0038214268,0.146641776,-0.0103916889,1.3541140556,0.1197999939,-0.3123753071
8.0693702698,0.0145434942,0.0873993263,-0.0124226576,1.3757675886,0.0704255179,-0.3307154477
8.0793266296,0.0248162355,0.030277634,-0.0181919709,1.3163985014,0.0095051751,-0.3232240677
8.0891685486,0.033271499,-0.0113192825,-0.0206581131,1.2127012014,-0.0582472421,-0.2992958128
8.0990791321,0.0415554494,-0.0215045922,-0.0125582581,1.0841858387,-0.0972106159,-0.2624537647
8.1090335846,0.0374344215,-0.0214952659,-0.0035631428,0.914195478,-0.0940976515,-0.2116047144
8.1191482544,0.023751935,-0.0370716043,-0.0040881406,0.6735473871,-0.0483458713,-0.1430851221
8.1289634705,0.011951318,-0.0693740621,-0.005005456,0.3510950208,-0.0058684549,-0.0731238648
8.1388130188,0.0093602296,-0.1153307557,-0.0060955058,-0.0182850733,-0.0045896047,0.0058759092
8.1487112045,0.0155336168,-0.1588823944,-0.0128016239,-0.4331515133,0.0010379207,0.0944515765
8.1586265564,0.02387782,-0.1734818369,0.007460617,-0.867831111,0.0085810581,0.1684767008
8.1685962677,0.0230616909,-0.1672854722,0.0034154286,-1.2298984528,0.002817445,0.2221572399
8.1785211563,0.0150180068,-0.1650643349,0.0078976387,-1.4938188791,0.0102964006,0.2755630612
8.1884393692,0.0077836942,-0.128620252,0.0111292833,-1.5986758471,-0.0017954163,0.3096536398
8.1983585358,0.0073821228,-0.0655713677,0.0130924219,-1.4655065536,-0.0329866223,0.3131873608
8.2083396912,0.0086751338,0.0030572684,0.0054372777,-1.0592794418,-0.0707534477,0.2782149911
8.2181892395,0.0124784168,0.0817658156,0.0220294818,-0.4565188885,-0.0716141835,0.2072893828
8.2281894684,0.0196307879,0.1933379322,0.0340417251,0.2949844301,-0.0864780843,0.0808675289
8.2380447388,0.0207626875,0.2864507437,0.0440777764,1.0946383476,-0.0435386002,-0.106291078
8.2480077744,0.0153069552,0.3288675249,0.0470683798,1.7771285772,0.0274247881,-0.2896790206
8.2579154968,0.0055706557,0.3225815594,0.0366972908,2.2175350189,0.1024247259,-0.4355124831
8.267824173,-0.009975696,0.2432538718,0.0087802047,2.4214832783,0.1712195128,-0.5105515718
8.2777366638,-0.0146969501,0.1093037054,-0.0163997784,2.374298811,0.1844237298,-0.5046089292
8.287981987,0.0080812704,8.15998e-05,-0.0191362277,2.0724651814,0.1586230248,-0.4514889717
8.2976226807,0.0406415313,-0.0787872747,-0.0061660777,1.5648664236,0.1368063986,-0.331078887
8.307592392,0.0547910631,-0.1550617814,-0.0086059934,0.8835453987,0.1169469431,-0.195168972
8.3174753189,0.041873239,-0.2499525994,-0.0314829722,0.1380864233,0.0849645138,-0.0437190719
8.3274021149,0.0401252434,-0.3231270313,-0.0344231501,-0.6256644726,0.0122682042,0.1181827411
8.3372926712,0.0498484969,-0.3250569105,-0.0147789484,-1.3502699137,-0.0675315559,0.275841713
8.3472490311,0.042418398,-0.2965503931,-0.0018339524,-1.9695472717,-0.1111080647,0.403911531
8.3571872711,0.0259289574,-0.2755877674,0.0153442258,-2.4860084057,-0.1370800138,0.4865357578
8.3672780991,0.016275106,-0.2286546081,0.0295751914,-2.8236775398,-0.1750324517,0.5168840885
8.3770246506,0.0048962291,-0.1613841355,0.0368002877,-2.8817658424,-0.1943435669,0.5337918997
8.3869609833,-0.0012245792,-0.091049403,0.0427427515,-2.5501565933,-0.214792639,0.5523629189
8.3969392776,0.0035717471,0.0024478557,0.0474234447,-1.8895469904,-0.1868752539,0.5554956794
8.4067974091,0.0139605533,0.1423735321,0.0622895584,-1.0109174252,-0.1193457544,0.4830330014
8.4165782928,0.0210138541,0.2788374722,0.0660081729,-0.0636284053,-0.0095124589,0.3299102485
8.426656723,0.0149355661,0.364456445,0.0776656494,0.8431233764,0.061127089,0.1189902797
8.4366111755,0.0025220125,0.370187372,0.0492401943,1.5973653793,0.1535387784,-0.0894411504
8.4465274811,-0.0054243002,0.3076921403,0.0349505767,2.0743513107,0.2158623338,-0.2563590407
8.4568138123,-0.0075758342,0.2250367701,0.0136609906,2.280864954,0.2292974591,-0.3832777143
8.4663238525,-0.0061672721,0.1264004856,-0.001436151,2.3190352917,0.1841179878,-0.4416672587
8.47631073,0.0143240076,0.0257794634,-0.0090889698,2.2105076313,0.0979950875,-0.448349297
8.4862251282,0.0473304391,-0.0348918214,-0.0008399853,1.9568921328,0.0223828908,-0.3991460502
8.4963941574,0.0601003543,-0.064826183,0.0100715393,1.5000931025,0.0363032334,-0.2828176916
8.5060548782,0.0482600927,-0.0936997309,0.0214616284,0.8869164586,0.0440370515,-0.1367603242
8.5159549713,0.023283435,-0.145909667,-0.0206721202,0.2545536458,0.0376851447,0.0113403834
8.5259075165,0.0229502302,-0.223723501,-0.0333010927,-0.411337018,-0.0085526546,0.1498841494
8.5362071991,0.0371552408,-0.2536243498,-0.0207159296,-1.052128315,-0.0950398743,0.2733723521
8.5457792282,0.039421238,-0.231297493,-0.0117340451,-1.59768188,-0.1358453631,0.340839535
8.5557231903,0.020856021,-0.2043860704,-0.0094272858,-1.9927971363,-0.1223173067,0.3629218638
8.5656261444,-1.42621e-05,-0.1767548025,-0.0126885539,-2.208988905,-0.1086997613,0.3563781977
8.5755710602,-0.0036801116,-0.1359501034,-0.0115595823,-2.1953203678,-0.1255298704,0.3318375647
8.5856990814,0.0031160249,-0.0919288397,-0.0079717403,-1.9003485441,-0.1661260426,0.2900472283
8.5954523087,0.0112415086,-0.0337761976,0.0088019008,-1.3911650181,-0.1849090457,0.2427877188
8.6053295135,0.0194333699,0.0599375404,0.037620686,-0.7612612247,-0.1888369322,0.1680170894
8.615240097,0.0222090241,0.1697939336,0.0363030657,-0.0705039799,-0.1208749339,0.0321242921
8.625169754,0.0096403863,0.2381996214,0.0453630909,0.6398167014,-0.0603585951,-0.132827118
8.635093689,-0.0032325329,0.2573713362,0.0256752595,1.25925529,0.0311502833,-0.2860532701
8.644993782,-0.0084922556,0.2363320589,0.0268989429,1.6628334522,0.0931686461,-0.388668865
8.6549949646,-0.0042391066,0.1953602582,0.0194751844,1.8728476763,0.1089609265,-0.4486595988
8.6649265289,0.0064266082,0.1173660234,0.0014258852,1.9412113428,0.0864857137,-0.4638510644
8.6748037338,0.0263374504,0.0401122309,-0.0150776273,1.8853611946,0.046616856,-0.4383172393
8.6847410202,0.041450046,-0.0044311066,-0.0139470464,1.7038478851,0.0229346976,-0.3745584786
8.6946125031,0.0467863753,-0.0322868191,-0.0125701791,1.3851329088,0.046992898,-0.2666900158
8.7047786713,0.035243161,-0.0653121024,-0.012954629,0.9353932142,0.0715996996,-0.1440714151
8.714430809,0.0239115637,-0.1194833666,-0.0115902787,0.4025613964,0.0632887781,-0.0101372786
8.7245006561,0.0324240401,-0.176195845,-0.0089508062,-0.1819007248,0.0316914394,0.11502783
8.7343559265,0.0422326922,-0.210521847,-0.0038249264,-0.7877528667,-0.0131090572,0.2313341051
8.7442932129,0.0409740433,-0.2203396857,0.006337129,-1.3225752115,-0.0656929091,0.2926059663
8.7541666031,0.0303509887,-0.2294968218,0.0108205909,-1.7271050215,-0.089962028,0.3263031542
8.7642192841,0.0180617776,-0.2027070969,0.0159716234,-1.9736988544,-0.0988266245,0.3405417204
8.7740373611,0.0092118215,-0.1354511827,0.0208063349,-2.0216422081,-0.0812580213,0.3327200413
8.7841854095,-0.0008661541,-0.0670327917,0.0162066445,-1.8684405088,-0.0501930416,0.296730876
8.7939329147,-0.0075894836,-0.0103543093,0.0113176936,-1.5491216183,-0.0285495315,0.2447944134
8.8041181564,-0.0086728279,0.0467424728,0.0056147208,-1.0838954449,-0.0284776259,0.1743463576
8.8137931824,-0.0028761865,0.1035229638,0.0180883631,-0.5356472135,-0.0282733627,0.0948430672
8.8238010406,0.0033758117,0.1722740084,0.0295400843,0.0160064101,-0.0024731907,-0.008347501
8.8335952759,0.006690016,0.2216852754,0.0449799523,0.5506106615,0.0280876476,-0.1257315427
8.8436126709,0.0068710055,0.2283285409,0.0324572548,0.9978986979,0.058275912,-0.230652377
8.8534440994,0.0087398048,0.1960157007,0.0271991715,1.2868618965,0.0607084408,-0.2957260609
8.8635702133,0.0216964316,0.1479947269,0.0213994011,1.4238559008,0.0177647024,-0.327819556
8.8733673096,0.0344223976,0.0854004249,0.0128948921,1.4720423222,-0.0437026508,-0.3362503648
8.8831958771,0.0427634418,0.0262923148,0.0012712112,1.4690397978,-0.1072131842,-0.3215140402
8.8931560516,0.0491407141,0.0001386777,-0.000933207,1.4140708447,-0.1493116468,-0.2866019905
8.9030532837,0.0524517223,0.002049712,0.0101846093,1.2466437817,-0.0997720435,-0.2407258451
8.9130115509,0.0376545154,-0.0107844668,0.0265582427,0.9221217632,-0.0251473431,-0.1719854623
8.9233818054,0.0141085442,-0.0691707879,-5.70783e-05,0.4939323366,0.0381498709,-0.0938379392
8.9328508377,0.0117221978,-0.1714803725,-0.0094433194,-0.0147462655,0.0156126032,-0.0005695398
8.9428005219,0.0284964945,-0.2319379896,-0.0146130091,-0.6150222421,0.0084827878,0.1121647283
8.9526977539,0.0367017016,-0.2374711633,-0.0029722224,-1.1964501143,-0.0276025124,0.2017049938
8.962635994,0.0260669384,-0.2381950021,-0.0024982463,-1.6869263649,-0.0327200405,0.2783814073
8.9725818634,0.0130819883,-0.2248966843,0.000854992,-2.0396673679,-0.0257010162,0.3425803781
8.9826192856,0.0012614002,-0.1676601321,0.0116484994,-2.2009196281,-0.0149801942,0.3905700147
8.9924716949,-0.0017488579,-0.090649277,0.0152451629,-2.1478397846,0.0019604398,0.4154205322
9.0023651123,-0.002850333,-0.0124654574,0.012566709,-1.8678712845,0.0108463429,0.4012410641
9.0122747421,-0.0016021895,0.0610771962,0.0117892856,-1.3900300264,0.0208973791,0.3649539948
9.0222482681,0.0085542258,0.131815508,0.0277037844,-0.7596216798,0.0259475317,0.2997001708
9.0320472717,0.0266385805,0.2109158784,0.0282116756,-0.0777923465,0.0263669789,0.1918718219
9.0420589447,0.0329280943,0.2633959353,0.0242943391,0.5737707615,0.0528909974,0.0386114195
9.0519981384,0.0262500923,0.2652374208,0.0251519307,1.1394867897,0.0407879949,-0.1344156861
9.0618457794,0.0237015393,0.2163847536,-0.0004839668,1.5354453325,0.0406095646,-0.255174607
9.0717458725,0.0216830056,0.1556651294,-0.0021064053,1.7256034613,0.0139678344,-0.3286107779
9.0817518234,0.0178903844,0.0889115632,-0.0154348975,1.7871794701,-0.0313359983,-0.3663576245
9.0916805267,0.017184509,0.0245824438,-0.0285306349,1.7429617643,-0.0716834217,-0.3681322336
9.1016082764,0.0262267794,-0.0134355472,-0.0251483098,1.5698070526,-0.0778297335,-0.3384401202
9.111746788,0.0315527543,-0.0283755045,-0.0054068337,1.2374019623,-0.0253617298,-0.2811921835
9.121427536,0.0225392636,-0.0619120263,0.0015509358,0.7513657212,0.0443867259,-0.2027386427
9.1314001083,0.0133486968,-0.1525491029,-0.0061259638,0.1923267543,0.011766199,-0.0990596935
9.1412572861,0.0244729426,-0.2373895794,-0.0426340476,-0.3838148415,-0.0549233481,0.0120588373
9.1512317657,0.0355435237,-0.2631594241,-0.0242147818,-0.9273018241,-0.1245485023,0.1340862364
9.1611661911,0.0326537676,-0.2194900811,-0.0024195681,-1.340261817,-0.1397380978,0.2223905325
9.1710958481,0.0157266315,-0.1745938659,0.0176598653,-1.6050951481,-0.0991523266,0.2846822739
9.1810083389,-0.0032820755,-0.1292373389,0.0186172351,-1.7318607569,-0.0487935506,0.3178029358
9.1910972595,-0.0079106111,-0.0856016949,0.0195775256,-1.6856174469,-0.0335189924,0.3328106105
9.2008666992,-0.0059824977,-0.039242167,0.0134463543,-1.4320217371,-0.0312198829,0.3347193003
9.2108459473,-0.0017574,0.0293219667,0.0218814835,-0.9964071512,-0.0033067602,0.3101344705
9.2207536697,0.0037818609,0.1179588512,0.0336615071,-0.4154279828,0.0154786455,0.2360416055
9.2306175232,0.0088394154,0.1950942725,0.0227241144,0.2397367954,0.0479846559,0.1084138379
9.2405281067,0.0139495302,0.2331953496,0.0333850607,0.8849131465,0.0564828031,-0.0576640852
9.2504386902,0.0152393263,0.2435193956,0.023795329,1.4152662754,0.0840654224,-0.2193897218
9.2602472305,0.0149595384,0.2222168446,0.0255059823,1.7469501495,0.0931499973,-0.3440152705
9.2703037262,0.0137242209,0.1605871469,0.0074695577,1.8962528706,0.0749667436,-0.4286392033
9.2802448273,0.014861187,0.0662949383,-0.0088521009,1.8898599148,0.0138874063,-0.4569645822
9.2901411057,0.0297200922,-0.0076217409,-0.0097189909,1.7472178936,-0.0670961216,-0.4339576066
9.3002929688,0.0455092266,-0.04120088,-0.0027960904,1.4813268185,-0.1032844856,-0.3787694573
9.3099918365,0.0420859084,-0.0636238307,0.0077941646,1.092962265,-0.0815373808,-0.2929922938
9.3199634552,0.0228931289,-0.1087695658,-0.0013275513,0.594112277,-0.0338790528,-0.1901090443
9.329875946,0.010454325,-0.1749551743,-0.0111587411,0.0461699031,-0.0424501672,-0.0675451383
9.3400068283,0.0149488356,-0.222612977,-0.0269050971,-0.5294231176,-0.0561976694,0.0613981895
9.3497314453,0.0209794622,-0.2415914834,-0.0044874321,-1.0843915939,-0.0696306527,0.1789981872
9.3596429825,0.0192046631,-0.2295047194,0.0021129481,-1.5627584457,-0.0787322745,0.2678681612
9.3695545197,0.0110114049,-0.2199553698,0.016552709,-1.9323945045,-0.0568397604,0.3384194076
9.3796606064,0.0027319735,-0.1824361533,0.0193698034,-2.1409196854,-0.0282230284,0.3890000284
9.3894166946,-0.0038998888,-0.1240177751,0.0217498764,-2.1513073444,0.0216734242,0.4308437705
9.3993616104,-0.0081085656,-0.0499992855,0.0162443742,-1.9461028576,0.0557690747,0.4461223185
9.409280777,-0.0056942459,0.0264684465,0.002392136,-1.544706583,0.0951463133,0.4213928282
9.4191808701,0.0025781861,0.1072671339,-0.0001519093,-0.971813798,0.1312310696,0.3507820368
9.429107666,0.0050389264,0.1853975058,-0.0036791333,-0.3064517975,0.1441239715,0.2357285768
9.4392757416,0.0105890092,0.2414717525,0.0052474369,0.3476676941,0.1838812381,0.0829081461
9.448964119,0.0127095114,0.2622442842,0.0138393277,0.9368803501,0.178175956,-0.0920064449
9.4589424133,0.0093974005,0.2385169715,-0.0065209637,1.3857133389,0.1839385033,-0.2384004146
9.4688310623,0.0124002006,0.1732425094,-0.0015329489,1.6281501055,0.1506180912,-0.3289340734
9.4786672592,0.0196456145,0.1074051559,-0.0079523688,1.7077440023,0.0770059153,-0.3773988187
9.488650322,0.0298142191,0.0442042351,-0.0119979745,1.6875225306,-0.0138161266,-0.388428092
9.4986858368,0.037792705,0.0004084642,-0.0130384928,1.6070598364,-0.0960891619,-0.3768699765
9.5085258484,0.0440420508,-0.0141256098,-0.0021787654,1.4512044191,-0.1356919706,-0.3441452682
9.5184707642,0.0408207476,-0.0152151939,0.0083266133,1.1878856421,-0.1004021466,-0.2840630114
9.528383255,0.0239959639,-0.0359042212,0.019203566,0.8295257688,-0.055552654,-0.2091823071
9.5383024216,0.0122115742,-0.101418972,0.0126596922,0.3710609972,-0.0071156132,-0.1139889434
9.5482769012,0.0101950895,-0.1717906147,0.014109158,-0.1512057483,-0.0238743536,-0.004207884
9.558177948,0.0176625308,-0.2216370255,0.0119058723,-0.7012145519,-0.0336798467,0.1049311236
9.5680932999,0.0245847087,-0.2403343916,0.0256249532,-1.2342728376,-0.0597314201,0.1958185881
9.5780448914,0.0193326455,-0.2352342606,0.0290761814,-1.6711443663,-0.0464813933,0.2705969512
9.5879411697,0.0111507829,-0.2060960531,0.0362067446,-1.9598191977,-0.0173994079,0.3331747353
9.5980682373,0.0033383428,-0.1556729823,0.0356996879,-2.0415482521,0.0048904493,0.3706389964
9.607872963,0.0044493657,-0.0876173377,0.0332834944,-1.8934190273,0.0141846156,0.3911005557
9.617685318,0.00785405,-0.0047962023,0.0259167179,-1.5171450377,0.0199924354,0.3710656166
9.6276111603,0.0108024087,0.0827402771,0.0262317285,-0.9410401583,0.0258300863,0.311591655
9.6376161575,0.0211055484,0.168730095,0.027561985,-0.2448176444,0.0330832042,0.1978786737
9.6477556229,0.0271339845,0.2429623455,0.0387539491,0.512737155,0.0402532332,0.0417919308
9.6574258804,0.0243122038,0.2871027589,0.0305501446,1.2536603212,0.0453348123,-0.1496496648
9.6673126221,0.0180657338,0.2820982635,0.0120876664,1.8514126539,0.0632632077,-0.3100965917
9.6772785187,0.0123984348,0.2463387996,0.0083073014,2.210392952,0.0541051328,-0.4364944994
9.6871919632,0.009533314,0.174547717,-9.3616e-05,2.3657817841,0.0323281996,-0.5133209825
9.6969680786,0.0127064493,0.0859892219,-0.0133582121,2.3437955379,-0.0089566568,-0.5381251574
9.7070398331,0.0243636724,0.0130300578,-0.0184719339,2.1559090614,-0.0404224358,-0.5034458637
9.7169628143,0.0395636633,-0.0447551198,-0.0144671565,1.7888600826,-0.029426245,-0.4306275845
9.7268753052,0.0425569564,-0.0989319533,-0.007576264,1.2195791006,0.0250465851,-0.3136547506
9.7368202209,0.0381596163,-0.1693973094,-0.0031518112,0.5137196779,0.0423307642,-0.1835049987
9.7467536926,0.038000986,-0.2609964907,-0.0236389413,-0.1936976314,-0.0248690452,-0.0516165122
9.7566957474,0.0498588607,-0.3202464581,-0.022200264,-0.9030023813,-0.0709470585,0.1065459549
9.7668027878,0.0554530472,-0.2966543436,0.0132450098,-1.5538345575,-0.1296737492,0.2269267887
9.7765293121,0.0374486744,-0.2537397742,0.0275944695,-2.0649809837,-0.1241088063,0.3126070797
9.7864179611,0.0071591716,-0.2276572436,0.0359007344,-2.4369595051,-0.0931053534,0.3848731816
9.7964496613,-0.0068999957,-0.175385952,0.0381450281,-2.602845192,-0.0854884461,0.4424690902
9.8062753677,-0.0097568724,-0.1033106372,0.0322611555,-2.5216405392,-0.0729665309,0.4848241508
9.816242218,-0.0092789698,-0.0139858229,0.0291741714,-2.1984546185,-0.0393715538,0.4880838692
9.8261566162,-0.0062786806,0.0760764331,0.025611423,-1.6669327021,-0.0015038002,0.4461324513
9.8361034393,0.0042682495,0.1611774117,0.0240762457,-1.0108165741,0.0360630155,0.3561423719
9.8460559845,0.0092875715,0.2329920083,0.0241846666,-0.2900817692,0.0519003011,0.2233539671
9.8559150696,0.0110690203,0.2736715972,0.0140811438,0.4011510015,0.1116158292,0.0681478679
9.8658714294,0.0108238515,0.2838614285,0.0187612399,1.0132094622,0.1308526546,-0.1005712375
9.8758611679,0.0101843234,0.251507163,-0.0056299339,1.4798810482,0.1476896852,-0.2425925583
9.8857011795,0.0199344661,0.178137362,0.0027958979,1.7267494202,0.1090331003,-0.328474164
9.8957061768,0.033515878,0.1132751256,0.0052232374,1.8053406477,0.0321431085,-0.3840458095
9.9055213928,0.0397147685,0.0454213172,0.007870757,1.7954260111,-0.0493341722,-0.4048194587
9.9155330658,0.0463116169,-0.0040233536,0.0075040688,1.7350343466,-0.1280060858,-0.4002665281
9.9253931046,0.0459926575,-0.0204670057,0.0131361717,1.6150414944,-0.1549894959,-0.3680799305
9.935336113,0.0375370607,-0.0215226505,0.0207799897,1.3860440254,-0.1121168658,-0.3213105798
9.94526577,0.0209209453,-0.0442724712,0.0199624524,0.9584409595,0.0018307437,-0.2343286723
9.9552669525,0.0050596427,-0.1078755707,0.0117838616,0.4019524157,0.0476285927,-0.1292238235
9.9651021957,0.005359916,-0.2196199894,-0.0228574052,-0.2099654675,0.0224699751,-0.0135055454
9.9750118256,0.0237039756,-0.2956956923,-0.0207089558,-0.9146293998,-0.0047211652,0.1326127797
9.9850921631,0.0347995013,-0.2777158022,0.0011250606,-1.5704978704,-0.0469865948,0.2397080809
9.9949607849,0.0234211143,-0.2625606954,0.0119480127,-2.0952789783,-0.0531076044,0.334315002
10.0048141479,0.0083159339,-0.2328117788,0.011789822,-2.4350173473,-0.0404717065,0.4136687219
10.0148010254,-0.0013555678,-0.1625517458,0.0172509775,-2.5107784271,-0.0360146426,0.4694630206
10.0246343613,-0.0019869001,-0.0762525201,0.0189317092,-2.3193387985,-0.0303506274,0.4995990098
10.0345726013,0.0034841357,0.0125894221,0.0201784,-1.8682492971,-0.0298454259,0.4740380049
10.046128273,0.010086989,0.1012914851,0.0270992145,-1.231413722,-0.0028777248,0.4056888223
10.0547628403,0.0176378693,0.1948822439,0.0417000875,-0.5039952397,0.0162182041,0.2820718288
10.0643215179,0.0170216095,0.2675293982,0.0307665095,0.2440331876,0.0581400879,0.1150633842
10.0747537613,0.0136974584,0.2801701427,0.0186299309,0.9372001886,0.0776022077,-0.0634562895
10.0845460892,0.0139531475,0.2477625012,-0.0007674465,1.4595038891,0.0866244659,-0.2218824178
10.094581604,0.0181942862,0.1873089671,-0.0005019674,1.7615369558,0.0584103987,-0.3254190981
10.1042070389,0.0250268783,0.1243916079,-0.0080035096,1.8931764364,0.0084449705,-0.3978577852
10.1138219833,0.0299019795,0.0557925366,-0.0099714166,1.9104329348,-0.0629980564,-0.4367806911
10.1236772537,0.0361321345,0.004501489,-0.0078331595,1.8769979477,-0.1431898177,-0.451633215
10.1336240768,0.040451251,-0.0095974552,0.004586779,1.8409054279,-0.2106993645,-0.4464219511
10.1437273026,0.0390387997,0.0026865136,0.0193603858,1.7724884748,-0.2042515874,-0.4280280769
10.1534147263,0.0245227609,0.0108286524,0.0329575166,1.6097490788,-0.1407735497,-0.3922088146
