0.0000000000,0.0396900512,-0.1053966135,0.0227478892,1.0973843336,0.7935615778,-0.1016304269
0.0094430447,0.0379496664,-0.0906244516,0.0224456936,1.1494675875,0.7670301199,-0.1142069399
0.0194519758,0.0418537967,-0.0750755072,0.0406720191,1.160171628,0.740757525,-0.1169824824
0.0294290781,0.0455131643,-0.0892288387,0.0590454489,1.1379129887,0.7269955873,-0.1210600883
0.0393069983,0.0428398065,-0.1086049527,0.078588441,1.1211942434,0.7105569839,-0.1464580148
0.0496050119,0.0356307849,-0.1113146394,0.0806425959,1.0678648949,0.6703059673,-0.1686589271
0.059491992,0.0352252312,-0.1206084192,0.1018863469,0.9843789339,0.5865681767,-0.2035365552
0.0694459677,0.0377021171,-0.1600425839,0.1183710247,0.9073251486,0.6148962379,-0.2304525971
0.0793629885,0.0251021553,-0.1538460851,0.1135159284,0.8355822563,0.6296309829,-0.2422819138
0.0890849829,0.0200851206,-0.1285936236,0.1294683367,0.758381784,0.6359266639,-0.2345403731
0.0990730524,0.0113312379,-0.1505739093,0.1304659396,0.6482738853,0.6711935997,-0.2698399425
0.1089520454,0.0046107131,-0.1803245544,0.1465979367,0.4948736727,0.6716204882,-0.303961426
0.1189450026,0.0181938726,-0.189877376,0.1731784493,0.3675245941,0.6674305797,-0.3388875425
0.1288770437,0.0295707788,-0.1864875108,0.1977672726,0.2801415026,0.6584208012,-0.3720031381
0.1387380362,0.0336954817,-0.170704037,0.1982250363,0.2492197007,0.6588051319,-0.4093758166
0.1486799717,0.0349761657,-0.1494723707,0.1757947952,0.26691854,0.6480989456,-0.4364609718
0.1586070061,0.0343869589,-0.1217291281,0.1580849439,0.3209468126,0.6312440038,-0.4513097703
0.1685820818,0.0306821633,-0.1025589257,0.1500929743,0.3846541345,0.5923954248,-0.4669731557
0.1784009933,0.0307914782,-0.0909743458,0.169197157,0.4341472983,0.5272955298,-0.4684961736
0.18838799,0.0423313417,-0.1146013737,0.1986129433,0.427634269,0.4673573673,-0.47198838
0.1982780695,0.0478777327,-0.155542016,0.2282571942,0.3418141603,0.3946126103,-0.4691169262
0.2082439661,0.0628704205,-0.180828318,0.2604660988,0.2262396365,0.2040847242,-0.4444099963
0.2181270123,0.0905604884,-0.1839393377,0.3023923039,0.1701235622,0.2758870125,-0.4017983377
0.2280960083,0.0486332886,-0.1423820108,0.1927571446,0.1693371236,0.2684256136,-0.4099995494
0.2380340099,0.0251860153,-0.1089439765,0.2192799598,0.1899451017,0.2717713714,-0.3918198645
0.2479090691,0.0444550104,-0.1098004803,0.2097731978,0.2370524257,0.3426830769,-0.4569770396
0.2578400373,-0.0814811811,-0.1368364841,0.2009589821,0.2755431831,0.5163997412,-0.4459145069
0.2677680254,-0.1941710114,-0.1815480888,0.1694501787,0.2430169433,0.5519060493,-0.4946269095
0.2777110338,-0.0477324165,-0.1685390472,0.1820899993,0.2742322981,0.2840448022,-0.4517143667
0.287643075,0.0741536766,-0.1448976696,0.1990965754,0.3207081854,0.2281216085,-0.4666938484
0.2980409861,0.0600218885,-0.1435317695,0.1771741658,0.3387349546,0.2310540229,-0.4352354705
0.3075890541,0.0800901428,-0.1555877924,0.1643188745,0.2843776941,0.2470982373,-0.4212552011
0.3173940182,0.1731330007,-0.1977082044,0.1693304926,0.2558903098,0.2369681001,-0.3809035122
0.3275439739,0.1937484145,-0.1627593338,0.1639043838,0.2386639118,0.224214226,-0.3271409571
0.3373180628,0.1821317226,-0.1420550644,0.1639476568,0.232633546,0.2073947787,-0.2806801796
0.3472180367,0.1745411158,-0.1366814077,0.1695246249,0.2001019567,0.1844923794,-0.2370629162
0.3570910692,0.2022972256,-0.1758189052,0.1800851375,0.1323163509,0.1770597696,-0.2457516938
0.3670489788,0.1867631972,-0.2245735377,0.1916110069,0.1000225842,0.1463926733,-0.266379714
0.376973033,0.1863769442,-0.2245026082,0.1676327735,0.117075339,0.149101913,-0.2598186135
0.3868939877,0.178325519,-0.2156062126,0.1281155497,0.1875742823,0.152345106,-0.2651636004
0.3968579769,0.2279774249,-0.2082229406,0.1100650579,0.2811692953,0.1506052464,-0.2478009313
0.4067380428,0.2503293157,-0.2000872642,0.1161575466,0.3549087644,0.1393270344,-0.2190867215
0.4167140722,0.2597526312,-0.1908655912,0.1201382428,0.4270729423,0.1178568974,-0.183745712
0.4266190529,0.2655569911,-0.2157030404,0.1188309342,0.4290609956,0.0931861699,-0.1857806295
0.4365230799,0.2986524701,-0.2654108405,0.1040954143,0.3798374534,0.0806727782,-0.1818270683
0.4464230537,0.3181044161,-0.2855697274,0.0928605348,0.3014936447,0.0923651159,-0.1717829555
0.4563440084,0.3265604675,-0.3134145737,0.1019138843,0.1955956221,0.0879357532,-0.1658370495
0.466283083,0.3322750926,-0.3219710886,0.1183636934,0.0866819248,0.0717924684,-0.1694493592
0.4762539864,0.3524106443,-0.3384685516,0.1131816059,-0.0213316269,0.0645718351,-0.1698501706
0.4861229658,0.3483184576,-0.3211535215,0.0970425755,-0.0657970905,0.0529982708,-0.1569639295
0.4962880611,0.3398680687,-0.2702333033,0.0827950984,-0.0197521057,0.0477518402,-0.156235218
0.5058370829,0.3213956952,-0.2311447561,0.0680847317,0.0417493396,0.0527487323,-0.1300986856
0.5158990622,0.3259002566,-0.2351763844,0.0519980341,0.1321792006,0.0486352146,-0.1508378983
0.5258380175,0.3292962611,-0.2291295528,0.0444563776,0.1745641977,0.0362107679,-0.1084994823
0.5357550383,0.316942364,-0.2596940398,0.0552616864,0.1774761826,0.077198945,-0.1301030815
0.5458830595,0.2797560394,-0.2558121085,0.0612172633,0.2121883631,0.071285665,-0.145454064
0.5555920601,0.341001749,-0.2773621678,0.0842228681,0.1661093831,0.0552893877,-0.1557658017
0.5655400753,0.3587046266,-0.3450450897,0.1007584482,0.0502528101,0.0578313768,-0.1937680393
0.5754929781,0.3947188854,-0.3392508328,0.1189978868,-0.0167645719,0.0309824515,-0.193669945
0.5853769779,0.390960902,-0.2820572257,0.1124859005,-0.0174996033,0.018099675,-0.2039249837
0.5953329802,0.3494001627,-0.2447419465,0.0961601287,0.0164343063,0.0127701573,-0.2199540734
0.60523808,0.3166004717,-0.2094891071,0.0899222642,0.061583139,0.0054296865,-0.2138522416
0.6151900291,0.2951096296,-0.1840128601,0.0967422873,0.0938079208,0.001147856,-0.1870294511
0.6269789934,0.2668721378,-0.1712844968,0.1035075933,0.1171390787,-0.006459197,-0.160508886
0.638939023,0.2514643669,-0.1635515094,0.0990523845,0.1231355444,-0.0182870962,-0.1427457035
0.663007021,0.2488059998,-0.1553011239,0.1062086374,0.1183264032,-0.0393047631,-0.1181053445
0.663154006,0.2523780167,-0.1501519531,0.1026131064,0.1163728908,-0.0643981323,-0.0983253121
0.664831996,0.2526531219,-0.1568656564,0.1036338359,0.1274074316,-0.0739658028,-0.0972608477
0.6747350693,0.2421619743,-0.1571635008,0.0971071869,0.1368454099,-0.0726296976,-0.107523635
0.6847690344,0.222536236,-0.1589260846,0.0734238178,0.1221037433,-0.0628100857,-0.1228799522
0.6947660446,0.2133420557,-0.1526450664,0.0548854619,0.1163958758,-0.0484718978,-0.1282737553
0.7043659687,0.2049707174,-0.1371698678,0.0442058593,0.0984365866,-0.0469696075,-0.1163004488
0.7196899652,0.1951789409,-0.1321519315,0.0467216522,0.0765671507,-0.0342849679,-0.0949221924
0.7243870497,0.1700709164,-0.1416503042,0.0514156967,0.0148904715,-0.0196314584,-0.083278589
0.734400034,0.1486300081,-0.158316046,0.074315384,-0.0353019498,-0.0091335438,-0.0901630521
0.7443910837,0.1374318302,-0.1482365578,0.084439531,-0.0390466191,-0.0098083885,-0.0916839838
0.7539319992,0.130014509,-0.1229917258,0.0814765245,-0.008941358,-0.0164894611,-0.0952397063
0.7638760805,0.1298286021,-0.1000328436,0.0827567726,0.0419508517,-0.0316516347,-0.0902513415
0.773810029,0.1349014044,-0.0892648622,0.0801806003,0.0781463161,-0.0547766611,-0.0809832737
0.7841870785,0.1431404352,-0.0890219957,0.0645579845,0.1060384065,-0.0741522238,-0.0625270307
0.793645978,0.1459177583,-0.0965859294,0.0507025868,0.1094803587,-0.0752116293,-0.0339714885
0.8036340475,0.1484592855,-0.100008212,0.0561191589,0.0850626379,-0.0911328048,-0.0315826312
0.8134020567,0.1407111883,-0.0969641134,0.0693022758,0.0767636895,-0.1056758016,-0.0237993784
0.8233259916,0.1269709468,-0.0742313862,0.0476279408,0.0944787711,-0.1046462208,-0.0289110485
0.8333179951,0.1060652435,-0.068572022,0.0275648981,0.1125900447,-0.0966641903,-0.0435578711
0.8431750536,0.0845419466,-0.0700986683,0.0159208328,0.1160452366,-0.0828897879,-0.0615573749
0.8531290293,0.0769869536,-0.0647106692,0.0137704751,0.0789903626,-0.06968344,-0.0524137132
0.8630059958,0.0811702758,-0.0668161511,0.0129912635,0.0212748684,-0.0616100691,-0.0245804824
0.8729879856,0.0879255831,-0.0733954683,0.0173207074,-0.0431680381,-0.0550104864,-0.0113214375
0.8829540014,0.0864117742,-0.0729638562,0.0062539717,-0.0591994673,-0.0396658853,0.0009192501
0.8930920362,0.0781156272,-0.0517481826,-0.011096702,-0.0354667976,-0.0297147185,0.0078335153
0.9027760029,0.0788684785,-0.0369924717,-0.0115459422,0.0023524868,-0.030261999,-0.0006031129
0.9126770496,0.0833320171,-0.0364531092,-0.0073465565,0.0403628945,-0.028351713,-0.0080163544
0.9226830006,0.0797276199,-0.0353577472,-0.0035072423,0.0630058944,-0.0250145048,-0.0052879462
0.9327640533,0.071687296,-0.0405885614,-0.0003301956,0.0596662872,-0.0156596191,0.0012298077
0.9425280094,0.0663679093,-0.0475078337,-0.0029837943,0.0474969745,-0.0093322154,0.0065816962
0.9524470568,0.0734052658,-0.0475380979,-0.0114654163,0.0565074235,-0.0047089681,0.0107194167
0.9625060558,0.0783591866,-0.0482125394,-0.0212718099,0.060656894,0.0030339067,0.0138566205
0.9723080397,0.0746194869,-0.0666498989,-0.0220500678,0.0301332511,0.0111791855,0.0016234565
0.9822280407,0.0611038916,-0.0899689496,-0.0128840664,-0.0250921864,0.0197500363,-0.0151677737
0.9925640821,0.0556950979,-0.085692063,-0.0089170197,-0.0704053342,0.0321403928,-0.0193674453
1.0022870302,0.0473404042,-0.0680707842,-0.0108533958,-0.0938821658,0.0388318524,-0.033901915
1.0121570826,0.0429126434,-0.0550127067,-0.0080411294,-0.0966576263,0.0484685004,-0.0382117406
1.0221910477,0.0507433079,-0.0394918881,0.004047229,-0.0875181854,0.0414518677,-0.0351488367
1.0320260525,0.0525586568,-0.0420920216,0.0189570338,-0.0684515536,0.0315699428,-0.0359936617
1.0419510603,0.0502968393,-0.0455747806,0.0278529674,-0.0559845008,0.0260801036,-0.0447053947
1.0519230366,0.0529193394,-0.040047694,0.0265274793,-0.0230368469,0.0203646943,-0.047254838
1.0618079901,0.0564072393,-0.0200936478,0.0203849226,0.0252023209,0.0090212254,-0.0437844731
1.071729064,0.0558201782,-0.0148165422,0.0193808228,0.061092943,-0.0015584483,-0.0413143896
1.0817630291,0.0486004613,-0.0239656847,0.0229224116,0.083127141,-0.0015477957,-0.042354621
1.0916820765,0.0344711058,-0.0355872326,0.0303007513,0.0879414231,0.0070086746,-0.0472543687
1.1014980078,0.0321401618,-0.0435063504,0.0277252346,0.0923058167,0.0120372558,-0.0510224774
1.1114289761,0.0323315971,-0.0442726277,0.0241407305,0.0748586431,0.0227442272,-0.0448447093
1.1213480234,0.0383063518,-0.0421466045,0.0237963349,0.0552655011,0.0212243609,-0.0349079221
1.1312710047,0.0481856726,-0.0334899165,0.0235280544,0.0428627171,0.0093948673,-0.0220659599
1.141190052,0.051005926,-0.0339991115,0.0251668245,0.0201286431,0.0080318609,-0.0203950927
1.1511590481,0.0468262993,-0.0434843861,0.0231685787,0.0017116419,0.0045617623,-0.0185921993
1.1612989902,0.0486567877,-0.0388828851,0.0250331908,-0.0133176418,0.0020458738,-0.0168030877
1.1710100174,0.0482610725,-0.0230228435,0.0173319727,-0.009040161,0.0039004993,-0.0084600374
1.1809830666,0.0475515835,-0.0145857679,0.0122228405,0.0073787598,0.0087868674,0.0034773161
1.1908580065,0.0473906659,-0.0162448715,0.0130729815,0.0243418515,0.0125381956,0.0091550425
1.2008720636,0.0474191569,-0.0213015508,0.0163182765,0.0337896831,0.0128215561,0.0156480949
1.2106890678,0.0462336503,-0.0067938836,0.0173985511,0.0616845191,0.0068092039,0.0271595772
1.2206370831,0.0408452712,3.93567e-05,0.0199212581,0.0649615377,-0.0062970105,0.0342422538
1.23052001,0.0382043831,-0.0193159115,0.0307587534,0.016613448,-0.0114952354,0.0355179422
1.2404739857,0.0422266386,-0.042898614,0.0336699039,-0.0263944715,-0.0059651812,0.0270869043
1.2503910065,0.0389848016,-0.0340316705,0.0277621299,-0.0390463546,-0.0003637542,0.0225030705
1.260338068,0.0326338522,-0.0058640586,0.0180990845,-0.0118935602,0.0038653456,0.0288877338
1.2702530622,0.0261739176,-0.0058242725,0.0183476955,0.000504165,0.0052014533,0.0192898344
1.2801539898,0.0257408004,-0.0156024517,0.024848178,-0.0063825035,-0.0011214236,0.0238345191
1.2901040316,0.0343073867,-0.0073097693,0.0252031833,-0.0035811244,0.0009257484,0.046397984
1.300129056,0.0342873298,-0.007711363,0.0308384448,-0.009427296,0.0036973001,0.071296677
1.3099540472,0.0332873873,-0.0110438885,0.031908527,-0.0184822194,0.0052749566,0.0920017585
1.3198890686,0.034688469,-0.0093486728,0.0282724053,-0.0126831876,0.0055838833,0.1101645157
1.3297929764,0.0344729237,-0.0090509178,0.0260049254,0.0016124835,0.0006282732,0.122256957
1.3396949768,0.0329818986,-0.0069505097,0.0289334804,0.0071883439,-0.0115466341,0.1205298975
1.3495960236,0.0288864207,-0.0289687943,0.0251181871,0.0127702402,-0.0173621792,0.1058531553
1.3594350815,0.0334833078,-0.04252645,0.0214985758,0.0187876523,-0.0316729434,0.0804324821
1.3694050312,0.0385156833,-0.0557813011,0.0160414129,0.015520487,-0.0380642638,0.0546387024
1.3793109655,0.0393549763,-0.0637760758,0.0251550823,0.0088106524,-0.0423639342,0.0260970742
1.3894180059,0.0443437211,-0.0622196309,0.0340889245,-0.0035262629,-0.0479856022,0.0115724932
1.3994150162,0.0404211245,-0.0572389551,0.0232172757,-0.0171480663,-0.0422278456,0.0006482068
1.4094610214,0.0241609048,-0.0541558452,0.006960704,-0.009492809,-0.0323456563,-0.012446655
1.4191260338,0.0110203605,-0.0407349505,-0.0102542499,-0.0069007552,-0.0206855386,-0.0215988755
1.4292290211,0.0052340156,-0.0397387333,-0.0099223116,-0.0006948793,-0.0128984544,-0.0184110031
1.4390300512,0.0135963093,-0.0337040089,-0.0036829568,-0.0013582725,-0.0137788951,-0.0079072313
1.4490790367,0.015937103,-0.0357406996,0.0028994225,-0.0201490931,-0.0155749321,-0.0055371514
1.4589190483,0.0172006916,-0.0375245325,0.0019875311,-0.0311689861,-0.015402359,-0.002890768
1.4687740803,0.011971591,-0.0344914459,0.0015238666,-0.0337207429,-0.0207499862,0.003089227
1.4787480831,0.0140719246,-0.0348083638,0.0027496361,-0.0200004,-0.0207220223,0.0040021585
1.4888529778,0.0190075766,-0.0331135876,0.0152973672,-0.0031265225,-0.0334090553,-0.0091791237
1.4987740517,0.0274570268,-0.0333130173,0.0249289423,0.0135667035,-0.0462851711,-0.0209423061
1.5085240602,0.0312094223,-0.0282485913,0.0062782904,0.0461713411,-0.0391340554,-0.0333928838
1.5184310675,0.0295143258,-0.0148198055,-0.0048295716,0.0685429573,-0.0320383273,-0.0345486961
1.5283659697,0.0205555391,-0.0137407901,-0.0150635103,0.061822474,-0.0225153957,-0.0343582481
1.5382980108,0.0167779159,-0.0291713756,-0.0133445123,0.0300815869,-0.0121080279,-0.0280420296
1.5482059717,0.0153365117,-0.0423656516,-0.0040445188,-0.0062680761,-0.0045089643,-0.0175033994
1.5581600666,0.019558249,-0.0402725898,-0.0010064699,-0.0364568718,-0.0067324378,-0.010246818
1.5680840015,0.0235905629,-0.0287576746,-0.0043403367,-0.0446808897,-0.0079654809,-0.0049778204
1.5778850317,0.0252253395,-0.0145974653,-0.0070787529,-0.0245351419,-0.0144156571,-0.0006954579
1.5878740549,0.027791081,-0.0021091746,-0.0021958209,0.0082122404,-0.0136499992,-0.0030122083
1.5978050232,0.0252667051,-0.0043492662,0.0055804392,0.0392828099,-0.0167163629,-0.0075350543
1.6077910662,0.0249911677,-0.0161282625,0.0033283972,0.0662857518,-0.0072040833,-0.0126601085
1.6177140474,0.0209503751,-0.0176944342,0.0035578154,0.0889127627,-0.0153179364,-0.0181174576
1.6276379824,0.0179219525,-0.0201574322,-0.0038721419,0.0836143196,-0.013695538,-0.0228352491
1.637534976,0.0145341437,-0.0265478175,-0.0045664767,0.0571915023,-0.014022042,-0.0258819051
1.6474330425,0.0184911173,-0.0241560023,0.0108112236,0.0250937529,-0.0122992434,-0.0049754241
1.6573870182,0.0239700209,-0.0210753139,0.0230380446,-0.007876182,-0.0088187577,0.0092008486
1.667304039,0.0260498654,-0.0219868105,0.0186868459,-0.0219105966,-0.0042381207,0.0113206245
1.6772290468,0.0177471172,-0.0120945917,0.0068375012,0.006315981,-0.0021637848,0.0072185583
1.6871510744,0.0156569164,0.0005609569,0.0006886862,0.0531479344,-0.0033805831,-0.0038076944
1.6969469786,0.0166665744,0.0013844994,0.0020145916,0.0669407099,-0.0084299361,-0.0142438244
1.706987977,0.0186918061,-0.0080706449,0.0106995841,0.0509824306,-0.0078911791,-0.0160103645
1.7170000076,0.0134917777,-0.0190844517,0.0150894066,0.0137570295,-0.0013722933,-0.0116904518
1.7268390656,0.0109191071,-0.0299634617,0.0159894377,-0.020657137,0.0054917377,-0.0020335298
1.7372750044,0.0101256501,-0.0299693178,0.012085869,-0.0469768904,-0.0004551007,0.0042193062
1.7466269732,0.0131238084,-0.0183206405,0.0151226064,-0.037123993,-0.0046447855,0.0114250872
1.7566150427,0.0153384637,-0.0056690844,0.0158186704,-0.0003276295,-0.0184724517,0.0041541252
1.7665300369,0.0157952439,-0.0079888226,0.0172670037,0.0389995389,-0.0332671106,-0.0072106817
1.7764680386,0.0229294132,-0.0119401934,0.0154725453,0.0491847992,-0.0336743072,-0.0182316415
1.7863850594,0.0258456748,-0.0227509122,0.016306594,0.0434328094,-0.0310550891,-0.0236837976
1.7963080406,0.0189505797,-0.0330061726,0.014411821,0.0137958229,-0.0196956415,-0.0256665219
1.8062280416,0.0117678475,-0.0369781516,0.014618828,-0.0217973236,-0.0086403266,-0.0190700032
1.8161870241,0.011371417,-0.0276539307,0.015566363,-0.0501125865,-0.0094789565,-0.0117548332
1.8260960579,0.0138839316,-0.0254110824,0.0185895711,-0.071578458,-0.0035201327,-0.0088033183
1.8359900713,0.0090622883,-0.0182985645,0.0167675167,-0.0771069154,-0.0071481573,-0.0006668286
1.8459510803,0.0236629229,-0.0112470658,0.0239819437,-0.0607451648,-0.0131826131,0.0037536523
1.8558549881,0.026423825,-0.0034467923,0.0201377422,-0.0211471561,-0.035926275,0.0022822558
1.8658430576,0.0263691228,-0.0033788504,0.0183716565,0.0189942252,-0.0426941663,-0.0107526202
1.8757250309,0.021357907,-0.0053058909,0.0143962046,0.0584747903,-0.041929841,-0.0239629634
1.8856340647,0.0152425002,-0.0072395178,0.0078480383,0.0608585849,-0.0448744968,-0.0228260607
1.8955590725,0.0101064127,-0.0152169438,0.0096988818,0.0441725478,-0.0360666253,-0.0215213783
1.9055269957,0.0073487437,-0.021645559,0.0101695796,0.0091251712,-0.0290220305,-0.0193249024
1.9154109955,0.0082145315,-0.0223726314,0.0026547455,-0.0177399982,-0.0259996094,-0.0112611167
1.9253439903,0.013940407,-0.0155499922,-0.0016409017,-0.0314371698,-0.0261585992,-0.0047796816
1.9352660179,0.0187834334,-0.0087323161,-0.0023176528,-0.0305186436,-0.0257705767,0.0001282578
1.9451590776,0.0176463705,-0.0065184059,-0.006690965,-0.0226003565,-0.0243132953,0.0018549851
1.9551100731,0.0191931706,-0.0063085603,-0.0103844861,-0.0137069961,-0.0193038899,-0.0064506158
1.965051055,0.0153813642,-0.0107214795,-0.0079423646,-0.001469682,-0.0213707685,-0.0114921462
1.9749610424,0.0096299183,-0.013935511,-0.0106929997,0.0017364977,-0.0207643677,-0.0214885864
1.9849079847,0.0082623195,-0.0216065478,-0.0069246748,-0.0112546682,-0.0065366952,-0.0232418794
1.9947850704,0.0085611623,-0.0191315096,-0.0090361694,-0.020914752,-0.0021555291,-0.019658329
2.0047369003,0.0111106914,-0.006761332,-0.0063803652,-0.0183203891,-0.0011400657,-0.010661738
2.0147161484,0.0078769606,-0.0035554217,-0.0060906867,-0.0170178376,-0.0032844429,-0.0047319443
2.0245909691,0.0074697561,-0.0033509033,-0.0057015279,-0.0125329848,-0.0082507059,-0.0030200311
2.0345311165,0.0122036319,-0.0116513344,-0.0040001133,-0.0165058896,-0.0123359943,-0.0018066952
2.0444779396,0.0143716168,-0.0108121457,0.0020517253,-0.0135124959,-0.0126103004,0.0038576487
2.0544409752,0.0226809364,-0.0102320211,0.0099483272,0.0009268965,-0.0160436481,0.0088356296
2.0644931793,0.0112636369,-0.0084146382,0.0085887453,0.0221183784,-0.00675108,0.0033450569
2.0742120743,0.0120942276,-0.0048408555,-0.0009707667,0.0431198031,-0.0014117082,0.0043914127
2.0841450691,0.008452056,-0.011230153,-0.002956555,0.0470437035,0.0038730686,-0.0001165532
2.0940761566,0.0043099946,-0.0197037589,0.0051028868,0.0279309936,-0.0063156527,0.002110116
2.1039981842,0.0063217706,-0.024892142,0.0075026294,0.0006785127,0.0005118931,0.0004587895
2.1139569283,0.0068598962,-0.0285385679,0.0096720597,-0.0409562849,0.0043428508,0.0095071457
2.1238360405,0.0078974497,-0.0270171817,0.0145306131,-0.0754708499,0.0070238546,0.0053561763
2.1337518692,0.0097310971,-0.0293303709,0.0205086023,-0.0894473866,0.009761584,-0.0044796765
2.1437001228,0.0124207567,-0.0224322733,0.0203106552,-0.0724018216,0.0078110853,-0.0163845383
2.1536231041,0.0147629213,-0.0156005891,0.0181943923,-0.0359575264,-0.0048754155,-0.0255561993
2.1635420322,0.0126851331,-0.0012157756,0.0126986047,0.0116579272,-0.0165501796,-0.0278800055
2.1735169888,0.0091313105,0.0034070043,0.0125427982,0.0350207761,-0.0245455224,-0.0298065394
2.1834011078,0.0113501381,-0.0027069272,0.0197658688,0.0354435965,-0.0314292647,-0.020952791
2.1933450699,0.0101378839,-0.0083341422,0.0179690868,0.0201216303,-0.0304915626,-0.0146381715
2.2032570839,0.0054771579,-0.0112444432,0.0120034358,-0.0007037567,-0.0261966828,-0.0129404059
2.2131791115,0.0038031465,-0.0131720873,0.0060812375,-0.0147399465,-0.0188929625,-0.0132437395
2.2231149673,0.0052723414,-0.0109043317,-0.0006655313,-0.0194138829,-0.0150324451,-0.014859613
2.2334499359,0.0092914831,-0.0108058872,0.0060573956,-0.0312028974,-0.0184173249,-0.0163499173
2.2430138588,0.0171118062,-0.006898609,0.0040125987,-0.0177535806,-0.019249294,-0.016330976
2.2528550625,0.0191580486,-0.0005200777,0.0021442913,-0.0060543134,-0.0221340302,-0.0164367035
2.2628040314,0.0164227318,-0.0054536806,0.0001501582,-0.001146019,-0.0214043241,-0.0221356023
2.2727320194,0.0178897362,-0.0086555751,-0.0008648493,-0.0081583876,-0.0185102671,-0.0263900012
2.282708168,0.0155294817,-0.013179061,-0.001296685,-0.0238958932,-0.0113101453,-0.0280991513
2.2925729752,0.013217954,-0.0131568136,-0.0019668199,-0.0299295522,-0.0043292008,-0.0321266502
2.3025979996,0.0096962582,-0.0053681927,-0.0077477554,-0.0254633427,0.0002580939,-0.0266883429
2.3151040077,0.0103065055,0.0039785756,-0.007458196,-0.0254641399,-0.0003158173,-0.0170064215
2.3224830627,0.0122401398,0.0022087125,0.0015367412,-0.0208740067,-0.000815959,-0.0061663901
2.3329401016,0.0157986116,0.0011324388,-0.0004939295,-0.0189594608,-0.0064125918,0.0033421605
2.3429260254,0.0169143211,0.0050900606,-0.0039009906,-0.005024469,-0.00578595,0.0128276078
2.3527650833,0.0117072444,-0.0034796419,-0.0030647374,0.0007268935,-0.0055145742,0.0080176722
2.3623540401,0.0085116457,-0.0074310647,0.0046634218,0.0063158032,-0.0096227657,0.0052885651
2.3719301224,0.0089747589,-0.0098289223,0.0041149398,0.0086439382,-0.0093702981,-0.000912339
2.3820328712,0.0083627086,-0.0192097928,0.0013167404,0.00906312,-0.0058844872,-0.000299945
2.3918330669,0.0070586777,-0.0215100329,0.0009815834,0.021170117,-0.0078738686,0.00033442
2.4015440941,0.0048741228,-0.0145374807,-0.0049801329,0.0201628208,-0.0069204569,-0.0071895421
2.411648035,0.0053049601,-0.0092947753,-0.0045825103,0.011810882,-0.0033390378,-0.0056544961
2.4215378761,0.0089756828,-0.0131201269,-0.0035716153,0.0006825076,0.0014706312,-0.0032479977
2.4314360619,0.0095486175,-0.0120972665,0.0014712356,-0.0131163942,0.0009843379,-0.0001675193
2.4413938522,0.0119693112,-0.0147337886,0.0018654608,-0.0239851102,0.0017987327,-0.0070119435
2.4513850212,0.0113818925,-0.0180601459,0.0018300556,-0.022529427,0.0079122847,-0.0106226569
2.4611611366,0.0098844599,-0.0118401693,-0.0034777976,-0.0101990793,0.0076486324,-0.0171457361
2.4711329937,0.0057140118,-0.0036283331,-0.0036694265,0.0001816559,0.0071831117,-0.018823795
2.4812159538,0.0043189204,-0.0028376551,-0.0021191693,0.0066407979,0.0076606162,-0.0166269206
2.4909219742,0.0019774712,-0.0072757127,0.006470277,-0.00013455,0.0030536142,-0.0121919587
2.5008869171,0.007010845,-0.0117999436,0.0137378117,-0.011869858,-0.0035741949,-0.0075933444
2.5107831955,0.006082905,-0.0076406719,0.0127928397,-0.0145109156,-0.0036575517,-0.0004707202
2.5208640099,0.0051379181,0.0004292306,0.0072443625,-0.0175801199,-0.0058796937,-0.0012420381
2.5308051109,0.0045199669,-0.0015600744,0.0073573133,-0.0093669314,-0.0071787834,-0.004356605
2.5409140587,0.0039869673,-0.0022655772,0.0065968772,-0.0064463313,-0.0055617122,-0.0095740035
2.5506629944,0.0030843443,-0.008167495,0.0045483252,-0.020416474,-0.0009011801,-0.0118803009
2.5607089996,0.0084068011,-0.0127291949,0.0107655069,-0.0322220922,-0.0030175943,-0.0039300001
2.57051301,0.0079924595,-0.015115221,0.0106260916,-0.0338271782,-0.0006764093,-0.0029177326
2.5804200172,0.0103162508,-0.0094680833,0.0122425696,-0.0310535841,-0.0018386128,-0.002587101
2.5903611183,0.0149893742,-0.0033554854,0.0073009273,-0.0155832805,-0.0063976781,-0.0048558484
2.6002810001,0.0198123138,0.0004695383,0.0067622801,0.0187670588,-0.0193078853,0.004137414
2.6102528572,0.0216767173,0.0073419092,0.0061183712,0.0476407856,-0.0138215069,-0.0079091284
2.6203320026,0.0095330458,0.0045679538,0.0085632941,0.0439057015,-0.0152162034,-0.0035750337
2.6300730705,0.0123908203,-0.0115425708,0.0134534379,0.0271895714,-0.0089101046,0.00107378
2.6400208473,0.0057523823,-0.0187917184,0.0115682026,-0.0094952062,0.000989398,0.0048219129
2.6499149799,-0.0004264289,-0.0215759035,0.0081772348,-0.040482685,0.0096036587,0.0079085166
2.6599011421,0.0053738928,-0.0150222452,0.0097573539,-0.0497852825,0.0105853006,0.0097956993
2.6704039574,0.0082680862,-0.0061824294,0.008331134,-0.0493511856,-0.0014894723,0.0092793126
2.6798050404,0.0114843082,-0.0043334933,0.0115506789,-0.0209080949,-0.0134670399,0.0069216825
2.689663887,0.0138100516,0.0026767356,0.0054797074,0.0153622953,-0.0178751033,0.0009759087
2.6995370388,0.0143987518,0.0003883269,0.0030457519,0.035496857,-0.023005683,-0.0002064349
2.7094478607,0.0142995548,-0.0089905085,0.0022926473,0.0321727023,-0.0183821693,-0.0074057579
2.7193908691,0.0104520153,-0.0158185195,0.004307284,0.0138434954,-0.0209185649,-0.0098505402
2.7294769287,0.0072426624,-0.0234888401,0.0059347888,-0.0097901952,-0.0136345522,-0.0103882318
2.7393841743,0.0059658266,-0.0290108975,0.0041644713,-0.0327780694,-0.0067508132,-0.0135374526
2.7494878769,0.0059849001,-0.0205585938,0.0084087392,-0.0352830365,-0.0058442736,-0.0076151155
2.7592990398,0.009433819,-0.0056818398,0.0137090227,-0.0209734291,-0.014994096,-0.0010073474
2.7691230774,0.0112573635,0.0008984756,0.0093758246,-0.0010178317,-0.0164106302,0.0067919865
2.779531002,0.0129745882,0.0061220331,0.0059811017,0.0267395843,-0.0217763688,0.0059047211
2.7889409065,0.0108900052,0.0056948317,0.0058382293,0.0373956934,-0.0244512465,0.0112510165
2.7988510132,0.008605672,-0.0011709604,0.0022276186,0.0314237326,-0.0202599633,0.0129619306
2.8087830544,0.0084399264,-0.01063699,0.0060069105,0.0010525095,-0.0218504034,0.0085163163
2.8187060356,0.0102267843,-0.0195493829,0.0064840456,-0.0207448415,-0.0174314212,0.0024166123
2.8285698891,0.0071441061,-0.0127167748,-0.0013943173,-0.0265079215,-0.0143405553,0.0010445518
2.8386850357,0.0038313544,-0.0081052231,-0.0092762569,-0.0228057746,-0.0096621811,-0.0032684044
2.8485360146,0.0047962642,-0.0003877851,-0.0099361995,-0.0030717505,-0.0111503555,-0.0015948736
2.8585250378,0.0023217476,-0.0009752783,-0.0078803161,-0.0034583532,-0.0117338542,-0.005220335
2.8683319092,0.0038273311,-0.0094341012,-0.0024421073,-0.0084033106,-0.0138268322,-0.0029595771
2.8783311844,0.0028093881,-0.0055899518,-0.0070348242,-0.0119177056,-0.0140318964,0.0020817863
2.8881940842,0.0043296344,-0.0079475613,-0.0064048031,-0.0173135363,-0.0048362669,-0.001361947
2.8983211517,0.0020756549,-0.0074891942,-0.0056869844,-0.008921029,-0.0027480824,-0.0051185358
2.9080979824,0.0047157384,-0.005787869,-0.0105289081,-0.0102952207,0.0039401804,-0.0086970255
2.9179191589,0.0061596162,-0.0030938806,-0.0072775343,-0.0085921288,0.0089908652,-0.0022234798
2.9278731346,0.0082790088,-0.0042123469,-0.0015403487,-0.0092224982,0.0084830001,-0.0010410363
2.9379620552,0.007093308,-0.0007139567,0.0042507192,-0.0072727981,4.561e-06,0.0112492191
2.9477381706,0.0090733301,-0.0013156134,0.0056795618,-0.0029004202,-0.0030809776,0.0156434346
2.957695961,0.0101414751,-0.0006681356,-0.000102327,-0.0043304497,-0.0002878541,0.0194093771
2.9675521851,0.0086843055,0.0030489368,-0.0004666902,0.01164106,0.0007553061,0.0220626853
2.9776749611,0.0042255051,0.0036866544,0.0003357671,0.0220320933,-0.0019683088,0.0198642127
2.9873859882,0.0010888106,-0.0075967582,-0.0047543505,0.0169065744,-0.0031193271,0.008278396
2.9970932007,0.0075822598,-0.0174834263,-0.0010303118,0.005333541,0.0014964638,0.0001239304
3.0075809956,0.008463202,-0.0142943235,-0.0036153055,-0.004499116,0.0045484467,-0.0032809211
3.0174031258,0.0075000203,-0.0105198668,0.0018992566,-0.0093593858,0.003221127,-0.0038787343
3.0273160934,0.0027487702,-0.0142893316,0.0065570613,-0.0102544744,0.0040642838,-0.0010523216
3.0372860432,0.002276463,-0.0066937404,0.0049359342,-0.0113247978,-0.0016599146,0.0081203375
3.0470349789,0.0077001727,-0.0029774206,0.0120694777,-0.0049814144,-0.0026775086,0.0197202694
3.0569381714,0.0078781676,-0.0029838206,0.0124315759,0.0057439343,-0.0003472426,0.0211310107
3.0669169426,0.0022818572,-0.0039922865,0.007425501,0.0189649314,-0.0020700414,0.0204191487
3.0773160458,0.0033506132,-0.0045506852,0.0096267005,0.0328443497,-0.0018111822,0.0144523028
3.0869531631,0.0077632791,-0.0080691697,0.0152216097,0.0371171236,-0.0087846695,0.0109792743
3.0966939926,0.0063842214,-0.0133889066,0.0198415071,0.0329521187,-0.0085609639,0.0072412947
3.1064779758,0.0040703095,-0.020857377,0.0171824843,0.007314933,-0.00544693,0.0034036799
3.116549015,0.0015111542,-0.0244122501,0.0117033264,-0.0227329805,-0.0047124298,0.0020126109
3.1263539791,0.002596227,-0.0254438948,0.0113310358,-0.0390815958,-0.0118004335,-0.0005490838
3.1362800598,0.0065871752,-0.0153009864,0.0108522912,-0.0324394926,-0.0130925989,-0.007795711
3.1461958885,0.0055951751,-0.0071431594,0.008193328,-0.0285874959,-0.0259716474,-0.0119635584
3.1561059952,0.0088575315,-0.0036025541,0.0117033264,-0.012834277,-0.0283919275,-0.0159216821
3.1660408974,0.0060767955,-0.000506607,0.0087489029,0.0068313028,-0.0269610099,-0.0194290653
3.1760191917,0.0059852875,0.00144999,0.0062272092,0.0151047669,-0.0246903989,-0.0177479777
3.1859030724,0.0042092479,-0.0004275042,0.003746643,0.0032449123,-0.0248946641,-0.0148555189
3.1958198547,0.0016427911,-0.0080072405,0.0036532425,-0.0106081404,-0.0251471307,-0.0057346243
3.2057561874,0.0071645356,-0.0071298899,0.0008371018,-0.0170162395,-0.0215542614,0.0024572588
3.2156860828,0.0109017473,0.0023621796,-0.0031623102,-0.0106834192,-0.0218069945,0.0109373629
3.2257950306,0.0119617563,-0.0053404542,0.0036066317,-0.0117063392,-0.0244773477,0.0112257833
3.235532999,0.0111733656,-0.0066020386,1.8432e-05,0.0046366802,-0.0204149596,0.0082032951
3.2454791069,0.007874487,0.0012108412,-0.0123167494,0.0263688732,-0.0137866186,0.0008769392
3.2563149929,0.0058792657,0.0015004304,-0.0112445811,0.0288923066,-0.0102331629,-0.006458072
3.265499115,0.0054946369,-0.0006594184,-0.0134783247,0.0236943495,-0.0063673183,-0.0096698441
3.2752828598,0.009435622,-0.0038968744,-0.0138215283,0.0020732994,-0.0066938219,-0.0037423803
3.2851371765,0.0112216454,-0.0068104984,-0.0093550542,-0.0263338406,-0.0052088434,0.0019767582
3.2951130867,0.0084269624,-0.0063636722,-0.0066901902,-0.0476324707,-0.0013810818,0.0063121179
3.3050699234,0.0046154237,-0.000900102,-0.0042338828,-0.0469706729,-0.0027909591,0.0087582311
3.3147511482,0.0061422861,0.0083978726,-0.005028055,-0.0281399954,-0.0013264869,0.0090605002
3.3247060776,0.008138625,0.0102306632,-0.0090985755,-0.0091833491,-0.0004372575,0.0085829953
3.3345880508,0.0088289957,0.0115639595,-0.0091647366,0.0144921523,-0.0040535638,0.0208802093
3.3444619179,0.0083429944,0.0059783487,-0.0065585831,0.0219625849,0.007043296,0.0168979838
3.3544530869,-0.0059428089,-0.004981664,-0.0036480881,0.0113546811,0.013733156,0.0152425962
3.3644042015,0.0012531108,-0.0123082893,0.0017556094,-0.0084365997,0.0115573537,0.0131616024
3.3746240139,0.0053222156,-0.0115566524,0.0010331414,-0.0178267285,0.0123403231,0.0176841151
3.3847651482,0.0071043647,-0.0069191577,0.0014344,-0.0278093219,0.0150426328,0.0227225497
3.3943419456,0.0086071473,-0.0047775554,0.0001983188,-0.0316710845,0.013058844,0.0244363938
3.4042670727,0.0062940097,-0.0001954335,0.005988135,-0.0389311276,0.0114806546,0.0191662647
3.414244175,0.009703083,-0.0036269994,0.0105055114,-0.0395179093,0.0119722746,0.030601047
3.4240660667,0.0101732742,-0.0045711147,0.0093298098,-0.0278018638,0.0150335785,0.0249879025
3.4339370728,0.0019929535,-0.0030322792,0.0093709966,-0.0101807937,0.0109328423,0.0168940555
3.4439129829,0.0003422773,-0.0034524249,0.0035765909,0.0161296409,0.0148836412,0.0176405385
3.4537370205,-0.0019896054,-0.0092039006,-0.0038396574,0.0134418895,0.0138295619,0.0157452673
3.4636421204,-0.0010246509,-0.0157444533,0.0027691268,-0.0090564955,0.0103072654,0.0199123155
3.4739069939,-0.0002669417,-0.0155395763,0.0073782941,-0.0338345468,0.0165502466,0.0283523053
3.4836699963,-0.0002545887,-0.0141325863,0.0071770689,-0.0367152877,0.0159342587,0.0366509818
3.4936010838,0.0021161265,-0.0103344144,0.0108165285,-0.0274602715,0.0101791676,0.0336654782
3.5035119057,0.0073114312,0.0008657378,0.0118957302,0.000332213,-0.00035683,0.0341208801
3.5134379864,0.0106083732,0.0058180271,0.0050035259,0.0257513747,-0.0077239326,0.0225689188
3.5233500004,0.0079412591,-0.0137008997,0.0012306713,0.0303439982,-0.0075923726,0.0088480469
3.5332779884,0.0038728989,-0.0179326143,-0.0033045269,0.0230350383,-0.0050660977,0.001774824
3.543241024,0.0010806448,-0.0157690179,-0.0058870772,0.0031044751,0.0009550431,-0.0037951774
3.5531721115,0.0002821661,-0.025277799,-0.0072647193,-0.0125992987,0.0154069532,-0.0024521789
3.5630819798,0.0003182567,-0.020392349,-0.005715237,-0.025566496,0.0152732627,0.0006195114
3.5730481148,-0.0016179257,-0.0181604233,-0.0003514148,-0.033162985,0.0123677533,0.0006573615
3.5829071999,-0.001463207,-0.0205907729,0.0055142781,-0.0328119807,0.0045524412,-0.003559754
3.592854023,0.0079158675,-0.0122393491,0.0084930202,-0.0228168704,-0.0026247778,0.0052558417
3.6027619839,0.014734013,-0.0049523236,0.0086962124,-0.0090280874,-0.0061947452,0.0024214394
3.6127381325,0.0055297292,0.0011900839,0.0088281771,0.0087404344,-0.0108022802,-0.0022548051
3.6226191521,0.0061048842,-0.0038153278,0.0049484512,0.0113956053,-0.0125019103,-0.0070325164
3.6325359344,0.0044915653,-0.0039893659,-0.0007608988,0.0109068267,-0.0050389334,-0.0072342502
3.642663002,0.00591254,-0.0015051264,0.0004406117,0.0048918109,-0.0064647901,-0.0104201902
3.6523919106,0.0035025156,-0.0123509141,0.0073835989,0.0065364018,-0.0030021479,-0.0164582767
3.6624550819,0.0012147105,-0.0205717143,0.0151317259,0.0024111655,-0.0094896089,-0.022757452
3.6722478867,0.0051587499,-0.0260336008,0.0098651787,-0.0055609182,-0.0025555359,-0.0277300049
3.6821751595,0.0034107245,-0.0205146503,0.003762915,-0.0146612059,-0.0051582432,-0.0246162377
3.6920900345,0.0049037463,-0.0059213908,0.0100408336,-0.0124943703,-0.0052812807,-0.0193028301
3.7020590305,0.0041767037,0.0036556227,0.010223045,-0.0050138165,-0.0040945765,-0.0132478671
3.711933136,0.0038025356,-0.0012279946,0.0123261949,-0.0050310381,-0.0102563323,-0.0107193962
3.721886158,0.0078327935,-0.0033307942,0.0107501885,0.000939236,-0.0161669515,-0.0059150541
3.7317938805,0.0058975792,-0.001094279,0.0029692792,0.0008814456,-0.017729694,-0.0149949677
3.7417280674,0.0047909147,-0.0033847289,-0.003580854,-0.0101461718,-0.0125831356,-0.0142932255
3.7517139912,0.0037575788,-0.0033081518,-0.0105958441,-0.0147113623,-0.0064722467,-0.0120430868
3.7615540028,7.10911e-05,-0.002175224,-0.0070253471,-0.0143584935,-0.0031313114,-0.0158269051
3.7715120316,-0.000707122,-0.0021091746,-0.0039579729,-0.0110735735,0.002586762,-0.0148155708
3.7818219662,0.0005308962,7.77122e-05,-0.0017313219,-0.011549213,0.0020812941,-0.0131641459
3.79144907,0.0044980771,0.0017652687,0.0055243513,-0.0022567348,0.0042429818,-0.0046051112
3.8012840748,0.0030564941,0.0111470846,0.0021248602,0.0082539637,0.0068100025,0.0014117684
3.8114171028,-0.0025178962,0.0090787215,-0.0017956353,0.0063861106,0.0060680457,0.0043276967
3.8211431503,-0.0027522468,0.0047740964,-0.0023756481,-0.0002720584,0.0098987371,0.0060504954
3.8310370445,0.0007102168,0.0029073087,-0.0006564118,-0.0051223841,0.0056366138,0.0061700051
3.8407690525,0.005813343,0.0001771849,0.0011449598,-0.0183268711,0.0039846553,0.0131613351
3.8509190083,0.0069136298,-0.0021234648,0.0019691132,-0.0275992882,0.005131945,0.0130744157
3.8609008789,0.0108223688,-0.002414179,0.0042524477,-0.0298613776,0.0017294904,0.0129548404
3.8707551956,0.0113464873,0.0075454591,0.0079376837,-0.008491639,-0.0043584956,0.0128309708
3.8809008598,0.0064517534,0.0147972135,0.0033664249,0.0211368278,-0.008561763,0.0153503213
3.8908228874,0.0031376905,0.0089890687,-0.0033178783,0.0319238715,-0.0021954763,0.0115756895
3.9003901482,0.0005272008,-0.0031721564,-0.0066535333,0.0216328856,0.0010903317,0.0045417482
3.9102959633,0.0034109629,-0.0096120508,-0.0028128482,-0.0016143802,0.0039779972,0.0083029307
3.9204289913,0.0027657426,-0.0105418907,0.0018490099,-0.0179581996,0.0050520501,0.0159667097
3.9303479195,0.0062044836,-0.0127346786,0.0024125718,-0.0320755281,0.0002213423,0.0181070585
3.9402430058,0.0120339226,-0.0134697827,0.0033568882,-0.0270022061,0.0033143375,0.0197851155
3.9501519203,0.0134328436,-0.0061105536,0.0047190329,-0.0134371277,-0.0094856136,0.0169518795
3.9601690769,0.0109121334,-0.0006570864,0.00842823,0.0048076548,-0.0179624539,0.0174472276
3.9700160027,0.0060893274,-0.0001507524,0.0061810752,0.0119505189,-0.0128111029,0.0111630987
3.9800400734,-0.0007792586,-0.009068151,0.0001132034,0.0117087048,-0.0061963433,0.0058951001
3.9898760319,-8.10348e-05,-0.0116213234,0.0005030177,0.0024124079,0.0018061894,0.0079108132
3.9997990131,-0.0004568719,-0.0087504508,0.0025698685,-0.0158302467,0.006548747,0.0082501005
4.0097818375,-0.0014081323,-0.0101768794,0.0087885996,-0.0209120903,0.0124702854,0.0114377039
4.0196418762,-0.000586214,-0.0069804909,0.0131470701,-0.0122272559,0.0044914549,0.0114816464
4.0297441483,0.004495231,-0.0085595222,0.0175079852,-0.0062290169,-0.0059225704,0.0110948551
4.0395097733,0.0085868966,-0.0090796547,0.0167740136,-0.0049789296,-0.0130699622,0.0108003095
4.0494937897,0.0085555445,-0.0028347569,0.0077793738,-0.0019533122,-0.0229122061,0.0113765523
4.0595531464,0.0087458175,-0.0092631178,0.0077257892,-0.0035858299,-0.0245271474,0.0059743291
4.069270134,0.0047230846,-0.0171174016,0.0025280856,-0.0094775409,-0.0204541087,-0.0036598223
4.0792479515,0.0002819872,-0.0192048829,0.0077366373,-0.0117902309,-0.0184356999,-0.007631395
4.089179039,0.0034213341,-0.0088819908,0.0019735836,0.0009221029,-0.0151940985,-0.0105646998
4.0990610123,0.0016362048,-0.0049918117,-0.0067084292,0.0089006675,-0.0124747455,-0.0051510264
4.1089940071,-0.0030073547,-0.0100341784,-0.0047690729,-0.0037569818,-0.0165171567,-0.0100977812
4.1189413071,0.0014344431,-0.0126644792,-0.0006800152,-0.0172200594,-0.0113010909,-0.0049677342
4.1288433075,0.0030758209,-0.0081845941,-0.0006905057,-0.0135680679,-0.0115335844,-0.007701003
4.1387681961,0.0046751029,-0.0049582468,-0.0038387037,-0.0077416035,-0.0106800413,-0.0074626496
4.1486759186,0.0066211349,0.0001052794,-0.004591451,0.0147139933,-0.014217251,-0.0063605346
4.1586709023,0.0058202571,0.0040343432,-0.0028658367,0.0349670686,-0.018667927,-0.0056249695
4.1685962677,0.0046303398,0.0030282913,-0.0031877018,0.0354513191,-0.0176173095,-0.004359202
4.1785182953,0.0040424741,-0.0007839474,-0.0018077947,0.0122029874,-0.0104880277,-0.0028113727
4.1883368492,0.0010778881,-0.0070831599,-0.0023469187,-0.0027229656,-0.0049739522,0.0021908428
4.198302269,0.0025254763,-0.0037737461,-0.0032328225,-0.0126773296,-0.0055758269,-0.0018750052
4.2083091736,0.0040823049,-0.0027999328,-0.0066055516,-0.0085421503,-0.0009278117,-0.003309184
4.2181930542,0.006332112,0.0040333373,-0.0075531462,0.0112816226,-0.0041230726,0.0001324192
4.2284002304,0.0023823953,0.0024831621,-0.0041762451,0.0175721869,-0.0056903427,-0.0048498223
4.2380261421,0.0014284379,-0.0004688773,-0.0024633266,0.0219578799,-0.004942527,-0.0073188394
4.2478837967,-0.0027741068,-0.000951131,-0.0077647427,0.0126434742,0.0038000983,-0.0021437183
4.2578611374,-0.0044806474,-0.0035518305,-0.010196195,-0.0030566594,0.0039657466,0.0034449254
4.2678160667,0.0051247007,-0.0060321288,-0.0095505575,-0.0159808919,0.0098984698,0.0095101753
4.2777218819,0.0093607735,-0.0037924172,-0.0049921134,-0.0236366801,0.0108252503,0.0181992706
4.2876701355,0.0069021261,0.0005466667,-0.0069610337,-0.0233289078,0.0100848917,0.0186034385
4.2975702286,-4.02951e-05,0.0002987263,-0.0073622325,-0.0145940054,0.0095959352,0.0130297095
4.3074703217,0.0011563874,0.003517407,-0.0063947896,0.0099502187,0.0138364863,0.003582644
4.3174648285,0.002519337,0.0007937428,-0.0039089182,0.021968266,0.0102188485,-0.0036614204
4.327381134,0.0033534891,-0.0029436396,-0.0030913211,0.0248925053,0.0108247176,-0.0057406835
4.3373498917,0.0043150014,-0.0027138116,-0.0035272695,0.023511922,0.0113389743,-0.0010641722
4.3473291397,0.0095427018,-0.0063696774,0.0026275062,0.0105733983,-0.0032021513,0.0210902318
4.3571929932,0.0062396503,-0.0049486728,0.0071030995,-0.0028097844,0.0061878883,0.0089925565
4.3670978546,0.0008379645,0.0023682294,0.0082962057,-0.0063376743,0.0086249467,0.0172346067
4.3769841194,0.0080036502,0.0022888212,0.0049116751,-0.0024960646,0.0082443813,0.0189909618
4.3871130943,0.004306627,0.0038611693,0.0047224304,0.0038473192,0.0082433159,0.017246291
4.3968572617,0.0011196113,0.002760875,0.0055009266,0.0151931848,0.0045955842,0.0142238699
4.4068360329,-0.0007035905,0.0018456382,0.0110226413,0.0199234914,0.0037444381,0.0183894206
4.4166908264,0.0008088625,-0.0069231065,0.0157336146,0.0110261366,0.0052752234,0.0159366485
4.4266147614,0.0008478439,-0.0177856218,0.0165391713,-0.0110491598,0.0004873921,0.0116271554
4.4365262985,0.003540454,-0.020598745,0.0176677257,-0.0234339237,-9.71718e-05,0.0086611928
4.4464511871,0.0078419428,-0.0123519273,0.0146129271,-0.0217745975,-0.0068394965,0.0085717766
4.4563741684,0.0079913717,-0.007309665,0.0140147349,-0.0137901753,-0.0078043602,0.0077880081
4.4663000107,0.0078076697,-0.0077507766,0.0117280027,-0.0091138417,-0.0087330043,-0.0001822333
4.4762330055,0.0071497089,-0.0072756754,0.0067517301,-0.002960342,-0.0109495539,-0.00541641
4.4861340523,0.007801888,-0.0057547064,0.0080475351,0.0004374967,-0.0140915513,-0.006932714
4.4960608482,0.008890463,-0.0037977146,0.0073977849,0.0052133435,-0.0113506252,-0.0006378002
4.5059990883,0.0036642826,-0.0070650997,0.0055732867,0.0069312598,-0.0108145308,0.0036112065
4.5159358978,0.0013531721,-0.0137560861,0.0075868508,-0.0041426965,-0.0117761986,0.0094065107
4.5258541107,0.0013996041,-0.013972369,0.0097934743,-0.0111594163,-0.0127458554,0.0076934993
4.5357789993,-0.0019247108,-0.0050531598,0.0117811104,-0.0061888914,-0.0166617688,0.0071416926
4.5456953049,-0.0024827146,-0.0039010094,0.0035584115,-0.003477972,-0.018880181,0.005439633
4.5558252335,0.0040855384,-0.005331059,0.003316357,0.0008970695,-0.0267924331,-0.0004030759
4.5655579567,0.0065538264,-0.0053283991,0.0052729389,0.012409294,-0.0292683728,-0.0029647371
4.5754852295,0.0018518842,-0.0078224363,0.0051146289,0.0152639356,-0.0270464979,-0.0100021409
4.5854091644,0.0016925908,-0.0115959765,0.0033506893,0.010389463,-0.0244493838,-0.0110257268
4.5953388214,0.0042371727,-0.0050071673,0.0017246745,0.0097561637,-0.0224307068,-0.008686672
4.6052560806,0.0019082255,0.0013925311,7.294e-07,0.0127072129,-0.0248693638,-0.0057969424
4.6151661873,0.0022686399,-0.002205749,0.0016307973,0.0048562135,-0.0238056984,-0.0038038329
4.6251010895,0.0033065057,-0.0069245594,-0.0008688428,-0.0076271766,-0.0181416869,0.0048648231
4.6350178719,0.0052739955,-0.0083487378,-0.0072253207,-0.0138549786,-0.0107109342,0.0079974998
4.6449623108,0.0040496266,-0.0012577447,-0.0075206617,-0.013218483,-0.0074240603,0.0060144765
4.6548871994,0.0017385161,-0.0019066307,-0.0104427198,-0.0085555548,-0.006286358,-0.0018421148
4.664812088,-0.0017019534,-0.0046882154,-0.013784335,-0.0008284813,-0.0081271352,-0.0040893238
4.674724102,0.000562591,-0.0033297138,-0.0139200548,0.0040903771,-0.0043236082,-0.0020163192
4.6845641136,0.0041151321,-0.002531101,-0.0030529953,0.013074995,-0.0071385694,0.0014750184
4.6946029663,0.0026768572,-0.0018722016,-0.0013791182,0.0045153289,-0.0018601845,-0.0032291892
4.7045297623,-0.0032983893,-0.0049719112,-0.0026340343,-0.0039950684,0.0015310849,-0.0015475694
4.7144851685,0.0003611273,-0.0008514199,-0.0119062522,-0.0095530851,0.004890929,-0.0024804748
4.7245759964,0.0015618182,0.0049616573,-0.0123502472,-0.0093742106,0.0053548515,-0.0015909125
4.7343158722,-8.58926e-05,-0.0001303825,-0.0030721284,-0.0201943666,0.00920818,0.002323668
4.7442641258,0.0010322309,-0.006141332,-0.0059901932,-0.0226790961,0.0150620742,0.0081644794
4.7541418076,0.0035077757,0.0020678667,-0.0095618824,-0.0107707717,0.015120131,0.0112646651
4.7641048431,0.0023224629,0.0062659858,-0.0055373171,0.0047023715,0.0187558774,0.0135650039
4.7739920616,0.0010322011,0.0040442301,-0.0029764033,0.0188117996,0.0117429756,0.010342313
4.7839169502,0.0021511293,0.0006182966,0.0012438439,0.0194120742,0.0130356746,0.0064784656
4.7938280106,-5.1134e-06,-0.0114834281,0.0016533278,0.0120726693,0.013093465,0.0032933252
4.8045969009,-0.0006280416,-0.0119854035,0.0073884269,-0.0019573951,0.0127672283,0.0065804981
4.8137750626,0.0022159643,-0.0041091265,0.0127419373,-0.0058056628,0.006633169,0.0125478432
4.8236169815,0.0038403994,-0.0043446692,0.0139763495,-0.0148761235,0.0063822987,0.0071604345
4.8335561752,0.0014098114,-0.0061207162,0.0097694537,-0.0155901164,0.0037937067,0.0068331324
4.8434739113,0.0020535714,-0.0020011635,0.0078348657,-0.0160688646,-0.0047393278,0.0006895191
4.853374958,0.0047827638,-0.0041792588,0.011429741,-0.0051837261,-0.0055766255,-0.0003142264
4.8633389473,0.0048995144,-0.0072200047,0.0125900051,0.0045407177,-0.0072621405,-0.0030216957
4.873239994,0.0066894121,-0.0117586823,0.0095693609,0.0107677206,-0.005442136,-0.0050057508
4.8831682205,0.0057762689,-0.0065838667,0.0068872711,0.0210437048,-0.0067833038,-0.0060376264
4.8930921555,0.00030343,-0.003614855,0.0085038682,0.0180393942,-0.0140137868,-0.0092611164
4.9030299187,0.0036229617,-0.0007365021,0.0068684956,0.0129161812,-0.0142396223,-0.0031325168
4.9129962921,0.0044642664,-0.0034896852,0.0035433315,0.0011095894,-0.0109916311,0.0060995976
4.9228758812,0.002492947,-0.007247475,0.0045111915,-0.0121088326,-0.0042623556,0.0064849574
4.9328050613,0.0014499552,-0.0067509161,0.0038608455,-0.0237822663,-0.0011259509,0.001575686
4.9427189827,-0.0029099756,-0.0043003606,0.0057074567,-0.0283360053,0.0060667144,0.0055712266
4.9526548386,-0.0021294975,0.0006189448,0.004111602,-0.0128012542,-0.0002748047,0.0019064507
4.9625730515,0.0028316057,-0.0012961376,0.0044561168,0.0044413824,-0.0105157243,-0.0019149191
4.9724941254,0.0068753636,-0.0063753398,0.0076833507,0.009865975,-0.0123016397,-0.0036347883
4.9824080467,-0.0002997541,-0.0104448767,0.0033653521,0.0019488405,-0.0120132202,-0.0004712529
4.9923491478,-0.0020416253,-0.0108263241,0.0039111516,-0.0135917701,-0.0095061203,-0.001520006
5.0022749901,-0.0025525712,-0.0045262026,0.0061144372,-0.0176582392,-0.0113607449,-0.0023856664
5.0122308731,-0.0057723396,-0.0023576589,0.0079637906,-0.0197773166,-0.0190916359,-0.003669576
5.022110939,0.00031173,-0.000873794,0.0072309515,-0.0117074046,-0.0183699187,-0.0008207262
5.0320129395,0.0030138916,0.003601375,0.0034997009,-0.0056931893,-0.0176322237,0.0060158744
5.041975975,-0.0003468269,0.0003702071,-0.0029786683,-0.0106220786,-0.0087668262,0.0094360057
5.051902771,-0.0013097101,-0.0016022074,-0.0053101638,-0.003663505,-0.0079668127,0.0108634606
5.0618658066,-0.0006593638,-0.0035909386,-0.0103009799,-0.0010984372,-0.0087529784,0.0036207938
5.0720381737,0.0043248362,-0.0077223005,-0.0075716237,0.0084279561,-0.0100451438,-0.0016828913
5.0817499161,0.007601989,-0.0017049733,-0.0030522204,0.0162975974,-0.0075265924,-0.0010434331
5.091591835,0.0042930222,-0.0037511857,-0.0059591392,0.0167956091,-0.0033907031,0.0041380133
5.10151577,0.0044899113,-0.0049212547,-0.0078869322,0.0188108236,0.0030405647,0.0054103383
5.1114969254,0.0034963912,-0.0027766647,-0.007978783,0.0090780342,-0.0006585661,-0.0002347643
5.1213798523,0.001967845,0.0024800105,-0.003261552,-0.002011457,-0.0016687032,0.0017382053
5.1316809654,-0.0011609071,-0.0012159917,-0.0099870423,-0.0136489384,0.0026954189,0.0035342411
5.1412401199,-0.0025063776,-0.0023786398,-0.010270522,-0.0193606205,0.0088561103,0.0112749524
5.1511611938,-7.12001e-05,0.0001201805,-0.0079206685,-0.0225393698,0.0098020639,0.0063129505
5.161110878,-0.0003004842,-0.0023832666,-0.0073793987,-0.013518976,0.0095424065,0.008707365
5.1710181236,0.0036876178,-0.0004111055,-0.0102011422,-0.0003456501,0.0064581991,0.0100072538
5.1810131073,0.0077962554,-6.94218e-05,-0.0045903185,0.0083064279,0.0014850122,0.0053059757
5.1908688545,0.0066347546,-0.0008795533,-0.0029756285,0.0201795995,0.0001632854,0.0014808776
5.2009382248,0.0028576381,0.0010999244,-0.0038959838,0.0313502289,0.007101885,0.0032488503
5.2107849121,-0.0006452524,0.0001413402,-0.0003877141,0.0407945961,-0.0002519015,0.0007840947
5.2206320763,-0.0034748339,-0.0046361731,0.0041134497,0.0443139635,-0.0025619273,-0.0071331169
5.230591774,0.0003787405,-0.0115489783,0.00329782,0.0211985242,0.0052845441,-0.0048145689
5.2404971123,0.0042241639,-0.0196376126,-0.0027755953,-0.0099057779,0.0131512554,-0.0024725853
5.2504262924,0.0034213937,-0.0214410629,0.0019841932,-0.0394373052,0.0118681444,0.0008427841
5.2603831291,0.0109438878,-0.0165785905,0.0057798764,-0.0404600464,0.0073572821,0.003084633
5.2702760696,0.003188727,-0.0054456638,0.0044090888,-0.0091500599,0.0068845712,-0.0115654161
5.280257225,-0.0007050061,-0.0006831113,0.0070887348,0.0267695896,0.0025630598,-0.0233762693
5.2901120186,3.61479e-05,0.0024971096,0.0036676072,0.0566451997,-0.0001869203,-0.0265238583
5.3002171516,-0.00471695,0.0019608913,0.0019668483,0.0611422993,-0.0002577604,-0.0382719934
5.3100643158,-0.0079038311,-0.0039175348,0.0009090446,0.0399214327,1.36157e-05,-0.0321320742
5.3199028969,-0.0026842379,-0.0018637303,-0.0024466373,0.0101662911,0.0074659395,-0.0197357275
5.3298301697,-0.0035006427,-0.0028455229,0.0031548881,-0.0103973076,0.0114630777,-0.0079525718
5.3397488594,-0.0006981515,-0.0048367949,0.0084895631,-0.0212092083,0.0135336854,-0.0038707783
5.3496670723,0.0014988757,-0.0018777672,0.0080829998,-0.0221871212,0.0165955219,0.0078665717
5.3596191406,0.0064747906,0.001893225,0.0080904504,-0.0146604963,0.00742759,0.0060885791
5.3695168495,0.0081272703,-0.0008750606,0.0076133749,-0.0022477685,0.0049409964,0.0022805249
5.379732132,0.011292411,0.0042456938,0.0078209182,0.0243603177,0.0023851607,0.0006205766
5.389383316,0.0085275304,0.0054671643,0.0070498725,0.0370382965,0.0021191109,0.0012477511
5.3993039131,0.0039017177,-0.0035319673,0.0053954264,0.0284579471,-0.0008263453,-0.0020004069
5.4092302322,0.003993792,-0.0176423918,0.0062412759,0.009774806,-0.0009754823,-0.001853134
5.4191908836,0.0022238768,-0.0211723205,0.009812369,-0.0169325285,0.002259193,-0.0012738633
5.4291129112,0.001993937,-0.0172439571,0.0040040752,-0.0270951502,-0.0003456447,0.0049360958
5.4390439987,0.0020933128,-0.0148919942,0.0061761877,-0.0349395797,-0.0035885759,-0.001582823
5.449037075,0.0046062744,-0.0171065908,0.0091409227,-0.026342364,-0.0024412861,-0.0050076479
5.4589128494,0.0046903915,-0.0044037746,0.0022743486,-0.0015659104,-0.000976015,-0.0113628488
5.4688339233,0.0017187125,0.0028445227,-0.0015522696,0.0235578194,-0.0012306132,-0.0190279596
5.4787797928,-0.0012067431,-0.0026657032,-0.0003511168,0.0393365175,-0.0045244107,-0.0275479779
5.4886488914,-0.0033836686,-0.0053847255,-0.0028135634,0.0276705381,-0.0025531389,-0.0289900787
5.4985179901,-0.0033390098,-0.0110979425,-0.0008761741,0.0041843872,-0.0046615638,-0.0281734206
5.5085320473,-2.27117e-05,-0.0208118763,0.0016052269,-0.0186828468,-0.0057617156,-0.0163740199
5.5184350014,0.0042608953,-0.0138515281,0.0031817697,-0.0316766724,0.0094316183,-0.0203881357
5.5281419754,-0.0066461884,-0.0041611763,0.0052881977,-0.0365177691,0.0039801276,-0.0243700948
5.5383229256,-0.0001273924,0.0008098957,0.0049672863,-0.0172601845,0.0076361154,-0.0246177018
5.5482621193,0.0019468344,0.0084508164,0.0038249039,0.0056043845,0.0100382864,-0.0241585728
5.5581870079,0.0021157092,0.0176201258,0.0049806377,0.0237383805,0.0038291267,-0.0257552713
5.5682687759,0.0033592111,0.0167048145,0.0059552928,0.0373327546,-0.0030618026,-0.0191812571
5.5779848099,0.006850732,0.0223498885,0.0033611201,0.0394387804,-0.0110286493,-0.0015831224
5.5878782272,0.0048920787,0.0137729375,0.0044145128,0.0231615398,-0.010639295,0.0101582222
5.597902298,0.0002629138,0.0004197088,0.0090465089,-0.0073565105,-0.0100949444,0.0076046167
5.6079058647,0.0006933189,-0.0026875036,0.0108796498,-0.027104117,-0.0079510994,0.0085668173
5.6177048683,0.0070696301,0.0054084016,0.0049727699,-0.0267799217,-0.0040698093,0.007658612
5.6278290749,0.0047749854,0.0081623076,-0.0049627284,-0.0184636675,0.001990214,0.0094719585
5.6375350952,0.0062699295,0.012980747,-0.0056248764,0.0026753508,-0.0018926751,0.012286853
5.6474518776,0.007847948,0.0081350906,-0.0011054731,0.0098328628,-0.0067657274,0.0137031227
5.657389164,0.0052302456,0.0034548966,-0.0061923722,0.0198000092,-0.0036120119,0.0139632793
5.6672878265,0.0056194044,-0.0043240832,-0.0096482495,-0.0004362864,-0.0015456651,0.0114756208
5.6772623062,0.0039831973,-0.0138455378,-0.003000722,-0.0221581813,0.0014677016,0.0102457404
5.6871881485,0.0016086078,-0.0110360505,-0.0024459816,-0.0385640562,0.0094816862,0.01049155
5.697081089,5.11981e-05,0.0010855895,-0.0032593466,-0.0344535522,0.0094851479,0.0130413268
5.7070231438,0.0011465377,0.000513519,-0.0036269284,-0.0199017748,0.0043527042,0.0110157263
5.7169322968,0.001711545,0.0013112676,-0.0025237657,-0.0044747931,0.0020815602,0.002550303
5.7269163132,0.0042381561,0.0006249499,-0.0027481772,0.010590177,0.0004501078,0.0004293616
5.7370080948,0.0034789122,-0.0005221266,0.0046338579,0.0195895303,-0.0032639366,5.20914e-05
5.7468008995,-0.0032340013,-0.0083682956,0.008166506,0.0204827543,-0.0019416772,-0.0063067386
5.7568058968,-0.0052038901,-0.0166026335,0.0082581183,0.012844542,-0.0034045517,-0.0134227714
5.7665581703,-0.0067491108,-0.0131131308,0.0077586314,0.0081461938,-0.0007033072,-0.0161660947
5.7764801979,-0.0031861239,-0.0071149813,0.0074002286,0.0066274819,-0.002197607,-0.0064193229
5.7864170074,-0.0006342852,-0.0024782838,0.0140621206,-0.0008299015,-0.0025400894,-0.0030722627
5.7966189384,0.0014542467,-0.007684988,0.0148127219,-0.0097074602,-0.0016684368,0.0028279044
5.8062639236,0.0094589274,0.0024428768,0.0107255122,-0.004848789,-0.0070405654,0.0088077663
5.8162889481,0.0066351867,-0.0020275908,0.0072031161,-0.0130894091,-0.0150167327,0.0060801897
5.8265619278,0.002666024,-0.0031066583,3.63134e-05,-0.0111032221,-0.0149506861,0.0090834368
5.8360009193,0.004728002,0.0021508364,-0.0011613824,-0.0106240325,-0.0124481143,0.0156483948
5.8459758759,0.0042555756,0.0012296987,-0.0016956783,-0.012567874,-0.0051113716,0.0169216525
5.8562932014,0.0052262223,-0.011062813,-0.0016589023,-0.020435296,9.53748e-05,0.0144563643
5.8658838272,0.0068827397,-0.0067013176,8.54872e-05,-0.0262439139,0.004378004,0.0147133591
5.8757128716,-0.0032848292,-0.0027629184,0.0017154954,-0.0230884235,0.0039385823,0.0129149929
5.885819912,-0.0056206756,-0.0048499228,0.0032070421,-0.0157048106,0.0001246695,0.0093404986
5.8955812454,-0.0001675957,-0.0024162875,0.0062987348,-0.0027400092,-0.0056762281,0.0024637836
5.905518055,0.0038896627,-0.0020868601,0.0073669096,0.008318767,-0.0111988252,0.0029098631
5.9158039093,0.0022608317,-0.002759208,0.0065018674,0.0095677897,-0.0179717764,-0.0053207362
5.925368309,0.0012171692,-0.0126668485,0.0053576967,0.0056042066,-0.0180314314,-0.0130899763
5.9352960587,0.0001752353,-0.0136862071,0.0049221655,0.0016262429,-0.0202301368,-0.0194515344
5.9452142715,-0.0044618868,-0.0121705728,0.0015363835,-0.007955011,-0.0220235083,-0.0219418574
5.9551401138,-0.0033867531,-0.0074763419,0.0013474964,-0.0128781311,-0.0165259447,-0.0193420798
5.9650950432,-0.0023166859,-0.0025860043,0.0008604668,-0.0031128521,-0.0182388909,-0.0175052974
5.9749851227,0.000342173,0.0028852029,-0.0024903275,0.0052548884,-0.0177262314,-0.0181919932
5.9849252701,0.0007845587,0.0030392585,-0.005489395,0.0134773981,-0.0152465636,-0.0108856112
5.9948549271,0.0040977425,0.0060931621,-0.0034597374,0.0118763056,-0.015998641,-0.0032100147
6.0047559738,0.0055268384,0.0015807477,-0.0030175305,-0.0138751287,-0.003632518,0.0102735702
6.0147109032,0.0025454438,-0.0139649333,-0.0035705424,-0.045907367,0.0044041029,0.0164696798
6.0246310234,0.0011092401,-0.0125801684,-0.0008391596,-0.062252786,0.0071311798,0.0215754937
6.0345487595,-0.000106635,-0.0046605887,-0.0052123526,-0.0557958595,0.0060888189,0.0156743601
6.0446929932,0.0092296284,0.0087858094,-0.0060918787,-0.0190650076,-0.0032277177,0.0115025192
6.0544042587,0.0118397158,0.0203352366,-0.0083232978,0.020297844,-0.0078791948,0.0101044597
6.0643129349,0.0063824481,0.0145327849,-0.0072070817,0.0399802029,-0.0116302567,0.0146720465
6.0742440224,0.0037909723,0.0031171544,-0.0051529864,0.040244475,-0.0109199919,0.0137392748
6.0841698647,-0.0050662183,-0.0122199478,-0.0077772001,0.0134549383,-0.0065055359,0.0086715454
6.0941009521,-0.0075695091,-0.0148496153,-0.0034143187,-0.0053064977,0.001075418,0.0034288799
6.1040277481,-0.0056276047,-0.0088053616,-0.007329152,-0.0084144063,0.0069767167,0.0016765198
6.1139812469,-0.0033737146,-0.002658275,-0.0075359205,-0.0040043006,0.0046107643,-0.0002438854
6.1238560677,-0.0001187795,0.0005472404,0.0016451619,0.0008218796,0.0021199097,-0.0014700049
6.1337652206,0.0059165633,0.0024240492,0.0019511722,0.0191008411,0.0009441242,0.0057791527
6.143723011,0.0043357885,0.0082069216,-0.0004336693,0.018684322,-0.0023832293,0.0117118768
6.1536521912,0.0010162867,0.0022975756,0.0014903687,0.0047228779,0.0037324538,0.0071371985
6.1635580063,-0.0013514035,-0.0019335124,-0.0034393526,0.0026155186,0.006195345,0.009072518
6.1735081673,-0.0018581771,0.0039029,-0.0070772627,0.0072691264,0.009505122,0.0091733849
6.1834831238,0.0006427444,0.0028536199,-0.0018519021,0.0143368896,0.0128825428,0.0082101198
6.1933450699,0.0007342077,0.0050682528,0.0013149523,0.0258346424,0.0138258338,0.0104518021
6.203294754,0.0020421571,0.0037202267,-0.0004371859,0.0216015484,0.0112361768,0.0157807879
6.2132019997,0.0010464019,-0.0047283368,0.0047983071,-0.0027554561,0.004419283,0.0140965711
6.223238945,-0.0004578256,-0.0168567579,0.0059257885,-0.0276653338,0.0003297329,0.0081212372
6.2330217361,0.0006016172,-0.0083534541,0.0032985352,-0.0250691064,0.000767024,0.0062599536
6.2427988052,0.0017286218,0.0012602684,0.0020646595,-0.0026098695,0.0004048341,0.0038074483
6.2527751923,-0.0034172111,6.53219e-05,0.0059538027,0.0165086966,-0.0041827271,-0.0019530358
6.2627191544,-0.0061108195,-0.003598717,0.008184745,0.023809487,-0.0013515207,-0.0059701484
6.2727098465,-0.0028575086,-0.0067818062,0.005094423,0.0166522413,-0.0007789411,-0.0063318713
6.2825298309,-0.0007156604,-0.0121237906,0.0065939566,0.0015481235,-0.0033797841,-0.0036846895
6.2925601006,-0.0004352205,-0.0139401974,0.0029692196,-0.0116071813,0.001235474,-0.0009885053
6.3023672104,0.0032450831,-0.0095193582,0.003326609,-0.0086334962,-0.0007272757,0.0049652578
6.3122839928,0.0022531128,-0.0021351771,0.0052853366,-0.0018191771,-0.0020260995,0.0034067091
6.3223929405,0.0052994317,-0.0002652976,0.0056934496,0.0179883502,-0.0011299457,0.0104837939
6.3323192596,0.0062950528,0.0028474359,0.0071396967,0.0247293431,-0.0027150591,0.0072546108
6.3422451019,0.0042725629,0.0005344552,0.0117231151,0.0162823293,-0.0072474931,0.0088224141
6.3522810936,0.0039186752,-0.0090363892,0.0120986244,0.005791605,-0.011019594,0.0066360915
6.3620882034,0.0048034019,-0.0068555446,0.0036432289,0.0073010847,-0.0135293575,0.0033492181
6.3718261719,0.0033400781,-0.0070234062,0.0006312273,0.0067261076,-0.016120879,-0.0004708532
6.3819723129,-0.0021154904,-0.0075277286,0.0021962665,-0.0017587235,-0.0120142847,-0.0065585729
6.3918719292,-0.0062281215,-0.0114335241,-0.0002063371,-0.0141918696,-0.0015909388,-0.0105163967
6.401807785,-0.0069550895,-0.0133540528,0.0013689541,-0.0231827013,0.0027593346,-0.012026675
6.4119329453,-0.0050147348,-0.0025505694,0.0002848647,-0.0311664157,0.0053924019,-0.0007480218
6.4216833115,-0.0070278966,0.0017460313,0.0011309526,-0.0328596532,0.0059021311,0.0080324207
6.4315919876,-0.0038212561,0.0033811359,0.0001319788,-0.0229600612,-0.0010497845,0.0101242
6.4413299561,0.0009624786,0.0020151688,-0.0058341483,-0.009830676,-0.0018308896,0.0110818725
6.4514007568,0.0034963912,0.0066138236,-0.000464306,-0.0082650036,-0.0041861897,0.010421142
6.4613890648,0.0043174154,0.0062584607,0.0027393245,-0.0025900737,-0.003959022,0.0169536099
6.4712791443,0.0018427647,0.0051085381,-0.0051420191,-0.0071399957,0.002371046,0.0207262784
6.481235981,0.0008314378,-0.0029622735,-0.0007279374,-0.01056056,0.0023984765,0.0157842487
6.4911150932,0.0040672994,-0.0065738903,0.0031888031,-0.0085616801,0.0006186859,0.0160365496
6.5009741783,0.0056283451,2.5968e-05,-0.0007099368,0.0028544927,-0.0012394016,0.0147758108
6.5110611916,0.0043858713,-0.0035762759,-0.0060857991,0.0100547932,-0.0014103765,0.0136335809
6.5209050179,0.0065799928,-0.0065903561,-0.0048962096,0.0121035632,0.0022543995,0.0120404782
6.5308980942,0.0062679029,-0.005223264,-0.0054060677,-0.0077318391,-0.0010553771,0.010658497
6.5407543182,0.0059124208,-0.0077155204,-0.0017984367,-0.0169008356,0.0034922368,0.0169510134
6.5507559776,0.0038707829,-0.0044292258,0.0004490159,-0.0233446211,6.9578e-06,0.0169795416
6.560590744,0.0012681908,-0.0014614287,-0.0016668893,-0.0209115557,0.0032211267,0.0157630108
6.5705451965,-0.0014655464,0.0028027771,-0.0041028121,-0.0139457043,0.006590026,0.0207080003
6.5805010796,-0.0032122605,0.008175361,-0.0048023919,0.0038953449,0.0057676416,0.0222409163
6.5903849602,-0.0050871246,-0.0008796427,0.0013228797,0.0079405978,0.0055774921,0.0117275231
6.6003141403,0.0017615384,-0.0132360579,0.0041320464,-0.0013160175,0.0004474446,0.0050853328
6.6102252007,0.0051960028,-0.0105872871,0.0041086813,-0.0027228761,0.0023313647,0.0086520705
6.6201457977,0.003424821,-0.0041489946,0.0006412409,0.0012636096,-0.0025685853,0.0048062
6.630092144,-0.0014763945,-0.0016102019,-0.0015097118,0.0079156533,-0.0047443882,0.0033848712
6.640086174,0.0007906384,-0.0024894746,0.0031685375,0.0009365734,-0.0057342849,0.0072624339
6.6499400139,-0.0008742535,-0.0077445703,0.0068411371,-0.0187624749,-0.0060695768,0.0090589356
6.6599421501,-0.0034284764,-0.0098679336,0.0061776778,-0.0257945508,-3.27233e-05,0.0112270154
6.6697740555,-0.0011276179,-0.0058520036,-0.0026810623,-0.0244394466,0.0046826694,0.0102123506
6.6797690392,0.00087407,-0.0031193541,0.0004847191,-0.0149679147,0.003155347,0.0046231747
6.6899218559,-0.0007197731,-0.0005592975,0.0020225786,0.001319536,0.0010091054,-0.0067428644
6.6996002197,-0.0057660663,-0.0025572674,0.000626757,0.0278323703,-4.04465e-05,-0.0066885357
6.7094788551,-0.0025182688,-0.0056638913,0.0019148134,0.0224999227,-0.003911085,-0.0098313652
6.7192831039,-0.0009502643,-0.0111523094,0.0084507605,0.006930816,-0.0057268282,-0.0094217714
6.7293639183,-0.0012508505,-0.0175174307,0.0085833212,-0.0124224639,-0.002946754,-0.0005852696
6.7392749786,-0.0010321313,-0.0105140181,0.0090692779,-0.0249662176,-0.0047795419,0.0013788117
6.7492160797,-0.00508255,-0.0008552048,0.0009607218,-0.0229692031,-0.0079034297,-0.0011827496
6.7594070435,-0.0019046837,0.0019302618,-0.0041150311,-0.0080850627,-0.0062251054,-0.0072334511
6.7690491676,0.0019754446,0.0038701324,-0.0067962268,0.0073680179,-0.0008255463,-0.0067737568
6.779045105,0.000118,-0.0007561269,-0.0054206112,0.0113774072,0.0010336064,-0.0069154371
6.7891693115,-0.0041616582,-0.0107842954,-0.0027527667,0.0005748267,0.0076046903,-0.0084669609
6.7988958359,-0.0083955098,-0.0162501242,0.0047893068,-0.023735838,0.010402075,-0.0105676623
6.8088178635,-0.0091383327,-0.0033617886,0.006352677,-0.0239907037,0.0088710235,-0.0047912663
6.8186759949,-0.007591235,0.0067848442,0.009584262,-0.0211672205,0.0062962794,-0.0010013217
6.828622818,-0.0002833032,0.0089866994,0.0163169056,-0.0072978321,-0.0084935864,0.0032647627
6.838570118,0.010470314,0.0128282486,0.0107631823,0.0145299695,-0.0218360219,0.0068467143
6.8484711647,0.0122911166,0.0147867901,0.0095519563,0.0167841557,-0.0308718625,0.0115338769
6.858397007,0.0097227823,0.006435941,0.0125727793,0.0089169126,-0.0338785686,0.0096148038
6.8682641983,0.0040757931,-0.0011907789,0.0035064362,0.0032546774,-0.0248509869,0.0102839898
6.878259182,0.0009685731,0.000917795,-0.0060956338,-0.0005208859,-0.0161456466,0.0043571247
6.8881859779,0.0001416332,-0.0005133572,-0.0117249349,-0.0081313122,-0.0037105486,0.0046644537
6.8981199265,-0.002183395,-0.0032085227,-0.0113257626,-0.0121106077,0.0013595773,0.0071923258
6.9080929756,-0.0003152215,-0.0041410001,-0.0047082761,-0.013047508,-0.0030186595,0.0070300396
6.9179959297,0.0046483553,-0.0064529823,-0.0019625879,-0.0072985431,-0.0025422201,0.005091791
6.9278550148,0.0019678748,-0.0003906313,-0.0112088779,0.0071359687,0.0016165724,0.012381196
6.9378118515,0.0028855479,0.0087866811,-0.0117474655,0.0129267462,-0.0004766723,0.0183653198
6.9477229118,0.0027699447,0.0062066643,-0.0140747288,0.0094703175,0.001992078,0.019233577
6.9576759338,-0.001651051,-0.0002543527,-0.0084434012,-0.0049355198,0.0049511162,0.0147775747
6.9675807953,0.0005003638,-0.0062107416,-0.0024122454,-0.0170482844,0.0057364823,0.0132609382
6.9775009155,0.0025353855,-0.0095539661,0.0007420324,-0.0055274516,0.012133928,0.0127562694
6.9874238968,-0.0034115487,-0.0099201025,-0.0011287786,0.0072559882,0.0079612872,0.0021443707
6.9973182678,-0.0022372776,-0.005481896,-0.0052406648,0.0188785549,0.0077530281,-0.0031870112
7.0073308945,-0.0021415376,-0.0045438381,-0.0028270937,0.0214873888,0.0075208005,-0.0022910573
7.0172290802,-0.004053893,-0.0038332017,-0.0022629357,0.0145700937,0.0029966226,0.0007028682
7.0271787643,0.0012197471,-0.0039956244,-0.002206669,0.0077375765,0.0062294337,0.0044265003
7.0373001099,0.0003125346,-0.0083949612,-0.0013049103,0.0011419919,0.0039697415,0.0044677793
7.0470342636,-0.0008747899,-0.0121151032,0.001648321,-0.0045027565,0.0008887304,0.0003937085
7.0569710732,-0.0039606416,-0.0132243233,-0.0030332662,0.0031200098,0.0080425143,-0.010588102
7.0668830872,-0.001507821,-0.0145110982,-0.0019875027,-0.0009418437,0.0093525229,-0.0176127236
7.0768098831,0.0020621545,-0.0114841806,-0.001287923,-0.007142215,0.0104143256,-0.0226532873
7.086687088,0.0010127998,-0.002697547,-0.000717745,-0.0041950718,0.0163214821,-0.0128561836
7.0966010094,0.0004711277,0.0012123686,-0.0009363152,0.0002809027,0.0162924528,-0.0057247714
7.106511116,0.0001975126,-0.0002377304,0.0051577231,0.0039525139,0.010575979,-0.0041603637
7.1164431572,-0.0001996183,-0.0041782679,0.0123024127,0.0087424759,0.0049833409,0.001355842
7.1263699532,0.005352152,0.0032671345,0.0103103062,0.0185470805,0.005762049,0.0114170974
7.136305809,-0.000234636,0.0055461628,0.0060556671,0.0119717363,-0.0001160802,0.0068511087
7.1462497711,0.002700252,-0.0081407772,0.0071026227,-0.0070032864,-0.0007443199,-0.0023717845
7.1561341286,0.0017550713,-0.0124938013,0.0083060404,-0.0179094635,0.0023665186,-0.0027089405
7.1660561562,0.0023832894,-0.0072556259,0.0040879985,-0.0117791332,0.0019638485,-0.0082563721
7.1759991646,0.000627426,-0.0028846161,0.0020779513,0.0040064873,0.0011441277,-0.0145451603
7.1859221458,-0.0011504316,0.0024731336,-0.0014732338,0.0114832241,-0.0004274037,-0.0160911251
7.1958580017,0.0014349199,0.0073407544,-0.0008981086,0.0187155697,-0.001196791,-0.0135174468
7.2059803009,-0.000288608,0.0028420342,0.003200128,0.0187235586,-0.0017254284,-0.0085525159
7.2154669762,0.0015006042,1.35031e-05,0.001590743,0.0048764534,-0.0055116448,-0.0067631374
7.2256097794,-0.0021204674,-0.0034065517,0.0007658742,-0.004727615,0.0008354672,-0.0053504636
7.235558033,-0.0008246177,-0.0042100893,0.0004443072,-0.0078011695,0.0029364352,-0.0013946043
7.2455778122,0.0066005266,0.0027000932,0.0029760145,-0.0044889962,0.0014621089,0.0020345154
7.255616188,0.0040237284,0.0024772612,0.0005251907,0.0045052981,0.0041585593,0.0102490354
7.2653269768,0.0027851886,0.0050203903,0.0020025515,0.016470436,0.0059838905,0.0114296488
7.2752580643,0.0060104257,-0.0010670918,0.0045080325,0.0192475803,0.0014413364,0.004085449
7.2854771614,0.0075195557,-0.00061131,0.0030766272,0.0220531318,-0.0076805232,0.0034321756
7.295124054,0.0032675839,0.0001892996,-0.0016465045,0.0186932888,-0.0083202142,0.000521607
7.3067731857,-0.0007909262,-0.0044615315,-0.0017208315,0.0127554163,-0.009160175,-0.0050609112
7.3150539398,0.0014913059,-0.0056339921,-0.0001746871,-0.0039378102,-0.0116720684,-0.0117188143
7.3251690865,0.0003417409,-0.0114853503,-0.0020875193,-0.0109836459,-0.0044197487,-0.0127149699
7.3356409073,0.0015404499,-0.0029004337,-0.0001783826,-0.0091407392,-0.0006431198,-0.0119245434
7.3453950882,0.0019880659,0.0023340089,-0.0039921859,-0.0046802107,0.0033340447,-0.0116790663
7.3552660942,0.0010144836,0.0004525211,-0.0047173956,0.000423471,0.0018389464,-0.0065186592
7.3648881912,0.0041159815,0.0026998101,-0.0017488457,0.0070306845,-0.0023411512,0.0004763997
7.3744091988,0.0076159514,0.001662555,0.0015431189,0.0063909935,0.0047620316,0.0153299142
7.3842630386,0.0003258265,0.0066405712,0.0003389858,0.0133837443,-0.0021057278,0.0137897413
7.3941130638,-0.0008191937,0.0017245513,0.0009011172,0.0200243369,-0.0013038501,0.0165895224
7.4040379524,-0.001495468,0.0002738264,0.0032895349,0.0199487917,-0.0027957528,0.0124595258
7.4139862061,-0.0002374672,-0.0070085721,0.0052915355,0.0114051048,-0.0011704257,0.0058263903
7.4239010811,0.003655029,-0.0117363082,0.0037396096,0.0019997959,0.001273291,0.0030314031
7.4338870049,-0.0014808499,-0.0112621607,0.0070771119,-0.0025313068,0.0008980515,-0.0040249084
7.4437389374,-0.0006658607,-0.0077801021,0.0020671629,-0.0095844213,-0.0063156527,-0.0055767996
7.4537520409,0.0055775321,0.0005872127,0.003367021,-0.0022724471,-0.0037675404,-0.0066194264
7.4636559486,7.61426e-05,-0.0026188465,-0.0001028039,0.0011775005,-0.0031257186,-0.0056945104
7.4736299515,-0.0010536336,-0.0024494799,-0.0022509552,0.0011625867,-0.0003262036,-0.0086740553
7.4835820198,-0.0012523853,-0.0043883817,-0.0040453533,0.0055279518,0.0022283006,-0.0172689091
7.4934720993,-0.0016682022,-0.0047011198,-0.0047656158,0.005519696,0.0055061192,-0.0133471377
7.503387928,-0.0004878216,-0.0046667503,-0.0034708835,-0.0017494024,0.0059711072,-0.0132548595
7.513299942,0.0002608872,-0.0083631845,0.0012811564,-0.0121977814,0.0025734461,-0.0134833576
7.5233740807,-0.0013231658,-0.0036656084,0.006039991,-0.0150488736,-0.0011552457,-0.0120967496
7.5333819389,-0.0029509985,0.0034687845,0.0051694652,-0.0076729823,-0.0011914647,-0.0079997424
7.5432882309,-0.0034774565,0.0122659532,0.0018250488,0.0171912648,-0.0008913265,-0.0017027652
7.5531511307,-0.0060571604,0.0123174367,0.001167252,0.0244976468,-0.0062645203,0.002826473
7.5631489754,-0.0022196942,0.0062519638,0.0030381226,0.0114242788,-0.0071130032,0.0103154816
7.5730237961,-0.0023950958,-3.64232e-05,0.0009243034,-0.0103129745,-0.0110627376,0.0127253756
7.5829238892,0.0021886653,0.0003993463,0.0042725345,-0.0121661797,-0.00815643,0.0193437301
7.5929279327,0.0042204536,0.007615204,0.0004922293,-0.0001571872,-0.0072235246,0.0161774978
7.6031031609,-0.0007917904,0.0063177748,-0.0029997684,0.0207772106,-0.0059172441,0.0107009076
7.6129608154,-0.0020769262,0.0050953953,-0.0063788155,0.0285818726,-0.0033286514,0.0074768849
7.6226568222,-0.0039783143,0.000736582,-0.0057148198,0.0221757255,0.0018954054,0.0028279377
7.6326699257,-0.0063566589,-0.0004084083,-0.0034375049,0.0076628299,0.0058030612,0.0026364564
7.642496109,-0.0020682984,-0.0067276852,0.0010281346,-0.0179925542,0.0050850734,0.0059767929
7.6525802612,0.0039312965,-0.0105149196,0.003660097,-0.03386233,0.0046637612,0.0037975281
7.6623959541,0.0071113235,0.0015570325,0.0031737827,-0.0213581678,0.0067764469,0.0105386879
7.6722941399,0.0011886633,0.0115265129,-0.0090169171,0.0070833261,0.0102721127,0.0076539516
7.6822180748,-0.0025846832,0.0127773834,-0.0120829204,0.0333989076,0.0117565589,0.0053164619
7.6922059059,0.0004690862,0.0008874711,-0.0102879265,0.0284619406,0.0152170705,-0.0014184061
7.7020430565,-0.0020670318,-0.0177777838,-0.0075033167,-0.0094861519,0.019966552,7.32969e-05
7.7120099068,-0.0016943538,-0.0204593223,0.0027540468,-0.0402611084,0.030351283,0.013422126
7.7219343185,-0.0039753192,-0.0133009152,0.0127209565,-0.0553489774,0.0298657883,0.0181139503
7.7318792343,-0.006501826,-0.0009048703,0.0132452985,-0.0459067449,0.026895564,0.018725412
7.7417740822,-0.0039933943,0.005207452,0.0121445796,-0.0226837136,0.0218121223,0.0134972269
7.7517199516,0.0015386469,0.0021566479,0.0177716762,0.0065186475,0.0042949133,0.0023689419
7.7616639137,0.0020402945,-0.0011768761,0.0149648329,0.0160126388,-0.0111703295,-0.0064041438
7.7715501785,0.0032298095,-0.0040285559,0.0160686523,0.0160677657,-0.0245785452,-0.0029010212
7.7814831734,0.001978559,0.0001505566,0.016560629,0.0221711099,-0.0273242649,0.0030457177
7.7914857864,-0.0010454231,0.0014482465,0.0124758622,0.0191188622,-0.0275916457,0.0136283208
7.8013281822,-0.0032697641,-0.0037173824,0.0072617671,0.0054437066,-0.0310236625,0.0155240921
7.8113231659,-0.0046456628,-0.0103340419,0.0042067906,-0.0005063275,-0.0231950339,0.0132646663
7.8211479187,-0.0012380653,-0.0118188681,0.0038364076,-0.0026203454,-0.0193949696,0.0108868629
7.8311719894,0.0046715564,-0.0087487446,0.0071277162,-0.0019031558,-0.018559536,0.0111822076
7.8410520554,0.0028192676,-0.0039434107,0.0023017668,0.0054215137,-0.0094469972,0.0125070298
7.8510417938,-0.0001402074,-0.0116997631,-0.0047395686,0.0076396605,-0.0089196917,0.0034458907
7.8612360954,0.0030908412,-0.0113745453,-0.0015023805,0.0102138724,-0.0049185585,7.6992e-05
7.8708171844,0.0017071492,-0.0064345794,-0.0003677465,0.009225307,-0.0073691993,-0.0100504765
7.8807067871,-0.0004818165,-0.0154133933,0.0002949379,0.010198337,-0.013316039,-0.018939143
7.8906679153,-0.0015497082,-0.0175463837,-0.0055769542,-0.0006612348,-0.0066400259,-0.0250934418
7.9005889893,-0.0036350959,-0.0114859017,-0.0107647637,-0.0109474277,-0.0041824607,-0.018230876
7.910569191,-0.0019004815,-0.004510534,-0.0090775946,-0.0238403231,-0.0019320899,-0.0159368291
7.920440197,-0.0003814274,-0.0009804639,-0.0075062374,-0.0307749286,0.0001811285,-0.0096165817
7.9304389954,-0.0007143938,-0.0004869375,-0.0063410858,-0.0347757936,0.0021638521,-0.0073377141
7.940267086,-0.0001186901,-0.0011294904,-0.0038877584,-0.0185922086,-0.0026285064,-0.003509487
7.9502511024,0.0004199124,0.0082651777,-0.0026832677,0.0005684351,-0.0017784254,-0.0044775456
7.9601383209,0.0013962216,0.0130090741,-0.0041550854,0.0117258374,-0.0032551482,2.61257e-05
7.970164299,-0.0003488534,0.012495297,-0.006351457,0.0146198943,-0.000645783,0.0031305724
7.9799871445,-0.003130483,0.0068605868,-0.0058413604,0.0135328816,0.0010221548,0.0086761061
7.9899139404,-0.0037444108,0.001320022,-0.0023487068,0.0102769006,0.0043018376,0.0117941359
7.9998292923,0.0005539334,0.0009457049,-0.0066851238,0.0148114646,0.0003286676,0.0106886569
8.0097446442,-8.65036e-05,-0.0043821158,-0.0087376693,0.0120790619,0.0052171662,0.0097901067
8.019701004,0.001166699,-0.0080341222,-0.0028910495,0.0076482715,0.0065333005,0.0009621603
8.0298900604,0.0076638884,-0.0078863474,0.007694616,-0.0207077339,0.0060307621,-0.0071666064
8.0395441055,0.003418026,-0.0191473793,0.0017523908,-0.0494280644,0.0117054256,-0.0101180216
8.0494699478,0.0021571196,-0.0113865482,-0.0014461733,-0.040704079,0.0161148217,0.0018411698
8.0592308044,0.0031258143,0.01349854,5.85459e-05,-0.0007856041,0.0113794543,0.0048641236
8.0693302155,0.0029926128,0.0167668331,0.0030496859,0.0318298638,0.0032176648,0.0094056129
8.0792274475,-0.0008468055,0.0132968305,0.0040560504,0.0370596014,0.0042629554,0.0033197568
8.0890741348,-0.0033972734,-0.0002267706,0.0043196222,0.0179514214,0.0076118805,0.0059762597
8.0993156433,-0.0020274096,-0.0011596206,0.006162419,-0.0043778541,0.0006636933,0.0062354854
8.109085083,-0.0016876631,0.0010719922,0.0083063981,-0.0179197621,0.000817624,0.0163336601
8.1190004349,0.0019830144,-0.0002129349,0.0114128133,-0.0242768154,-0.007136439,0.0170377996
8.1289129257,0.0030875928,0.0082688211,0.0153175732,-0.0025179903,-0.0054578488,0.0181193091
8.1388015747,-0.0026330673,0.0098416163,0.0046996614,0.0150283352,-0.0023126556,0.0152408648
8.1487550735,-0.0026450627,-0.0023020701,0.0028547191,0.0111430492,0.0026115293,0.0053094043
8.1586933136,0.0026690043,-0.005511892,0.0057373783,0.0167205967,0.0001108211,0.0010728813
8.1686201096,0.0045871264,-0.0043932321,0.0072240969,0.01153915,-0.0091151679,-0.0002421876
8.1784772873,0.0024723238,-0.0107830511,0.0061394116,-0.0013719439,-0.0071124705,-0.0064265803
8.1884002686,-0.0019337856,-0.016923679,0.0068173548,-0.0018457202,-0.0095308879,-0.0032262595
8.1983509064,-0.0018249475,-0.0023380863,0.0113376519,-0.0064040748,-0.0086528426,-0.0048303478
8.2083501816,-0.0016907179,-0.0005770224,0.0091753742,-0.0162327364,-0.0160969123,0.0052118995
8.2182731628,0.0009163446,0.0019430843,0.0041999361,-0.015753191,-0.0062850267,0.0018835475
8.2281770706,-0.0034432434,0.0027236892,-7.31804e-05,-0.0109187551,-0.0037627467,0.0072309086
8.2380580902,0.0039861328,0.0108410222,0.00192286,0.0010734596,-0.0070426962,0.0139006292
8.2480173111,0.0056635416,0.0096407784,0.0028163933,0.006842399,-0.0088725537,0.0193185639
8.2578964233,0.002457378,0.0045506908,-0.0038837648,0.0076195095,-0.0102818981,0.0195731297
8.2677555084,-0.0012294375,-0.0016791943,-0.0018529154,-0.0041521946,-0.0108875018,0.0128462501
8.2777891159,-0.0021284842,-0.0076254727,-0.0048812488,-0.0128093334,-0.0044919206,0.0077273883
8.2876853943,-0.0030417615,-0.0086020948,-0.0083111981,-0.0205415562,0.0033167345,0.0048120259
8.2976121902,-0.0013946914,-0.0084948288,-0.0046368698,-0.0234874561,0.006813731,0.0011094997
8.3075170517,0.0018857098,-0.0061749713,-0.0042082528,-0.0136635853,0.0075940378,0.0058011906
8.3174676895,-0.0004791492,0.0011924085,-0.0031338192,-0.0047516725,0.0039026297,0.0084837927
8.3274116516,0.0001911647,0.0045959456,-0.004635022,0.0020638893,0.0018426747,0.0095770201
8.3374061584,0.0010972745,0.0026332317,-0.0006400801,0.0005383417,-0.0025555356,0.010780503
8.3472728729,0.0008130795,-0.0026167305,-0.0012031652,-0.0061754878,0.0019278958,0.0082901809
8.3571510315,-0.0005795532,-0.0006262261,-0.0060188035,0.0009970265,0.0073831151,0.0110072382
8.3670740128,-0.0035050982,-0.0032999562,-0.006649659,-0.0014823764,0.0089985887,0.0092716552
8.3773059845,-0.0049937838,-0.0012486178,-0.0061843256,0.0028159658,0.0111482926,0.009448356
8.3869838715,-0.0037427419,0.007982227,-0.0097021321,0.0063188216,-0.0005291365,0.0089181205
8.3968582153,-0.0053235763,0.0037882579,-0.0104541043,-0.0127610415,0.0035321841,0.0081384806
8.4069013596,-0.003416168,-0.0051401453,0.0039745113,-0.0193281304,0.0015768913,0.0077358102
8.4168291092,-4.05782e-05,-0.0007537204,0.0120032569,-0.017507948,0.0011625035,0.0096214954
8.4266834259,0.000538317,0.003953333,0.0035154962,-0.0191708263,0.0054312842,0.0136026544
8.4366006851,-0.0037739449,-0.0015036884,0.0010360024,-0.0181587357,0.0075229313,0.0115178991
8.4470500946,-0.0045864009,-0.0038763629,-0.002448783,-0.005448,0.0077722031,0.0068096966
8.4564199448,-0.0041126036,-0.0088993954,-0.0073322514,0.0062332451,0.0038935752,0.0055440953
8.4663448334,0.0007100976,-0.0050104531,0.0035619878,0.0049842228,0.0004128235,3.18848e-05
8.4762716293,-0.0011267834,-0.003427309,0.0017451786,-0.0008030036,-0.0001669466,-0.0001295027
8.4862451553,-0.0027379864,-0.0053682895,0.00236912,0.0034982676,0.0011830097,0.0050042728
8.4960927963,-0.0028645867,-0.0004496622,0.0015821003,0.0167626739,-0.0004052995,0.0122667802
8.5060510635,0.0014302111,0.0043227179,0.0039928099,0.0348266289,-0.0057185725,0.0196754262
8.5159730911,0.002080766,0.0042832522,0.0057298085,0.0359580293,-0.0087226182,0.0202490389
8.5258998871,-0.0034852945,-0.0031531574,0.0021942996,0.0173281524,-0.0086387284,0.0192732569
8.5358352661,-0.003806653,-0.0072863596,-0.0016754724,0.0187918246,-0.0033190642,0.019273622
8.5457305908,-0.002504515,-0.0082740607,-0.0003445603,0.0113592092,-0.002623979,0.0140330549
8.5556516647,-0.0029421174,-0.0123385163,0.0021256946,0.0008818894,-0.0052410671,0.0160437077
8.5656347275,0.0033918596,-0.0129230963,3.983e-05,0.000889346,0.0037649444,0.0122473715
8.5755443573,0.0004293746,-0.0079871463,0.0033496164,-0.0050134612,0.0012863404,0.0084550641
8.5854549408,0.0075092441,-0.0053577917,0.0041747233,-0.0006509372,0.001055178,0.0075277514
8.5953702927,0.0049070842,-0.0012624535,0.004640772,-0.0064916043,-0.0051294807,0.0052308412
8.6052713394,0.0038371063,0.0034758626,0.0024829649,-0.0036044717,-0.0117769977,0.007016757
8.6153964996,0.0003884262,-0.0013185564,-0.002156005,0.004400902,-0.0033941653,0.0016926987
8.6251564026,-0.0009006285,-0.0044602724,-0.0057015875,0.003252547,0.0052965283,-0.0014727344
8.6350717545,-0.0012954497,-0.009033245,-0.007947729,-0.0059168944,0.0105248466,-0.0002238785
8.6449985504,0.0023782975,-0.0106760981,-0.0006361462,-0.0261510611,0.0129230227,-0.0002007091
8.6549339294,-0.003919872,-0.0090792598,-0.0001289107,-0.0277242754,0.0198112894,0.000621309
8.6648387909,-0.0023406469,-0.0022697197,0.001084163,-0.0213502664,0.0164991152,-0.0022019083
8.6747579575,0.0019067801,0.0051021082,0.0023960017,-0.005534553,0.0074417046,-0.0042686877
8.68471241,-0.0002270215,0.0027194796,0.0057202121,0.0066571319,0.0027606664,-0.0071576848
8.694644928,0.0007825173,-0.0022976967,0.0037447952,0.0060276492,-0.0004790691,-0.0084409621
8.7046232224,-0.0003751689,-0.0055959942,4.68634e-05,-0.0024667694,-0.0101032006,-0.0124689937
8.7144594193,-0.0030684345,-0.0069567682,-0.0035974241,-0.0134841772,-0.0077465693,-0.0119672213
8.724398613,-0.0042215609,-0.0014179844,-0.0034331537,-0.0175170042,-0.0010090381,-0.0089977961
8.7343320847,-0.000968995,0.0045536337,-0.0043667415,-0.0111693582,0.0053433999,-0.0028291158
8.7442436218,-0.0050543123,0.0001959902,-0.0021372295,-0.0126234433,0.0076616816,-0.0021968815
8.7541809082,-0.0032223188,-0.0002496663,0.0024926208,-0.0079719666,0.0079322588,0.0003901466
8.7641363144,0.0021107919,0.0048681078,-0.0002316691,-0.0018722625,0.0059290291,0.0019238611
8.7740316391,-0.0018312358,0.0026313988,-0.0019706346,0.00873564,0.0006879281,0.0018509902
8.7839508057,-0.0025229179,-0.0018565851,-0.001168237,0.0058285338,0.0014690332,0.0038606115
8.7938327789,0.0017311699,-0.0052364441,0.0019222639,0.0026341609,1.94747e-05,0.0009420866
8.8038778305,0.0040760762,-0.0051034288,0.0026882433,0.0011004466,-0.0017651096,-0.0001751094
8.8137350082,0.0014604158,-0.003782806,-0.0009745814,-0.0032206215,0.003966013,-0.002866966
8.8236627579,-0.0019348883,-0.0030517029,-0.0068107704,-0.0077578491,0.0061284998,0.0003567904
8.8335857391,-0.0003849291,-0.0007836717,-0.0082096914,-0.0134065906,0.012209828,0.0007422832
8.8435115814,-0.003444823,-0.0061470242,-0.0101198414,-0.0150249945,0.0174293593,1.23107e-05
8.8534851074,-0.0040698671,-0.0049091177,0.0023276352,-0.0119571202,0.0161845945,-0.0030275877
8.8634061813,-0.0031774961,-0.0037203254,0.0008745335,-0.0147971157,0.0119680129,-0.010851156
8.8737783432,-0.0057009333,-0.0047895731,0.0037743591,-0.0076958858,0.0115600163,-0.0142591689
8.8832740784,-0.0038777762,0.0079705967,0.0040189764,0.0079459241,0.0097892806,-0.0134341232
8.8931522369,-0.0017615729,0.0124349548,0.0027497553,0.0142232608,0.008656106,-0.0057415818
8.9032936096,0.0020394749,0.0066457717,0.0099525591,0.0096066715,0.0067761806,0.0023688087
8.9129800797,-0.001359778,0.0047531975,0.0109692952,0.0033870363,0.0024799693,0.0107036708
8.9229040146,0.0037197298,0.0101125343,0.0067993542,0.0003995025,-0.0003733416,0.0158134773
8.9328508377,0.0043154485,0.0075894548,0.002027943,-0.0038748714,0.0008826051,0.0168670248
8.942940712,0.0007268167,0.0070785088,-0.0010101057,0.0042301933,-0.0003794669,0.0158659425
8.9527101517,0.0006287075,0.0073374538,0.0062330505,0.0096627753,-0.0043776706,0.011620597
8.9626617432,0.0014439351,-0.0011067215,0.0091501614,0.0116990283,-0.0010180929,0.0053033126
8.9725284576,-0.0002032244,-0.008250867,0.0084337136,0.000512775,-0.0042266692,0.0026621558
8.9823246002,0.0002258099,-0.0123542966,0.0072906157,-0.0205387138,-0.0046397252,-0.000208199
8.9922218323,0.003619594,-0.0082428129,0.0084294816,-0.0373973213,-0.0017717675,0.0060851169
9.0021390915,0.0051171011,0.0011037615,0.01057507,-0.0459620468,-0.0039371834,0.0149840694
9.0123224258,0.0073201633,0.006958547,0.0061544916,-0.0331951194,-0.004784069,0.0210423619
9.0221538544,0.0059567369,0.015169966,0.0018313669,-7.3398e-06,-0.0065566693,0.026819557
9.0321140289,0.0033396906,0.0065856827,0.0042854091,0.0113723474,-0.0156750679,0.0118249608
9.0420084,-0.0025014454,-0.0065778615,0.0010426185,0.0057789101,-0.0123304017,0.0082179755
9.0520353317,-0.0042579942,-0.0158862974,-0.0030383922,-0.0102777323,-0.0050719567,0.0044511342
9.0618848801,0.0005709208,-0.0176705848,-0.000816033,-0.0138423732,-0.0076610819,0.0075132367
9.0719118118,0.0086428355,-0.0129882963,-0.0007848598,-0.0102805719,-0.0010758835,0.0072910963
9.0817613602,-0.0101214964,-0.0085638585,-0.0017836548,-0.0047313441,-0.005072223,3.21178e-05
9.091629982,-0.0004036003,-0.0073649855,-0.0028352595,-0.0095913466,-0.0031116039,-0.0045434926
9.1016254425,-0.0012397491,-0.0082512321,-0.0071994523,-0.0132444054,-0.0034535537,-0.0071062529
9.1117181778,-0.001928749,-0.0043397369,-0.0060807327,-0.0190274585,-0.0009152949,-0.0088652372
9.1215057373,-0.0026834481,-0.0036779614,-0.006702886,-0.0198357273,0.0024421522,-0.0098860264
9.1313428879,0.0009644753,0.0018722665,-0.0061864117,-0.0130950902,0.0034011567,-0.0024471185
9.1412906647,9.06563e-05,0.0030806018,-0.0043911198,0.0004015439,0.004213687,1.68381e-05
9.1512546539,-0.0017361366,0.0031832932,-0.0050305584,0.0211302582,0.0032570795,-0.0043850346
9.1611089706,-2.2518e-05,-0.0008030433,-0.0069855908,0.0147517212,0.0056733657,-0.0070958659
9.1710414886,-0.0019200468,-0.0007215488,-0.0078143338,0.0025113891,0.005844607,0.0007915515
9.1809949875,-0.0037339949,0.0014645559,-0.0043178061,-0.0077180788,0.0050877365,0.0046741739
9.1909255981,-0.0076565468,-0.0032767402,-0.0009927013,-0.0199834462,0.0063266386,0.0032343359
9.2008447647,-0.0007594698,-0.006396574,0.0024460696,-0.0194255132,0.0087634316,0.0072197565
9.2106657028,0.0003397292,0.0030279336,0.0032191419,-0.0024539861,0.0057881479,0.008517215
9.220697403,-0.0004059845,0.006093855,0.00249727,0.0128538636,-0.0012697616,0.0081363833
9.2306194305,0.0023891754,0.0065535856,0.0004562281,0.0181357116,-0.0019520635,0.0017931331
9.240530014,0.0046999133,-0.0015556487,0.0006072067,0.0176869687,-0.0021842911,0.0004767326
9.2507753372,0.0033792085,-0.0023961486,0.003407731,-0.0021356498,0.0003931161,-0.0034538603
9.260392189,0.0013024188,-0.0095658423,0.0035763525,-0.0186658911,0.0078030955,0.0038064495
9.2703008652,0.0008224375,-0.0051103206,0.001644864,-0.0289501324,0.0119589586,0.0070858998
9.2804937363,0.002548275,-0.001769689,0.0065271398,-0.0194125511,0.0110713262,0.008268876
9.2901449203,-0.0010955655,0.0085151521,0.0017555498,-0.0046660076,0.0081138872,0.011680685
9.3002557755,-0.0038619363,0.0068099601,-0.0011975028,0.0137175266,0.0091096424,0.0122367525
9.3100585938,-0.0021902048,0.0065742461,0.002731099,0.0171828326,0.0068350364,0.0119726993
9.3199710846,-0.0036424422,-0.0003257293,0.0049567362,0.0066420408,0.0048738844,0.0031288748
9.3299312592,-0.0041711354,-0.0153177055,0.009488537,-0.0269269254,0.0049846722,0.0010942197
9.3397741318,0.0003049946,-0.0180615615,0.0128231188,-0.0339020118,0.0007230818,-0.0029625737
9.3497810364,0.0019859052,-0.0039497586,0.0091154715,-0.0187688656,-0.0024279703,0.0015501196
9.3598556519,0.0026249415,0.005435626,0.0085072061,-0.0027526151,-0.0049923286,0.0043903808
9.3695936203,-0.0017465674,0.0079775779,0.0082079908,0.0057496149,-0.0138939442,0.0018384402
9.3795051575,6.31935e-05,0.0061641363,0.0058618924,0.0093677854,-0.0093159704,0.0093538808
9.3893852234,0.0009198016,0.004049818,0.0043392321,0.0058317296,-0.0121176159,0.0106341615
9.399389267,-0.001247453,-0.0021752687,0.0042429706,-0.005718933,-0.0105402255,0.0118608139
9.4092769623,-0.0040834271,-0.0098830806,0.0036761307,-0.0109455632,-0.0081713432,0.008522708
9.419219017,-0.0011624717,-0.010954787,0.0046208641,-0.0126728909,-0.0069143316,0.0035045138
9.4291028976,-0.0043634051,-0.0047920914,0.0010442875,-0.0076925121,-0.0085910577,0.0048297029
9.4390916824,-0.0058462345,-0.0036693336,-0.0017378188,-0.0030865753,-0.0069494853,0.0014983546
9.449054718,-0.0051112943,-0.0014684621,0.00100018,-0.0100118592,-0.0086499136,0.0033678601
9.4589509964,-0.0016995096,-0.0055409344,0.006217136,-0.0125458557,-0.009550062,0.0018581141
9.468875885,0.0032576001,-0.0019681873,0.0051027676,0.0045991298,-0.0092776213,0.0053462228
9.4788312912,0.0022573746,0.0050187437,0.0045743128,0.013113522,-0.0167459231,0.0020526913
9.4887561798,-0.0022716695,-0.0037380653,0.0002962492,0.0056604883,-0.0122627579,0.0003178418
9.4985847473,-8.46558e-05,-0.0112914043,0.000875964,-0.0134002883,-0.0102707138,-0.0005159942
9.5085630417,0.0001516468,-0.0088663669,-0.0006903269,-0.0229840279,-0.0056618471,-0.0005310411
9.5184469223,-0.0025367313,-0.0021592202,-0.0042404393,-0.018240938,-0.0045414548,-0.0013808557
9.5284194946,-0.0004159235,-0.0001527566,-0.0036382533,-0.0002125809,-0.0041691451,-0.0023140272
9.5383558273,-0.001446771,-0.0020239772,-0.001663015,0.0122827049,-0.0074536218,-0.002959844
9.5483179092,0.0002641655,-0.0140729146,0.0009421252,0.005616812,-0.0093846796,-0.0084923608
9.5582351685,0.0023903674,-0.0165404435,0.001727476,-0.0113600409,-0.0062658517,-0.0046994872
9.5681676865,-0.0016444051,-0.0091027142,-0.0038767315,-0.0149658713,-0.0046956521,0.0009745774
9.5780582428,-0.0064064586,-0.0009352091,-0.0081493715,-0.0096904151,0.0045356634,0.0005410148
9.5879487991,-0.0023451918,0.0015720752,-0.0098476866,-0.0049106632,-0.0047390615,0.0001856158
9.5978126526,-0.0022912794,0.0006887716,-0.0087094763,0.0031818841,-0.0009539107,0.0003608519
9.6080722809,-0.0030034357,0.0021838574,-0.0059883455,0.0025704221,-0.0051095076,0.0003716375
9.6177148819,-0.0027782493,-0.0017072383,-0.0051183561,-0.0091163274,-0.0083931852,-0.0018355902
9.6276483536,-0.0018514269,-0.0085417749,-0.0040378431,-0.0119801145,-0.012112556,-0.0100543378
9.6375589371,0.0008233315,-0.0103170024,-0.0053363303,-0.0274722539,-0.0102619249,-0.0152285937
9.6474618912,-0.0019457364,-0.0093504982,-0.008779929,-0.0289172865,-0.0031177292,-0.0182384979
9.6574401855,-0.0050418549,-0.0098328264,-0.0134554366,-0.0330166891,0.0019366844,-0.0223613381
9.6673650742,-0.000229808,-0.003523496,-0.008628712,-0.0210340619,0.0085852658,-0.0170069207
9.6772899628,0.0006740666,0.0060041575,-0.0088909129,-0.0098285452,0.0082840621,-0.0092528602
9.6872720718,0.0004601604,0.0048078028,-0.0106665948,-0.0141126849,0.0085410578,-0.0028256204
9.6971359253,-0.0031553977,0.0061494065,-0.0109590152,-0.0160485357,0.0081346594,0.0052128648
9.7069120407,-0.0066178911,0.0066242767,-0.009809182,-0.0158480871,0.0139965434,0.0144071952
9.717007637,-0.00337291,0.0095688505,-0.0041206339,-0.0109761003,0.0123179527,0.0246888604
9.7269306183,-0.0007348233,0.0053328304,-0.0022421337,-0.0091039874,0.0254723709,0.020972386
9.7368593216,-0.0056130909,0.0051279468,-0.0020543195,0.0062206397,0.0262345672,0.0223393887
9.746963501,0.0014337427,0.0007743341,-0.0002562262,0.0043226937,0.0224936232,0.0138644101
9.7566986084,0.0054999865,-0.005357218,0.0003635429,-0.0035834331,0.0222819019,0.0056181978
9.7665863037,0.0049567795,-0.0051504718,0.0059455177,-0.0140128154,0.016082596,-0.0006499845
9.7768182755,0.0049301661,-0.0091522159,0.0067871353,-0.0170269813,0.0158698093,-0.0031943684
9.7864751816,0.0037752069,-0.0050500678,0.0062673232,-0.00512345,0.0133872116,-0.0005734852
9.7963905334,0.0031551099,0.0019150925,-0.0010914662,0.0086413641,0.0174320191,0.0015093733
9.8063259125,-0.0016572797,0.0057882397,-0.0034580089,0.0167649817,0.0186110027,0.0023299595
9.8162155151,-0.0040396475,0.0024236841,0.0021117472,0.0157479197,0.0198056977,-0.0043985173
9.8261404037,-0.0047999644,-0.0062809931,0.0041487953,-0.0010781968,0.022635838,-0.0039902874
9.8360862732,-0.0021295422,-0.0069449814,0.0052164933,-0.0219635051,0.0217580609,-0.006364495
9.8460016251,-0.0001868778,-0.0060423659,0.0095496317,-0.0276157968,0.0224920269,-0.0074679097
9.8561782837,-0.0005317354,-0.0018344271,0.0164480954,-0.030208651,0.0128798792,-0.0062146261
9.8658657074,0.0018601543,0.0013121244,0.0099136969,-0.0170142855,0.0100667831,-0.010097581
9.8757600784,0.0012266166,-0.0023571746,0.0131696602,-0.0238018855,0.0040568267,-0.0180556402
9.8857440948,0.0014034486,-0.005562705,0.0176415592,-0.0246791299,0.0048688245,-0.0189284571
9.8960018158,0.0005714125,-0.0058892043,0.0210992843,-0.0454635061,0.0059420783,-0.0123326061
9.9056377411,0.0034026778,-0.0040436806,0.0192612559,-0.0622601472,0.0095362803,-0.0034748989
9.9154834747,0.0027583218,0.0073563782,0.0122578284,-0.0599506535,0.0052310145,0.007048049
9.9254293442,0.0028210557,0.0160755757,0.0082858941,-0.0532493442,-0.0067518787,0.0119008282
9.9353294373,0.0051007546,0.0113674132,0.0097661754,-0.0464305878,-0.0115186712,0.0113088079
9.9452400208,0.0060606129,0.0094887344,0.0068854829,-0.0301938243,-0.0122582307,0.0164445136
9.9551696777,0.0068256832,0.0038747443,0.008020713,-0.014078239,-0.012615094,0.0187020749
9.9651098251,0.0016669906,-0.0020928429,0.0010096572,-0.00082422,-0.0143235121,0.0114998566
9.9750175476,0.0031211055,-0.003569101,-0.0016641475,0.0027995431,-0.01437278,0.0048787049
9.9850025177,0.0069412417,0.0010143173,-0.0037767149,0.0061567239,-0.0135226995,-1.37882e-05
9.994884491,0.0072959489,-0.0025796937,-0.0060633877,0.0032823742,-0.0109913647,0.0028981119
10.0048427582,0.0065699941,-0.0020074071,0.0002856992,-0.0025850143,-0.0152665367,0.0012286096
10.0146503448,0.001720441,-0.0060739191,-0.0007975556,-0.0067299576,-0.0112172002,0.0003265969
10.0248680115,-0.0039183372,-0.0066638114,-0.0039382437,-0.0094826007,-0.0117389141,0.0004970059
10.0345869064,0.0001680232,-0.0039652558,-0.0038626052,-0.0066804234,-0.005305782,3.042e-05
10.0445137024,0.0026127971,-0.00214794,-0.0050039748,-0.0072187358,-0.0040330575,0.0002701711
10.0547103882,-0.0004417025,0.003409463,-0.0070509771,-0.0063074022,-0.0017861485,-0.0009868408
10.0643358231,-0.0017429315,-0.0003609258,-0.0043709138,-2.03894e-05,-0.0051023168,0.0018453642
10.0742607117,0.000605253,0.0010746074,-0.0059452513,0.0039194911,-0.0058754324,-0.0037083917
10.0842857361,-0.0014645928,-0.0021043168,-0.0060251215,0.0032766929,-0.0079969065,-0.0025812422
10.0941419601,0.0001599318,-0.0003047857,-0.005599902,-0.0008911542,-0.0070408317,-1.79496e-05
10.104344368,0.0035557873,-0.0004704195,-0.0082499841,0.000357158,-0.0072227255,-0.0008197273
10.1140365601,0.0044906861,-0.0024746927,-0.0044574002,-0.0041001742,-0.0154942377,0.0076813488
10.1238441467,0.0051795221,-0.0056383433,0.0002797983,-0.0046326295,-0.0095948037,-0.0001479785
10.1338939667,-0.0058660232,-0.007469614,-0.0058036307,0.0013714675,-0.0027113308,-0.0056239702
10.1437892914,-0.0032251352,-7.41604e-05,-0.0041837553,-0.0021363595,0.0009680926,-0.005026524
10.1537055969,-0.0020226859,0.0009727132,-0.000976608,-0.0075010313,0.0016029903,-0.0024097015
