0.0000000000,-0.0425919257,0.0348062441,-0.1464956701,0.8431698680,0.2287936956,-0.1738739908
0.0098739862,-0.0014358268,0.0219682381,-0.0996469036,0.9328446388,0.3922500014,-0.2642374337
0.0197989941,-0.0259848572,0.0134532964,-0.1010820046,1.0761072636,0.4492203295,-0.4814347327
0.0301710367,0.0432335623,-0.0384425595,-0.042670045,0.8869897723,0.4200129211,-0.3525707722
0.0399580002,0.0902055502,-0.0471063331,0.0213135723,0.6917706132,0.4108838737,-0.3683104515
0.0500489473,0.0403380208,-0.255515635,0.0133917574,0.5297553539,0.4069391787,-0.432977587
0.0600910187,0.0238327868,-0.2701874375,-0.0210861322,0.5257116556,0.4010858536,-0.4892451465
0.0702949762,0.0490939505,-0.1806252152,-0.0601187684,0.6508919597,0.3950055838,-0.5636605024
0.0799440145,0.0868202075,-0.1375702769,-0.0774149671,0.8221350312,0.3731642067,-0.647565484
0.0898820162,0.1041822657,-0.151036635,-0.0860667601,0.9827198982,0.335511893,-0.6963034868
0.0999469757,0.0979141966,-0.1528667957,-0.0824482217,1.1336164474,0.3063643873,-0.7419037223
0.1101169586,0.0747034177,-0.1293550879,-0.0754513517,1.3112198114,0.277366817,-0.7938968539
0.1201080084,0.0597394519,-0.0880073979,-0.0581613518,1.4897748232,0.2675038278,-0.8587624431
0.1299569607,0.0561019517,-0.0553013757,-0.0421498753,1.6641192436,0.2490872592,-0.9203834534
0.1399370432,0.0582670197,-0.0500411466,-0.02927134,1.8096274137,0.2231717706,-0.9574991465
0.1500400305,0.0575809591,-0.0540369228,-0.0293144938,1.9315978289,0.1961721033,-0.9754698873
0.159948945,0.0509556197,-0.0597317293,-0.0412038304,2.021283865,0.2009838969,-0.9936230183
0.169942975,0.0322354361,-0.0645591095,-0.0490224101,2.0394721031,0.2083337009,-1.025555253
0.1801409721,0.011224092,-0.0757136419,-0.0462304093,1.991704464,0.1905344576,-1.0647183657
0.1899410486,-0.0083229421,-0.0856947377,-0.0294653531,1.90841043,0.2109028548,-1.1072878838
0.1999269724,-0.0294262208,-0.0889248922,-0.0219906326,1.7972400188,0.2428866029,-1.1403479576
0.209913969,-0.0370304845,-0.1088857725,-0.0380090214,1.673363328,0.2556774914,-1.1573426723
0.2199649811,-0.0292109437,-0.1288240105,-0.0589792468,1.5602257252,0.2558303773,-1.1625788212
0.2299029827,-0.0205739848,-0.1359704882,-0.0774039999,1.4855906963,0.2456248701,-1.1635229588
0.2399410009,-0.016942706,-0.1251462847,-0.0947361961,1.4761636257,0.2241664529,-1.1644394398
0.2499109507,-0.0232987143,-0.1058307365,-0.0987212434,1.5112261772,0.4022997022,-1.2389240265
0.25989604,-0.1412927955,-0.0885714963,-0.0801206604,1.4766969681,0.6076379418,-1.3188483715
0.2699159384,-0.1914189458,-0.0632838681,-0.0315415598,1.4167186022,0.3270800412,-1.2001241446
0.2798849344,-0.1106663868,-0.0364995673,0.0144551639,1.3808685541,0.1095160395,-1.1105066538
0.2898679972,-0.0732045993,-0.0281342939,0.0369765423,1.3777915239,0.0913863033,-1.1029502153
0.2999049425,-0.0965295658,-0.0373062566,0.0061675557,1.4068889618,0.0532333255,-1.0921030045
0.3098950386,-0.0777694806,-0.0325149968,-0.0248150583,1.4818273783,0.0187243521,-1.0706838369
0.3198809624,-0.0589461289,-0.0092848623,-0.0442709662,1.586482048,0.006853844,-1.0536817312
0.3298649788,-0.0595760904,0.0133390939,-0.0557604171,1.6461735964,0.003349124,-1.0175794363
0.3398510218,-0.0658991113,0.043769829,-0.0473328568,1.6940892935,0.0008910265,-0.972974658
0.3498740196,-0.0735830292,0.0488724634,-0.0287206527,1.7817288637,-0.0311460029,-0.9239580631
0.3598669767,-0.0680274293,0.0597746894,-0.0124332663,1.8798611164,-0.0479857028,-0.8569861054
0.3699259758,-0.0737034902,0.0934485123,-0.0086105224,1.9937703609,-0.0400380306,-0.7806250453
0.3798379898,-0.0788025185,0.1330137104,-0.0086797234,2.0434916019,-0.0175681431,-0.6979394555
0.3898609877,-0.0889363065,0.1607120484,-0.0062407008,2.0655987263,-0.0165888984,-0.6034084558
0.3998110294,-0.0875854716,0.1626335829,0.0033930189,2.0504100323,-0.0192017257,-0.5205157399
0.4098310471,-0.0880703554,0.1537869424,0.0011703616,2.0212416649,-0.0111920023,-0.4323687851
0.4198050499,-0.0987801477,0.1621475071,0.0088498238,1.9612033367,-0.0057338532,-0.3643679321
0.4298609495,-0.1165774688,0.1622720212,0.0109675173,1.9376027584,-0.0171100777,-0.2984094024
0.4397979975,-0.1394121647,0.1538185328,0.015506411,1.8967254162,-0.0082308324,-0.2230087817
0.4498230219,-0.1579067409,0.1680545658,0.009375656,1.8344825506,0.0047126622,-0.152931422
0.4597959518,-0.1562503129,0.180168137,0.0010842329,1.7520657778,0.0067619653,-0.0891457871
0.4698250294,-0.1431919187,0.1802772135,-0.0119782444,1.6313874722,-0.005510414,-0.0401119329
0.4797810316,-0.1340387464,0.1760400981,-0.0163578149,1.5118198395,-0.0147478543,-0.0112802843
0.4898059368,-0.1262007356,0.1725689024,-0.0243659969,1.4307688475,-0.0302016437,0.0048123989
0.4997830391,-0.1171552315,0.1571407169,-0.0307511445,1.3784818649,-0.0390116461,0.0219045673
0.5098520517,-0.1078164801,0.1357050389,-0.0337195136,1.3442673683,-0.0474906191,0.0612919182
0.5197600126,-0.0988159105,0.125740394,-0.0234287139,1.3302081823,-0.041891057,0.1037605554
0.5298210382,-0.0879013017,0.1276849359,-0.0183516499,1.3129405975,-0.0362992175,0.1483567804
0.5397109985,-0.0892870054,0.1333791465,-0.0084202643,1.298861742,-0.0316943452,0.1993302107
0.5498410463,-0.0930822715,0.1302698106,0.0125363115,1.2464318275,-0.0359482132,0.2493267953
0.5597510338,-0.1036790684,0.1259084195,0.0370265506,1.1225466728,-0.0398670547,0.2781230211
0.5697549582,-0.1057771817,0.1166134998,0.0367681645,0.9752551913,-0.0441672616,0.2835657299
0.5797970295,-0.1057218537,0.0826840922,0.0273058061,0.8332467675,-0.0336427167,0.2687264681
0.5898330212,-0.1077758893,0.0407026932,0.0181877855,0.6954705715,-0.0135776615,0.2400080115
0.5997940302,-0.1145779863,0.0034918701,0.0144263748,0.634621501,-0.0014810511,0.2091602087
0.6097990274,-0.1086249873,-0.0230096653,0.0133062247,0.6453045011,0.009035239,0.1793376058
0.6197919846,-0.1088889018,-0.033002086,0.0214687232,0.7062246799,0.0040713735,0.1687034667
0.6297990084,-0.1200406179,-0.0275569037,0.0189736728,0.7874798775,-0.0081983423,0.1602271646
0.6397479773,-0.1412677914,0.0064334786,0.0193302277,0.894400835,-0.029807765,0.1613553911
0.649747014,-0.1441750228,0.0684562251,0.0069049248,1.0142008066,-0.0483646691,0.1327075064
0.6617250443,-0.1425354928,0.1147998497,0.0092060808,1.1041562557,-0.0651740059,0.0849439874
0.6702890396,-0.1400015801,0.1052364036,0.0035907275,1.0863924026,-0.0882737339,0.0245498847
0.6808110476,-0.1365347803,0.0462640449,0.0389154218,1.0910334587,-0.1101260409,-0.0348037221
0.6907769442,-0.1308829486,-0.051363416,0.0787518248,1.1276557446,-0.1253508031,-0.0984740406
0.700420022,-0.1276882291,-0.1200262383,0.0078621153,1.1127040386,-0.1055762917,-0.147462219
0.7104389668,-0.1135364696,-0.1145315245,0.0215413813,1.1083649397,-0.0897414014,-0.1666849107
0.7202049494,-0.0723071471,-0.1395262629,0.0953662619,1.2812041044,-0.1091116369,-0.0880614817
0.7297730446,-0.0520222597,-0.1432837397,0.1202639565,1.3974987268,-0.0331212692,0.0685984343
0.7396399975,-0.0359104685,0.0463601872,0.0692026839,1.367852807,0.0169189945,0.1968409717
0.7496030331,-0.0348969661,0.1418875903,0.0311128143,1.33677876,0.0316326953,0.1957048625
0.759518981,-0.0424949192,0.0389017388,0.0221878532,1.2866841555,0.0394205749,0.1521326154
0.7695180178,-0.062929906,-0.0376561359,0.0035257584,1.1457252502,0.0562727936,0.1255619824
0.7795889378,-0.0867465213,-0.1013827398,0.0100795273,0.9130307436,0.0701662377,0.0863272324
0.7895669937,-0.1000399068,-0.1854129583,0.0092524532,0.6963868737,0.0746672451,0.0588271655
0.7995079756,-0.0757044479,-0.2053834945,0.0222358946,0.4847117364,0.0969049111,0.1013273597
0.8095580339,-0.0409922563,-0.1147570685,0.0215789322,0.3981842995,0.090140745,0.13861534
0.8197000027,-0.0097971512,-0.050303705,0.0411063693,0.3642530739,0.0495480448,0.171835199
0.8307659626,0.0066785412,-0.0405353978,0.0553330444,0.2964580655,0.0943852887,0.2268361449
0.8395709991,0.0040554004,-0.0718274787,0.0191360954,0.1081802994,0.1065703183,0.3225046098
0.8495409489,-0.0055621369,-0.0842418745,-0.0233201738,-0.0877615064,0.1547551453,0.3850100636
0.8594869375,-0.0259988718,-0.0475228503,-0.0524297692,-0.27003932,0.1202813387,0.3938620389
0.8696529865,-0.039868068,0.0294510648,-0.0909741893,-0.378828913,0.1066688597,0.4004006088
0.8796219826,-0.0430480801,0.0961158201,-0.0788258091,-0.3916887641,0.1014738306,0.4291262627
0.8894569874,-0.0211895667,0.1170181558,-0.0668401495,-0.3063429594,0.0949339047,0.462043196
0.8996189833,-0.001107137,0.1269854754,-0.0690771118,-0.2312477082,0.0600132011,0.4345926642
0.9096059799,-0.0143329008,0.1344649643,-0.0976187959,-0.1858946085,0.0067063048,0.4094092548
0.925999999,-0.0415796451,0.1036121175,-0.1205893531,-0.1247200593,0.0021251352,0.3190965652
0.9572049379,-0.0693575963,0.0424390361,-0.1270039976,-0.1664206237,0.0249982271,0.281793654
0.9572919607,-0.0541541986,0.0471319482,-0.1077149883,-0.1460194886,0.0237923488,0.2467259616
0.9573190212,-0.0037330941,0.070929341,-0.0574749447,-0.0112406379,0.0125785749,0.1882730275
0.964081049,0.0206545033,0.0736210868,-0.0232896563,0.0940947086,0.0540173613,0.1900596172
0.9699909687,0.0002438768,0.0309408233,0.0241071228,-0.0481553786,0.0745836198,0.2240221053
0.9818489552,-0.0279484652,-0.0469213799,0.0534088872,-0.2784868479,0.0565217957,0.194550246
0.9897129536,-0.0243928544,-0.0695203021,0.0667696223,-0.411716789,0.037203759,0.1809574664
1.0009169579,-0.0087425364,-0.0178750232,0.0059920796,-0.3935535252,0.0341618992,0.1841532588
1.0113890171,-0.0313065611,0.0256297514,-0.059556935,-0.2559354901,0.0605232008,0.1424529552
1.0195809603,-0.0353374295,0.0193673894,-0.0701312795,-0.0980405211,0.0745007917,0.1337512136
1.0294799805,-0.0028420642,0.0103470599,-0.0071600429,-0.0009267479,0.076347962,0.1368585825
1.0392940044,0.0082136141,0.0115402853,0.0308653358,0.0269769207,0.06570784,0.1167204231
1.0496349335,0.0073887752,0.0016611136,0.0232637171,0.0175530594,0.0578355342,0.0795943663
1.0592780113,0.0123543264,-0.016851671,0.0139105562,-0.0046940567,0.0509486012,0.0445968285
1.0692789555,0.0103338184,-0.037473686,-0.003619408,-0.0130744921,0.0410557576,0.0202318355
1.0792540312,0.0104733603,-0.0433198884,-0.0007887834,-0.0034176027,0.0409995653,0.00535382
1.089269042,0.0150315212,-0.0291668847,0.0079733375,0.0052453941,0.0334215388,-0.013726132
1.0992469788,0.0157062896,-0.0070951069,0.0326020978,-0.004303637,0.0321490802,-0.0296502374
1.1093369722,0.0157256387,-0.0020508254,0.0712576136,-0.0085905278,0.0321613327,-0.0243353657
1.1193230152,0.0292934291,-0.0098458016,0.0968024954,-0.0073329816,0.0128515493,-0.0327059478
1.1293209791,0.0508632325,0.000678829,0.0561417602,0.0227578096,0.0031382018,-0.0709100589
1.1392970085,0.0496602841,0.0042599356,0.0370047353,0.0012916643,0.0221068319,-0.0827025399
1.1493040323,0.0389512517,-0.0036180699,0.0491420291,-0.0522027165,0.0356146507,-0.0795655996
1.1593669653,0.028337013,-0.0172325447,0.0718041882,-0.1760955155,0.0484462976,-0.0923132226
1.1694619656,0.0056627067,-0.0173486546,0.0707111582,-0.2603510022,0.0517973527,-0.1241478473
1.1794439554,0.0014390245,-0.0203199461,0.0627041087,-0.2785937786,0.0675970912,-0.1348613501
1.1895170212,0.0100987302,-0.0155727947,0.0380726121,-0.257432282,0.0912560821,-0.1371543258
1.1994329691,0.0212116577,-0.003965565,0.0379979871,-0.2031188607,0.101412572,-0.1234466359
1.2094219923,0.0385724194,-0.0010662162,0.0500929616,-0.1210841835,0.1076816544,-0.0895480588
1.2194269896,0.0494917668,0.0036644256,0.0500329994,-0.0454129912,0.1096105799,-0.0577428564
1.2294230461,0.0541011728,0.0211257264,0.0674517378,0.0025140559,0.1113043502,-0.0280403551
1.239413023,0.0615778007,0.0248658583,0.0742324814,0.0366808139,0.1000389159,-0.0014313818
1.2494260073,0.0536614098,-0.0008279764,0.0555022024,0.0228576772,0.0914270505,0.0039460729
1.2594009638,0.0318786837,-0.0050619328,0.0355564617,-0.0560501888,0.0906083956,-0.0204287749
1.2694180012,-0.0060370071,-0.0376524404,0.0284010414,-0.0634369999,0.0892826691,-0.0437876284
1.2794430256,-0.0367514752,-0.0905286148,0.0569089912,-0.0952555165,0.068635188,-0.054253716
1.2893829346,-0.0451724194,-0.0554801896,0.0783967003,-0.0972182676,0.0493453778,-0.0583768226
1.299374938,-0.0499770008,-0.0128259147,0.0636422858,-0.0758016557,0.0514242426,-0.083899498
1.3093839884,-0.056666296,-0.0124102319,0.0260049347,-0.0587233379,0.0651509762,-0.1190593466
1.3194830418,-0.0480185412,-0.0479681566,0.0043039569,-0.0873674974,0.057146579,-0.1551124156
1.3293789625,-0.0307312571,-0.0783909038,0.0114335064,-0.0734964237,0.0698160306,-0.1860136092
1.339359045,-0.0289672427,-0.0825694278,0.0143788103,-0.024378676,0.0743332803,-0.2020122856
1.3493499756,-0.0257660858,-0.0632392839,0.0226022247,0.0407406688,0.0779525191,-0.2127051353
1.3593399525,-0.0259015225,-0.0450275615,0.0171983484,0.0962061957,0.083711341,-0.214907974
1.3693380356,-0.0288420878,-0.0346950367,0.0131088737,0.1143465787,0.0849113613,-0.2159908116
1.3793170452,-0.0307749473,-0.0369945839,0.0189771894,0.1088997498,0.0956162065,-0.2086174488
1.3893369436,-0.0305731557,-0.032461293,0.0019736534,0.0681882724,0.1082449183,-0.1948598325
1.3993250132,-0.0099623604,-0.0102388943,-0.0394755341,0.0149390344,0.0918302536,-0.1915299445
1.409340024,-0.0053270264,-0.0092562521,-0.0092620607,-0.0053318823,0.0843281299,-0.1755312681
1.4193350077,-0.0324058644,-0.0320101455,-0.0063087693,-0.039519947,0.0820543244,-0.1606197059
1.4293489456,-0.03457826,-0.0067779506,-0.0062179319,-0.0510546342,0.0625996664,-0.175358966
1.4393129349,-0.0270458423,0.0001740373,0.0246401075,-0.0979466438,0.0505398065,-0.1688761711
1.4493219852,-0.0328273438,-0.0172526315,0.0581742786,-0.1896608472,0.0328841135,-0.1506369859
1.4593410492,-0.0296573304,-0.0150623405,0.0729738697,-0.2738818228,0.011049388,-0.1270604134
1.4693239927,-0.0205250196,0.011639527,0.0720839724,-0.3581394553,-0.0096460367,-0.096058026
1.47932899,-0.0221754126,0.0392736718,0.0596025251,-0.4082850814,-0.0226406641,-0.0704417378
1.489289999,-0.0284255706,0.055116944,0.0411457084,-0.4167533815,-0.0354408808,-0.0597289093
1.4992990494,-0.0300201587,0.0682802126,0.0449931882,-0.3965710104,-0.0287531521,-0.0459756814
1.5092949867,-0.0306069665,0.0833441541,0.0493726991,-0.3474774957,-0.0304474551,-0.0385622382
1.5192860365,-0.0244817697,0.0914165303,0.0427508615,-0.2578743696,-0.0222819373,-0.0397401564
1.5292719603,-0.0122695519,0.0847408101,0.0281394962,-0.1629865021,-0.0118471393,-0.0303125642
1.5392700434,-0.0030319944,0.0770132467,0.0147630218,-0.1053381041,-0.0176986381,-0.0165024772
1.5492880344,-0.0027857975,0.0643470213,0.0176141504,-0.0712480471,-0.0109858736,-0.0123202484
1.5592830181,-0.0064255251,0.0458221361,0.0216804985,-0.107579425,-0.0080247037,-0.0080642514
1.5693099499,0.0103254365,0.0373672172,0.0431188606,-0.1545370817,-0.0146826068,0.0058228029
1.5792449713,0.0361767299,0.0172942802,0.0525892042,-0.2346731871,-0.0140429148,0.0281848349
1.589277029,0.0495437868,0.0147149479,0.0460094474,-0.2965791821,-0.0239410866,0.0516648591
1.5992599726,0.0610680021,0.0091775572,0.0272535328,-0.3274487853,-0.034859512,0.0528200045
1.6092399359,0.0627241954,0.0025913035,0.0124947075,-0.3051368296,-0.0250042211,0.0601772517
1.6192519665,0.0661482587,0.0078232205,0.019913936,-0.2496165782,-0.0371668786,0.0867739767
1.6292419434,0.0726815686,0.02583801,0.0432504676,-0.181357637,-0.0448623486,0.125022307
1.6392179728,0.0719019994,0.0611838028,0.0277635101,-0.1495383382,-0.0315340236,0.1557262838
1.6493690014,0.0686113015,0.0642613694,0.0015429504,-0.1891062409,-0.0326909013,0.1812587976
1.6592409611,0.0625800267,0.0234705731,-0.0113478657,-0.2403466403,-0.034118887,0.1855530143
1.6692359447,0.0561364181,-0.0045589292,-0.0063810102,-0.2445389926,-0.0427198336,0.1834869385
1.6792399883,0.0462217219,-0.0063192928,-0.0015185826,-0.2242144346,-0.0416319333,0.1675307453
1.6892119646,0.0369871892,-0.0081191743,0.0022924191,-0.1995753944,-0.0469033942,0.153736636
1.6992399693,0.0321965404,-0.0225350335,0.0304566864,-0.2240702212,-0.0472378843,0.1367575228
1.709215045,0.0242189504,-0.0380598977,0.0448912643,-0.2677569687,-0.0498677567,0.1187444255
1.719233036,0.0169977434,-0.0536316708,0.0492568277,-0.3167226315,-0.0579192936,0.0965208784
1.7291970253,0.006735866,-0.0683139637,0.0388107561,-0.3539632261,-0.0627004653,0.0710804984
1.7391829491,-0.0043171747,-0.081973739,0.0308065657,-0.3814940751,-0.0812722817,0.0489092842
1.7492159605,-0.0084848953,-0.0897162631,0.0210670475,-0.3930101097,-0.0976384729,0.0203388929
1.7592099905,-0.0117802722,-0.0935876444,0.0121269468,-0.3641236126,-0.0944533348,-0.0083867591
1.7692090273,-0.0131807132,-0.1092155054,-5.936e-06,-0.3351545334,-0.0988041461,-0.0434376858
1.7791659832,-0.0012516037,-0.1100718454,0.0048339614,-0.2978245914,-0.092165418,-0.0509439409
1.7891850471,0.0138174789,-0.1129105166,-0.0067265979,-0.3263374567,-0.1235172153,-0.0666565895
1.7993040085,0.0048382478,-0.1002885178,0.003825689,-0.2855833769,-0.1216173172,-0.1315037608
1.8091599941,-0.0196955316,-0.130019024,-0.021694636,-0.2512792051,-0.1248762235,-0.1686902791
1.8191399574,-0.0051564081,-0.1280290037,0.0044180402,-0.2329084426,-0.1368274242,-0.2079338133
1.8291479349,-0.0024187819,-0.1584895402,0.0151371006,-0.2807377577,-0.1450512707,-0.2514051199
1.8391350508,-0.0089160008,-0.1812697798,0.0266195778,-0.410728395,-0.1571204513,-0.2947924435
1.8491330147,0.0025658056,-0.1893388182,0.0377646945,-0.5640505552,-0.1875451952,-0.3391084969
1.8591159582,0.0146333771,-0.2014221102,0.0435698293,-0.709939599,-0.2125834376,-0.3855910301
1.8691450357,0.0155341672,-0.2068767101,0.0487191938,-0.8323302269,-0.2395716459,-0.4310133755
1.8791350126,0.0011625334,-0.1940713674,0.0555030368,-0.8800438046,-0.2575106919,-0.4861094952
1.889119029,-0.0184584968,-0.1844763905,0.0498822592,-0.8873085976,-0.2654298544,-0.5306735635
1.8990980387,-0.0239192359,-0.1573655754,0.0459547304,-0.8197748661,-0.2886683643,-0.5592535138
1.9091010094,-0.019752603,-0.1332986504,0.0307041053,-0.7491749525,-0.297932148,-0.5815529823
1.9191030264,-0.0217333548,-0.0966821983,0.0176508073,-0.6817268133,-0.3136264086,-0.6027449369
1.9291319847,-0.0286351554,-0.0865073875,0.013812745,-0.6153441072,-0.3272434175,-0.6303251386
1.9390870333,-0.0348593257,-0.0871369913,0.0211620573,-0.5510354042,-0.3441731334,-0.6685066223
1.9490929842,-0.0422039293,-0.0976771191,0.0212226156,-0.5049912333,-0.3504749835,-0.6971824765
1.9591709375,-0.0517567955,-0.1180991009,0.0259019379,-0.4942188561,-0.3464677334,-0.7386506796
1.9690690041,-0.0656823888,-0.1309023649,0.0335016511,-0.5068558455,-0.3501532674,-0.7832384109
1.9790560007,-0.0694650039,-0.1194922403,0.0324958228,-0.5408754945,-0.3465912938,-0.8352923989
1.9890719652,-0.0756399706,-0.1073606089,0.0298195723,-0.5588847995,-0.3439510465,-0.8852293491
1.9990450144,-0.075317584,-0.103166528,0.0362012051,-0.572431922,-0.3710633814,-0.9190420508
2.0090050697,-0.0735310242,-0.0757466033,0.0405851863,-0.5530611873,-0.3723728359,-0.9647299051
2.0190339088,-0.0817166194,-0.0516319945,0.0292206649,-0.5667383075,-0.3845045865,-0.9965150356
2.029045105,-0.0822010264,-0.0577724651,0.0496136807,-0.5986430049,-0.3944703937,-1.0081144571
2.0389528275,-0.0797047541,-0.0738561824,0.0684148893,-0.6101968884,-0.4107354283,-1.023933053
2.0490100384,-0.0812898502,-0.0697140172,0.0742900595,-0.558768034,-0.4244408309,-1.0483151674
2.0590150356,-0.0975681469,-0.0610402897,0.0539540909,-0.4755092263,-0.4154385626,-1.0718079805
2.069010973,-0.1150109991,-0.0466407612,0.0289446954,-0.4136820734,-0.3980140388,-1.0900248289
2.0789060593,-0.1238677427,-0.0361399725,0.0191839579,-0.3720903099,-0.3829538524,-1.115645647
2.089012146,-0.1260512769,-0.0393403247,0.0198644642,-0.3293042481,-0.3849512041,-1.1379728317
2.0989990234,-0.123468779,-0.0387182906,0.0231918339,-0.3112742305,-0.3677759767,-1.1455327272
2.1089470387,-0.1210667714,-0.0275008157,0.0363066457,-0.3454649448,-0.3585393131,-1.1593798399
2.1190869808,-0.1167626008,-0.0311403349,0.0557986163,-0.3987629116,-0.3591403961,-1.1816499233
2.1289789677,-0.1154326722,-0.0468538478,0.0719585642,-0.4519656897,-0.3662643433,-1.216625452
2.1389789581,-0.1201166734,-0.0659375861,0.0745896921,-0.4314777255,-0.3750168383,-1.2590799332
2.1489500999,-0.1268998682,-0.0803670958,0.0800327286,-0.4325749576,-0.3718098402,-1.2580375671
2.1591739655,-0.1417952776,-0.0483862236,0.0568723939,-0.4433279932,-0.3465875983,-1.2985643148
2.1689579487,-0.1430841386,-0.0498112515,0.0348482989,-0.4078792036,-0.3584061563,-1.3378208876
2.178951025,-0.1220838353,-0.0676542595,0.0448645614,-0.3298847973,-0.3642722964,-1.3442106247
2.1889648438,-0.1022622809,-0.0338685587,0.0392754339,-0.2412699908,-0.3657335639,-1.3453253508
2.1991391182,-0.0891815946,0.0028272187,0.0348996781,-0.1642328501,-0.3896743357,-1.3399121761
2.2089350224,-0.0777499899,0.0151795065,0.0487903617,-0.1267416626,-0.4096006155,-1.3291851282
2.2189199924,-0.0795944855,0.0117732203,0.0605901144,-0.1063892543,-0.4242717326,-1.3131676912
2.2289550304,-0.0829154775,-0.0083509171,0.0598225258,-0.122367695,-0.4349379539,-1.2960890532
2.2391438484,-0.0792035088,-0.022764571,0.0476301573,-0.1350786984,-0.4457503855,-1.299197793
2.2489030361,-0.0658289418,-0.0216530636,0.0324340127,-0.0858211294,-0.4583311677,-1.315086484
2.2589290142,-0.0455824398,-0.0146383727,0.0207695607,-0.0314375162,-0.4567241967,-1.3013235331
2.2689509392,-0.0291665457,0.0089694774,0.012683833,-0.0249394048,-0.4726059735,-1.2895387411
2.2792310715,-0.0290367864,0.0148937618,0.0294019226,-0.0877985358,-0.4953610897,-1.2691633701
2.2888998985,-0.0314808749,0.0157328174,0.0418667458,-0.1389240324,-0.5127754807,-1.2594532967
2.2988801003,-0.033579614,0.0125029003,0.045962777,-0.1516717821,-0.5287190676,-1.2370289564
2.3088588715,-0.0255410932,0.0122676408,0.0375219844,-0.1345252842,-0.5475885868,-1.2092963457
2.3190951347,-0.020241823,0.0373872444,0.0160613898,-0.0994353443,-0.5386004448,-1.1902575493
2.3289060593,-0.0155309094,0.0411339924,-0.0005573385,-0.0919976681,-0.5426364541,-1.1689887047
2.338891983,-0.006557907,0.0225993916,0.0075438865,-0.1218592897,-0.555483222,-1.1444499493
2.3489120007,0.0053029405,0.029479377,0.0354807638,-0.1634922177,-0.5610221028,-1.1295114756
2.3590240479,0.0076645957,0.041973643,0.0459508561,-0.1612839401,-0.5716534853,-1.1241292953
2.368885994,0.0036083802,0.0338541195,0.0437333249,-0.1377937943,-0.5756742954,-1.1156204939
2.3788781166,-0.0099878563,0.0315956995,0.044341471,-0.1388425529,-0.590372026,-1.0836532116
2.3888759613,-0.0183668993,0.0314280912,0.0470347665,-0.1334605515,-0.6040431261,-1.0623204708
2.3987150192,-0.0205671452,0.0244634673,0.0380690955,-0.1099387184,-0.6123297811,-1.0527216196
2.4087309837,-0.0177255534,0.0215656683,0.0358863138,-0.0971275866,-0.6174656749,-1.0399485826
2.4187068939,-0.0158990882,0.0380851552,0.0347147845,-0.1291302443,-0.6188092828,-1.0431046486
2.4290909767,-0.0129609955,0.0418121144,0.0506161116,-0.1866789013,-0.6299500465,-1.0440553427
2.4389469624,-0.007780279,0.0286467001,0.056401398,-0.2603500485,-0.6283734441,-1.0429515839
2.4488649368,-0.0043707741,0.0229350254,0.0420652889,-0.3148396611,-0.6244743466,-1.0376268625
2.4588718414,0.0001026734,0.0278568193,0.0318497084,-0.3372998536,-0.6245302558,-1.0237996578
2.4689440727,0.0046029435,0.0542377755,0.0186042432,-0.3385722935,-0.6041330695,-1.0122447014
2.4788341522,0.0074552642,0.0639444515,-0.0064982525,-0.3045040667,-0.594225347,-1.0091445446
2.4888410568,0.011445676,0.0495791361,-0.0035692209,-0.2363359481,-0.5818142295,-0.9943990707
2.4988188744,0.004801427,0.0402747914,0.0085652713,-0.1927499771,-0.5674179792,-0.9754005075
2.508908987,0.0041436302,0.0467110798,0.0047836551,-0.1768000424,-0.5639973879,-0.9648098946
2.5188219547,0.0134362327,0.0415726826,0.0139245633,-0.2120252699,-0.5694954991,-0.9509387612
2.5288059711,0.0140275108,0.0460172817,0.0331064127,-0.2868004441,-0.5667856932,-0.9413425922
2.5387859344,0.0071317302,0.0372836515,0.0263486747,-0.3529805243,-0.5631111264,-0.9519451261
2.5487940311,0.0052343952,0.0204620883,0.0160218719,-0.3753646612,-0.5633659959,-0.9614893794
2.5588841438,0.0101557123,0.0123966848,0.0096376184,-0.3722209334,-0.56005162,-0.9519524574
2.5687909126,0.0013627156,0.024849467,0.0116268639,-0.3446843922,-0.5373122692,-0.9425576329
2.578772068,-0.0033197061,0.0305235311,0.004692758,-0.3351247013,-0.5329310894,-0.9383410215
2.5888180733,-0.0039569391,0.0343094394,-0.0022930258,-0.3363319039,-0.5221162438,-0.9224744439
2.5987689495,-0.0015939728,0.0401194021,0.0044489154,-0.3641317189,-0.5211611986,-0.9107756019
2.6087729931,-0.003041114,0.0448808596,0.0160858873,-0.3803655505,-0.4966500401,-0.9045488834
2.6187648773,-0.0091325296,0.0445777699,0.0031479842,-0.380523622,-0.4815965295,-0.8940228224
2.6287620068,-0.0062877787,0.031736128,-0.0029473656,-0.3817888796,-0.4633096755,-0.8792670369
2.6387491226,-0.0025221959,0.030721955,0.0024783856,-0.362706393,-0.45027107,-0.8719291091
2.6487441063,-0.0025326267,0.02684962,0.0066952952,-0.3596967459,-0.4330108762,-0.8561072946
2.6587400436,-0.007407452,0.0326597616,0.0068252929,-0.3833312392,-0.4160619974,-0.8519484997
2.6687440872,-0.017014768,0.0246408507,0.0139374975,-0.4410896301,-0.4057390392,-0.8424135447
2.679131031,-0.0176744126,0.015508703,0.0134676937,-0.4785750508,-0.3952398002,-0.8307697773
2.6884708405,-0.0075646294,0.0112020886,0.0082052592,-0.4893525839,-0.3835482299,-0.8287132978
2.6984779835,-0.0101749552,0.0224021599,0.001645828,-0.4809339643,-0.3695719838,-0.8266844153
2.7084650993,-0.0127694262,0.0326362774,-0.0051163188,-0.4629358053,-0.352313906,-0.8246840835
2.7186219692,-0.0084588183,0.0342077538,-0.0041624657,-0.4458627999,-0.3511242867,-0.8268319368
2.7284469604,-0.006999935,0.0328193828,-0.0122164842,-0.4171786904,-0.3327692449,-0.8312205672
2.7384738922,-0.009432639,0.0246155784,-0.0126836058,-0.4150862694,-0.3253206313,-0.8365804553
2.7486000061,-0.0078349961,0.0088692224,-0.0015201919,-0.4226014316,-0.3242191672,-0.8259584308
2.758425951,-0.0052401675,0.0039944565,0.0153816584,-0.4366956651,-0.3049333394,-0.8080140352
2.7684588432,-0.0045642508,0.0107625639,0.023396397,-0.4581463635,-0.2996008694,-0.7899730206
2.7784910202,0.0061643468,0.0058530485,0.0258183721,-0.4774060845,-0.3048545122,-0.7612380385
2.7884910107,0.0131450044,0.0097196614,0.0203859452,-0.470002234,-0.3014818728,-0.7485163808
2.7984499931,0.0056029307,0.0106753027,0.0176432375,-0.4540660083,-0.2969806194,-0.7368718386
2.8083949089,-0.0047186865,0.0067967987,0.0118811969,-0.4348632693,-0.2968048453,-0.7336992025
2.8184449673,-0.0121463193,0.0118700182,0.0068841227,-0.3997194171,-0.2848200798,-0.7391142249
2.8284759521,-0.0137698902,0.0220791623,0.0005706198,-0.3474878967,-0.2716813684,-0.7498598099
2.8384349346,-0.007571782,0.0247285888,-0.0099134799,-0.3059768081,-0.2585024536,-0.7457227111
2.8484869003,-0.0014205829,0.0237249658,-0.0069992892,-0.2794144452,-0.2475182414,-0.7351885438
2.8584589958,-0.0040282859,0.0228879079,-0.0004585736,-0.2699899077,-0.2344192266,-0.7119079232
2.8684389591,0.0013763055,0.0056885993,0.0090885404,-0.2668692172,-0.2331355959,-0.6896081567
2.8784461021,0.0068383561,0.0023066914,0.0136697534,-0.2476664782,-0.235051468,-0.6811102629
2.8884429932,0.0035851344,0.0115804588,0.0103184823,-0.2551419735,-0.2330080271,-0.6853678823
2.8984520435,-0.0141250743,-0.0001292312,-0.0077244989,-0.2872092426,-0.2143123597,-0.7194612622
2.9083428383,-0.0221820734,-0.0278032497,-0.0049764863,-0.3448336422,-0.2095684707,-0.7375124693
2.9184541702,-0.0060741557,-0.0391445532,0.0137779955,-0.4388055503,-0.2039121836,-0.7406694889
2.9284520149,0.0100007402,-0.0324728563,0.0199342016,-0.5135580301,-0.2023073733,-0.7353157401
2.9384319782,0.009626423,-0.0291650966,0.0133320931,-0.5509977341,-0.1940190792,-0.7321562767
2.9486010075,0.0052686082,-0.0112544382,0.0094592813,-0.5788147449,-0.1888357699,-0.7257961631
2.9583830833,0.0009303435,0.0105217611,0.0075058588,-0.5756589174,-0.1865989715,-0.7173147798
2.9684481621,-0.0002825514,0.015890263,-0.0013895981,-0.5149819851,-0.171057567,-0.7047092319
2.9785540104,-0.0042985333,0.0285439715,-0.0223576184,-0.4469227493,-0.1468595564,-0.6868548393
2.9884738922,-0.003470029,0.039093934,-0.0201791283,-0.3969330788,-0.1355488449,-0.6593409181
2.9984760284,0.002343212,0.0345137641,-0.0201924797,-0.363961786,-0.1276626736,-0.6413521171
3.0085148811,0.0110912668,0.0340428576,-0.0262543317,-0.3405749798,-0.1220016032,-0.6254692674
3.0185141563,0.0070866691,0.038658075,-0.0208635088,-0.3129837215,-0.1088170931,-0.6085758805
3.0287780762,0.0032587394,0.0295795426,-0.0203381535,-0.3365992904,-0.0981937423,-0.5948172212
3.0387010574,-0.0005350963,0.019211255,-0.026574051,-0.3622282445,-0.0962709412,-0.5969373584
3.0487949848,-0.0034337894,0.010763309,-0.0240832325,-0.3409314752,-0.0886519104,-0.6001888514
3.0584750175,-0.005421604,0.0179487988,-0.0187124368,-0.3261152208,-0.0766999051,-0.5907146335
3.0688800812,-0.0045777215,0.0310966,-0.0017184967,-0.3250544965,-0.0787657201,-0.583265245
3.0784888268,-0.0083312644,0.0139626181,0.0114463214,-0.347546339,-0.0735110417,-0.573723495
3.0884280205,-0.01308998,0.0103958761,0.0186658744,-0.3614872098,-0.0682204068,-0.5673737526
3.0996029377,-0.0080272807,0.0098387813,0.0171541218,-0.3615188897,-0.0733637661,-0.5429013968
3.1086699963,0.0010598644,0.0086616492,0.0244754795,-0.3529855907,-0.0816483274,-0.5194810629
3.1469140053,-0.0005284802,0.0193889663,0.0267912392,-0.3498523831,-0.0793534815,-0.5046275258
3.1470379829,-0.0067855967,0.0213505253,0.0213157181,-0.3754922152,-0.080538854,-0.4950404465
3.1470630169,-0.0080605401,0.0094898259,0.0169484261,-0.4128450751,-0.0797971636,-0.4992678165
3.1553010941,-0.006491567,-0.0036453092,0.0105452184,-0.435358882,-0.0671639293,-0.5014587641
3.1636970043,-0.0060990108,0.0008402086,0.0097767357,-0.472764194,-0.0662874803,-0.4908174574
3.1684541702,0.0001682385,0.0082862293,0.0070618638,-0.4856637418,-0.0598745868,-0.4791637063
3.1784949303,0.0054977285,0.01377236,-0.0016016716,-0.4824989736,-0.0555682555,-0.478130281
3.18851614,0.0028943166,0.0271557793,-0.0056638471,-0.4484277964,-0.0498517826,-0.4654424489
3.1985058784,0.0012025579,0.0359639153,0.0087525491,-0.4197101593,-0.042041257,-0.4527634084
3.2082350254,-0.0003302947,0.0341736004,0.0232490543,-0.423966974,-0.0473364219,-0.4431645572
3.218269825,-0.0025802508,0.0197409615,0.0251356605,-0.4121925831,-0.0515141226,-0.4420820177
3.2282319069,0.0001010045,0.0143972253,0.0221135262,-0.3790943027,-0.0544191003,-0.4367743433
3.2384150028,0.0066762911,0.0200370476,0.0132028107,-0.3385187685,-0.0614647605,-0.4229478836
3.2483620644,0.0084337341,0.0200231299,0.0130491499,-0.3171439767,-0.0686901882,-0.4122920334
3.2583961487,0.0053810226,0.0218962952,0.0080030207,-0.3075145185,-0.0676297098,-0.4218666255
3.2683570385,0.0004584535,0.0147381341,0.0069540986,-0.3298791945,-0.0710726529,-0.4292654097
3.2783808708,0.0004019483,-0.0005324268,0.0078648571,-0.3779036105,-0.0704204366,-0.4345481694
3.288380146,0.0051542269,-0.0072881067,0.003843928,-0.4034968317,-0.0706819594,-0.4419653416
3.2984371185,0.0040152417,-0.007093885,0.0016601331,-0.3939238191,-0.069474481,-0.4345436692
3.3083469868,0.0028822764,-0.0017628454,-0.0015774124,-0.3694677353,-0.0648557618,-0.4165300429
3.3184161186,0.0055251466,0.016495578,0.0038986451,-0.3545784056,-0.0625060573,-0.4048679173
3.32833004,0.0073356973,0.0201976225,0.0094065312,-0.3503016531,-0.0645833239,-0.4016702771
3.3383378983,0.009302889,0.0180488452,0.0081731323,-0.3363709152,-0.0708942115,-0.4027030468
3.3483250141,0.0083979713,0.0239203796,-0.0019111388,-0.2937763333,-0.0640248582,-0.3879038692
3.3584370613,0.0045658099,0.0303693935,-0.0131216999,-0.2330100536,-0.0612652861,-0.3699023426
3.3683218956,0.0045956718,0.0354247913,-0.0106394049,-0.1871275008,-0.0619156323,-0.3624934256
3.3783478737,0.005598818,0.0397248492,-0.0052573434,-0.1690570414,-0.0553051345,-0.3561763167
3.3883240223,0.0067185508,0.033275567,0.0012002236,-0.1935890168,-0.0618168302,-0.3454930186
3.3983840942,0.0060122358,0.0147513067,0.0037935025,-0.2170401365,-0.0662619174,-0.3433197439
3.4083108902,0.0012516126,0.0117123937,0.0081805233,-0.2288254201,-0.0610090904,-0.3433455825
3.4183740616,0.0013140782,0.016487889,0.0125646237,-0.2330590487,-0.0653207526,-0.3443796635
3.4283161163,0.0034915551,0.0142310476,0.0083023552,-0.2565366626,-0.0644698739,-0.3486183584
3.4386610985,-0.0031143681,0.0126132285,0.0177009348,-0.3077422082,-0.0659868047,-0.3538814187
3.4487969875,-0.0017566339,-0.0029270435,0.0233648065,-0.3407941759,-0.0736604333,-0.3463718593
3.4583480358,0.004491006,-0.0145801688,0.024137402,-0.3386544585,-0.0788882226,-0.3357198834
3.468380928,0.0057511078,-0.0006917798,0.012021089,-0.2991834581,-0.0774778128,-0.3315070271
3.4782991409,0.0020977601,0.0165283009,-0.0002262347,-0.2575805187,-0.07395152,-0.3315580487
3.488298893,-0.0023766414,0.01253762,-0.0094685312,-0.2234377116,-0.0736511201,-0.327334255
3.4983558655,-0.0031079904,0.0166321024,-0.0060800067,-0.1914677918,-0.0669926852,-0.3273989856
3.5082941055,0.0010729178,0.0199084803,-0.0065786592,-0.1882917136,-0.0658539087,-0.322096616
3.5183758736,0.0043524848,0.010476253,-0.0070613376,-0.2075303793,-0.0638426915,-0.3189066648
3.5283150673,0.0027226552,0.0040207421,-0.0076576821,-0.2129004002,-0.0627518669,-0.3114732504
3.5383710861,-0.0018944398,0.0055103814,-0.0093118902,-0.2001228034,-0.0615286753,-0.3061831594
3.5483031273,-0.0085597886,0.0186684951,-0.0041690818,-0.2033196688,-0.0626131147,-0.3051114976
3.5583670139,-0.0063250912,0.0258313343,0.0080223326,-0.2267300487,-0.0713485479,-0.3050365448
3.5682909489,-0.0019075528,0.0152504062,0.0155356172,-0.2587116957,-0.0748386234,-0.3092411458
3.5783309937,0.0045306431,0.0016286887,0.0230850819,-0.2693870962,-0.0790994167,-0.2975183129
3.5882921219,0.0021639809,0.007476232,0.0119085554,-0.2416415066,-0.0809588358,-0.290088892
3.5983490944,-0.0003100887,0.0186613128,0.0104761366,-0.1797273904,-0.0846758112,-0.2805453241
3.6082930565,0.0021355494,0.0264860317,0.0169707779,-0.1359759122,-0.0874438956,-0.2688716054
3.6183180809,0.0007428273,0.0334154293,0.017603958,-0.1466305554,-0.091761142,-0.2645885944
3.6282830238,-0.0033548728,0.0186238512,0.0154265407,-0.167943567,-0.0941089839,-0.2698704302
3.6383650303,-0.0094629182,0.002635858,0.0160695557,-0.1872070134,-0.0868052691,-0.2730907202
3.6482729912,-0.0118163479,0.002225182,0.0136376861,-0.2074928433,-0.0859024599,-0.2741447985
3.6584689617,-0.0132374419,-0.0001014256,0.0111395363,-0.2139386237,-0.0827071965,-0.2699126303
3.6682870388,-0.0176529549,0.0053405082,0.0124658588,-0.2161682248,-0.0720183328,-0.2678556144
3.678331852,-0.0240673088,0.0183824822,0.0048823007,-0.2311611474,-0.0657303482,-0.2689484358
3.6882610321,-0.0236049555,0.0157457218,0.0051509389,-0.2514696121,-0.0637225881,-0.2657601237
3.6983029842,-0.0252010487,0.0159623846,0.0141364578,-0.2472989857,-0.0498373993,-0.2711670101
3.7083311081,-0.0287444256,0.0172082409,0.0161959175,-0.2590996921,-0.0455899239,-0.2637495697
3.718266964,-0.0323437117,0.0205110237,0.0221138839,-0.2720301747,-0.0338658914,-0.2553147674
3.728260994,-0.0378639363,0.0140635585,0.0220892075,-0.2636345327,-0.020875521,-0.2437185943
3.7382910252,-0.0415448807,0.0137299513,0.0219680909,-0.2232168019,-0.0065911245,-0.2342758179
3.7483160496,-0.0424288772,0.028368853,0.0168746356,-0.1720585376,-0.0018112831,-0.2215938419
3.7582440376,-0.0404309295,0.0423420295,0.0225841049,-0.1635667831,-0.0026696199,-0.2056625485
3.7682459354,-0.0403066538,0.0445931777,0.0312792324,-0.196634993,-0.0050720572,-0.2066862732
3.7782721519,-0.0410049222,0.0310418829,0.0351213478,-0.2158540934,-0.0083408216,-0.1960255057
3.7882409096,-0.0368210934,0.0214762315,0.0360622667,-0.2051849365,-0.0113829505,-0.1864517033
3.7983088493,-0.0356421135,0.030583553,0.0251853112,-0.1646646857,-0.0120090591,-0.1716035157
3.8082318306,-0.0305002593,0.0362019762,0.0076001533,-0.1230706275,-0.0136887152,-0.1556857973
3.8182959557,-0.0244356655,0.0441030189,-0.0011842006,-0.1028190255,-0.0134548899,-0.1461376995
3.8282361031,-0.0193334483,0.044260554,0.0037988669,-0.1209871024,-0.0145824719,-0.1365561783
3.8382921219,-0.0093434704,0.0374819264,0.009755278,-0.1487921029,-0.0104764104,-0.1312516928
3.8482241631,-0.0051587475,0.0237189755,0.0077945837,-0.1627571881,-0.005122391,-0.1174655706
3.8582911491,-0.0059132827,0.0148628568,0.0017858989,-0.1585860103,0.0045784395,-0.1122214124
3.8682441711,-0.0068416847,0.0198123679,-0.0033620351,-0.1500641704,0.0046897596,-0.1069161296
3.8782999516,-0.0068114055,0.0219745263,0.0003174788,-0.1330775917,0.012382566,-0.0974154323
3.888215065,-0.0057665957,0.0202857181,-0.000873422,-0.1362954825,0.0134446351,-0.0952952877
3.8982701302,-0.0027612105,0.0156609043,0.0018832333,-0.1587920189,0.0155743659,-0.0761716664
3.908272028,0.0021900281,0.0081192469,0.0036404377,-0.1620219052,0.0156220365,-0.0676705912
3.9182281494,0.0001967892,0.0152392304,-0.0016242021,-0.1524367779,0.0188905336,-0.0687594265
3.9281899929,0.0011600598,0.017594032,-0.0146986004,-0.1503387392,0.0221403893,-0.0655947924
3.9382190704,-0.0027736083,0.0160876736,-0.0121270772,-0.1684483588,0.0187680274,-0.0687481016
3.948184967,-0.0017952577,0.0085348105,-0.0026370639,-0.210055992,0.0183917228,-0.0750909522
3.9582529068,0.0040841447,0.0046048081,0.0009644873,-0.2420239151,0.0148656983,-0.0835450292
3.968173027,0.0100487815,-0.006275841,0.0055946955,-0.2547847331,0.0052295821,-0.0739121065
3.9782271385,0.01106063,-0.0015682959,0.003294254,-0.2505086362,0.0042005368,-0.072844848
3.9883019924,0.0082787024,0.0002296186,-0.0087799784,-0.2418589294,-0.0075256275,-0.0770244077
3.9982628822,0.0074133622,-0.0017004692,-0.0021561736,-0.222680971,-0.0072854105,-0.066415973
4.0081539154,0.0094748484,0.0033744192,0.0104343537,-0.2172276229,-0.024280373,-0.0588728376
4.0182180405,0.0155837284,0.0124359643,0.0026420003,-0.1926491708,-0.0273006652,-0.0588684417
4.0281381607,0.0089941369,0.0136901354,0.0055008181,-0.2011220157,-0.0317231081,-0.0683953688
4.0381770134,0.0025650605,0.0002657092,0.0016029127,-0.1957697421,-0.0359064043,-0.0630625188
4.0481319427,0.003901039,-0.0129480148,-0.0012675279,-0.1754996181,-0.0357223786,-0.0598906986
4.0581960678,0.0040629255,-0.0006571793,-0.0042359582,-0.1552522629,-0.0323414952,-0.0578018464
4.0681381226,0.0082053887,0.0126956319,-0.0129730459,-0.141330868,-0.0344440602,-0.0662970617
4.0781531334,0.0143537866,0.0114456331,-0.0147965904,-0.1306521147,-0.0312368162,-0.0758868381
4.0881147385,0.0126256095,0.012984178,-0.0138375517,-0.1306366771,-0.0302314721,-0.0833301097
4.0981459618,0.0070884572,0.0056915795,-0.0157913323,-0.1135762036,-0.0279613938,-0.0833570063
4.1081237793,-0.0005156652,0.0053855693,-0.0060708872,-0.0848020762,-0.0234364178,-0.0802192688
4.1181621552,-0.0003621236,0.0122139072,-0.0011362785,-0.0602510571,-0.0232483987,-0.0802367181
4.128100872,0.0047490345,0.0123749292,0.0009601361,-0.0580691323,-0.0264923945,-0.0865915492
4.1380968094,0.0041098939,0.0035802936,0.0031005389,-0.0665860549,-0.0276625883,-0.0908279717
4.1481108665,0.003513132,-0.0053907121,0.0071892985,-0.0740229338,-0.0299031045,-0.0961202011
4.1580858231,0.0008964881,-0.0076566124,0.0111927632,-0.0932605416,-0.023712853,-0.1046455204
4.1680779457,-0.0007335797,-0.0072373236,0.0082804207,-0.1273998767,-0.0240223128,-0.1099316254
4.1780977249,-0.0052787913,-0.0060191238,0.0072644004,-0.1466242969,-0.0230950005,-0.1088609025
4.1880779266,-0.0069778813,0.0010853029,0.0042426833,-0.1274761707,-0.0154562555,-0.107861422
4.1980719566,-0.0048929108,0.0161550269,0.0051141032,-0.1039731055,-0.0195114501,-0.1036028937
4.2080578804,0.0011352047,0.0275124535,0.0011760241,-0.0943732038,-0.0215112176,-0.0961598903
4.2180538177,0.0013891801,0.0233116969,0.0050914534,-0.0986787379,-0.0193593837,-0.0908599347
4.2281308174,-0.003278102,0.0221084878,0.0040234574,-0.0848833025,-0.010675082,-0.0877387077
4.238047123,-0.006029333,0.0220125541,-0.0048942915,-0.0518969856,0.0024005058,-0.0878440291
4.2480421066,-0.0098369969,0.0221501216,-0.0099447127,-0.0231857151,0.0112728272,-0.0762353167
4.258067131,-0.0138200177,0.0303450748,-0.0062537543,-0.0083226133,0.0189179629,-0.0709848925
4.2680468559,-0.0137994541,0.027781032,-0.0015048736,-0.0306958295,0.0144515764,-0.0730650872
4.278031826,-0.0108658327,0.0182404742,0.0179424528,-0.0573627278,0.0100152828,-0.0677056089
4.2880239487,-0.0078420294,0.0103906309,0.0217044596,-0.0754682273,0.0066325348,-0.0719205961
4.2980189323,-0.0067302836,0.0063316738,0.0156617407,-0.0776401609,0.0108970553,-0.0708828941
4.3080830574,-0.0125783337,0.0072221076,0.0251625422,-0.0744499713,0.0099074244,-0.0645043552
4.3180060387,-0.0114556802,0.0081094718,0.0142642502,-0.0669679493,0.0099383174,-0.0676970854
4.3280000687,-0.0123492135,0.0110625541,0.0141169671,-0.0488411449,0.0090823779,-0.0592050664
4.3379969597,-0.0122762574,0.0093022203,0.0208721403,-0.038208209,0.0113641741,-0.0517897606
4.3480710983,-0.011216904,0.0173439011,0.0090153459,-0.0275044311,0.0082314974,-0.0528393127
4.3579998016,-0.0072279824,0.0156910345,0.0001144058,-0.0285822116,0.0092951637,-0.0528470352
4.3679900169,-0.0072064055,0.0150720393,-0.0010134929,-0.0200081617,0.007178484,-0.0581512526
4.3779811859,-0.0062001599,0.0086626029,0.01063242,-0.0296205766,0.0060732714,-0.0538885966
4.3880429268,0.0016402348,0.0119017279,0.0085938815,-0.0487777628,0.0015954324,-0.0602205284
4.3979492188,-0.0011506334,0.0090156114,0.0035432822,-0.07120464,0.0056370459,-0.0666026622
4.4079637527,-0.0059029711,-0.001857736,0.0062566646,-0.098985143,0.0096791917,-0.068734251
4.4179697037,-0.0019424215,-0.003023603,0.0089475755,-0.1171070114,0.0042460766,-0.0633771718
4.4280357361,0.0058564292,0.0065618968,0.0116662625,-0.1181688234,0.0010859699,-0.0569815934
4.437953949,0.0079014646,0.0132057285,0.0105039719,-0.1106871963,-0.0009739853,-0.0548494682
4.4479489326,0.0061189281,0.0140026128,0.0005608446,-0.1000009999,-0.0019692085,-0.0559128672
4.4579439163,0.0043400871,0.0070975935,-0.0015526168,-0.0978462324,-0.0040949439,-0.0558982193
4.4680171013,0.0025124296,0.0079902327,-0.0046684495,-0.0861104801,-0.0008522788,-0.0623017885
4.4779081345,0.0045714127,0.0109430468,-0.0067555658,-0.069000341,-0.0039415457,-0.0644199327
4.4879179001,0.0026643618,0.0169934854,-3.12679e-05,-0.0604590476,-0.0070182956,-0.0569692068
4.4979152679,0.0066865431,0.0182560906,-0.0010231488,-0.0497688577,-0.0101152854,-0.0537691563
4.5079917908,0.0048670517,0.0175614581,0.0038200861,-0.0465192646,-0.0154432058,-0.0547992662
4.5179028511,0.0030336722,0.0187832043,0.0106108431,-0.0593201518,-0.0176538955,-0.0515881591
4.5277638435,0.0061962949,0.0121051585,0.0136181954,-0.0806523338,-0.0189058483,-0.0536899231
4.5378770828,0.0035033568,0.007258377,0.0175249819,-0.0923779681,-0.0232220329,-0.0483438969
4.5478758812,0.0008528575,0.0082973158,0.0077518472,-0.067861177,-0.0198078603,-0.046258375
4.5578780174,-0.0018612996,0.0114942705,0.0028977043,-0.0379817039,-0.0216467734,-0.0377656855
4.5679831505,-0.0076051606,0.0226757452,0.0078068622,-0.0176679101,-0.0247142017,-0.0398847647
4.5778932571,-0.0045451773,0.0300583765,0.0157767776,-0.0240329988,-0.0290511586,-0.0419797413
4.5878667831,0.001626943,0.0197596177,0.0179896001,-0.0431987047,-0.0345524512,-0.0429930761
4.597910881,0.0058879005,0.0112810349,0.0192021374,-0.0559604391,-0.0389565192,-0.0461413264
4.6080932617,0.0071438299,0.0085790968,0.0203165058,-0.0815899,-0.0401690565,-0.0397412181
4.6178641319,0.0084913122,0.0066423928,0.0077183493,-0.1039934754,-0.0393253677,-0.0450398475
4.6278390884,0.0049717771,0.0007692493,0.005882109,-0.0911533162,-0.0413999707,-0.0492849275
4.6378951073,0.0032837137,0.006672821,0.0079193953,-0.0794364661,-0.0381088369,-0.0503784195
4.6480312347,0.0054030167,0.029133074,0.006974841,-0.0836535841,-0.0424620397,-0.0556591973
4.6578650475,0.0077560293,0.0222423598,0.0071407803,-0.0793595016,-0.0445845798,-0.0577732176
4.6678361893,0.0062858211,0.0027375733,0.0073563703,-0.0591072328,-0.0401709229,-0.0599407628
4.6778678894,-0.0012744323,0.0116882538,0.0034590012,-0.0186173283,-0.0323505513,-0.0568317883
4.6880578995,-0.0030532733,0.0200644061,0.002598787,0.02827641,-0.0265712254,-0.0484028868
4.6978988647,-0.003860797,0.019983016,0.0086896662,0.0538454205,-0.0231099147,-0.0420701578
4.7078008652,-0.0065824641,0.0219412073,0.0011037833,0.0655271113,-0.016588632,-0.0399958193
4.7178649902,-0.0083503379,0.0190088972,-0.0006759518,0.0537215844,-0.0081461444,-0.0421678945
4.7280278206,-0.008134569,0.0080692386,-0.0044185868,0.0355686769,-0.0061762044,-0.0453551635
4.7378048897,-0.0050770892,0.0029428517,0.0025288707,0.006791892,-0.0106937233,-0.0474297628
4.7477841377,-0.00301608,0.0044641411,0.0025553948,-0.0242014453,-0.0045570023,-0.0516974851
4.757830143,-0.0038267032,-0.002087065,0.0054443129,-0.0487641804,-0.0015766587,-0.055949349
4.7679681778,-0.0075614108,-0.0078222537,0.0043536671,-0.0594573021,-0.0005633258,-0.052761279
4.7778530121,-0.0065679206,0.0030411696,0.0041430243,-0.0712230131,0.0004542681,-0.0485118106
4.7877931595,-0.005560006,0.0119417524,0.0049283751,-0.0776833072,0.0047339681,-0.042160701
4.7978210449,-0.0015109435,0.0130461371,-0.0069295517,-0.0605843477,0.0037672403,-0.0453521013
4.8080158234,-0.0013992444,0.0114158606,-0.0138742682,-0.034996435,0.0050884346,-0.0390041918
4.8178548813,-0.0024034635,0.0217109248,-0.014021134,-0.0126201557,0.0105934553,-0.0401164591
4.8277597427,0.0015039786,0.022370778,-0.0101687666,-0.0051483912,0.0106512457,-0.0401220545
4.8378362656,0.0025067672,0.0191829726,-0.0033688301,-0.0115129454,0.0031768177,-0.0336957127
4.8477678299,0.004461919,0.0189353451,0.0024817234,-0.0157929137,0.0031709587,-0.0305055119
4.8578310013,0.0025063499,0.0234925374,0.0072822818,-0.0189675353,-0.0021540318,-0.0251558851
4.8677492142,0.0016278371,0.0231605694,0.0043308386,-0.0093838824,0.0011173951,-0.0262461845
4.8777909279,-0.0002033368,0.0180146918,0.002396608,-0.0061942153,-0.0040565943,-0.0102834627
4.8877530098,-0.0001133934,0.0160088167,0.0034630543,0.0193566848,0.0025901233,-0.0060948431
4.8978090286,-0.0020858899,0.0238821134,-0.0004318111,0.0513573624,0.004986702,-0.004004661
4.9077720642,-0.0021509186,0.0328990147,-0.0033473724,0.0598334037,0.011492271,-0.0008655931
4.9177627563,-0.0030949966,0.0243174955,-0.0042732111,0.0341773108,0.0145312045,0.0023179497
4.9277248383,-0.0051114215,0.0136766052,0.0054338225,-0.0021332931,0.0153463986,0.0055251946
4.937707901,-0.0071502579,0.0057087457,0.0101338867,-0.0288645066,0.0215353183,0.0033784201
4.947716713,-0.0034512535,0.009403578,0.0186694507,-0.0395610929,0.0225577056,0.007628825
4.9575462341,-0.0007196323,0.0160147473,0.0164152626,-0.0471044965,0.0279159863,0.0160984769
4.9675879478,-0.0038393394,0.0196625516,0.0072392472,-0.0460967571,0.0343547091,0.0181808025
4.9775471687,-0.0098973764,0.0145560121,0.0088107828,-0.040805053,0.0366058797,0.0266616382
4.9878320694,-0.0131069077,0.0203291699,0.0113386754,-0.0322551094,0.0324628018,0.0351849534
4.9977369308,-0.0094922436,0.0252875909,0.0130171422,-0.0173304901,0.0336737409,0.0383541137
5.0077047348,-0.0107607497,0.0254469737,0.0126705412,-0.0163507126,0.0422770828,0.0436095968
5.0176820755,-0.0110536469,0.0227928087,0.0094086174,0.0081486395,0.0467815511,0.0478111319
5.0277471542,-0.0085615767,0.0272262618,0.0090476517,0.0411627814,0.0524626076,0.0573127605
5.0377030373,-0.0091079129,0.0396671519,0.0066869506,0.0624498278,0.0559241846,0.0678994879
5.0477018356,-0.0114919795,0.0395013019,0.0034364706,0.0709714144,0.0581276864,0.0678792521
5.0576667786,-0.0118847741,0.0238467678,0.0090401415,0.0623426363,0.0645712018,0.0795309842
5.0676670074,-0.0153237237,0.0179074332,0.0174497608,0.0537773743,0.0656191558,0.0848421231
5.0776910782,-0.012030269,0.0246786103,0.0169961695,0.0451676436,0.0699201599,0.0954433605
5.0876541138,-0.0097654713,0.0315001234,0.0135686044,0.0503597409,0.0797520205,0.1155614108
5.0976791382,-0.0124808205,0.0414743647,0.0129786972,0.0812039375,0.0896914676,0.1250369549
5.1076550484,-0.0161397122,0.0477586314,-0.0022630447,0.121675998,0.0954665318,0.1387823224
5.1177101135,-0.0120930327,0.0622492656,-0.0154551025,0.1803162694,0.1002772674,0.1482715607
5.1276478767,-0.0158450268,0.0596168265,-0.0148892161,0.2357020378,0.1093831509,0.1630473137
5.1376962662,-0.0246203803,0.0545385405,-0.0035805458,0.2697132528,0.1194389835,0.1831432581
5.1476259232,-0.0257270001,0.0605202541,0.0018352516,0.290972203,0.125065431,0.1969030052
5.1576538086,-0.0219254158,0.0588530824,0.0024043566,0.2961760163,0.1338227093,0.2170309275
5.1676540375,-0.0162202977,0.0535183772,0.0078397635,0.2993249297,0.1308495551,0.2414830029
5.1776108742,-0.0174886845,0.0561419353,0.0200251583,0.3077510595,0.1343462914,0.2669482827
5.1876039505,-0.0186941288,0.0638203546,0.0185564999,0.3119463325,0.1335279047,0.2924480438
5.1976308823,-0.0218535326,0.0667653605,0.0239711646,0.3044610023,0.1282777488,0.310549289
5.2075967789,-0.022006359,0.0561813042,0.0372701548,0.2958701849,0.1262553334,0.3318162262
5.2176599503,-0.0153112067,0.0448078737,0.0418494008,0.2915586531,0.1190120727,0.3637383282
5.2275981903,-0.0125938309,0.0501566753,0.0316368602,0.2924973965,0.1235397086,0.3923928738
5.2376489639,-0.0178032182,0.069391124,0.0193166975,0.3201379776,0.1282292753,0.4157153964
5.2475800514,-0.0249250792,0.071349673,0.012879217,0.3232954144,0.1262795776,0.4348488748
5.2576460838,-0.0271191262,0.0627914593,0.0094509367,0.3231936693,0.1296833605,0.4582002759
5.2675819397,-0.0323199891,0.0602187738,0.0059214481,0.3316633105,0.1320226789,0.4741150439
5.2776269913,-0.0317768715,0.0676943287,0.0111671928,0.3444274664,0.1322386563,0.4879162014
5.2875628471,-0.0243560933,0.0666348264,0.018469179,0.3369162679,0.1291467249,0.5081269145
5.2976508141,-0.0208637975,0.0647719428,0.024679387,0.3432062566,0.1357702911,0.5272032619
5.3075618744,-0.0193063281,0.0620404407,0.024979854,0.3388392031,0.1401751488,0.5463008285
5.3176169395,-0.0177260898,0.0584191009,0.0242257956,0.3280091882,0.1499119252,0.5696170926
5.3275418282,-0.0201054476,0.0559424981,0.0302421097,0.3268288672,0.1533362269,0.5961554646
5.3375682831,-0.0214610957,0.0537479743,0.0245017651,0.3693808615,0.1644996703,0.6130511165
5.3475408554,-0.0237185024,0.0479879305,0.0059890398,0.426869452,0.1799800992,0.6214097142
5.3575687408,-0.0281989239,0.0611150488,-0.0010103934,0.4598689377,0.1898822486,0.6245093346
5.3675479889,-0.0277669095,0.0608227178,0.0007440097,0.4789696634,0.202873677,0.6265364885
5.3775882721,-0.0243680142,0.0460231826,0.0093275551,0.473530978,0.2104194909,0.639241457
5.3875150681,-0.0151759638,0.0401517376,0.0178265218,0.4820160568,0.2137641609,0.6477129459
5.3975782394,-0.0117669953,0.0363810286,0.0174144153,0.5160928965,0.2173732668,0.6636001468
5.4075078964,-0.0132672442,0.0456024036,0.008022273,0.5640820265,0.2209962308,0.6688550711
5.4175701141,-0.0156644247,0.0491997823,-0.00235722,0.5939126611,0.22660245,0.671982944
5.4274048805,-0.0149956597,0.0373690948,-0.00488547,0.5981904864,0.2297511101,0.6613356471
5.4374299049,-0.0132872714,0.0205535218,-0.0025532001,0.6078151464,0.2350087166,0.6432373524
5.4475159645,-0.0086497916,0.0037039733,0.0006516225,0.6099264622,0.242406711,0.631501615
5.4574809074,-0.0002160922,-0.0014811241,0.0066426047,0.5821303129,0.2496273369,0.626162529
5.4675502777,0.0081829177,-0.0020096982,0.0124698523,0.5372541547,0.2535826862,0.6293553114
5.4774370193,0.0108042108,-0.0095582986,0.0270369295,0.4881076515,0.254368037,0.6400055885
5.4874992371,0.0134716975,-0.0066202665,0.0288458113,0.4475594163,0.2487921864,0.6496315598
5.4974622726,0.0143024074,0.0088464832,0.0100673083,0.4550270736,0.2488624901,0.6517534852
5.5075259209,0.0054623233,0.0214599892,-0.0196599122,0.5114477277,0.2685190141,0.6494618058
5.517537117,-0.0044530286,0.0364310369,-0.0408565141,0.587109983,0.2851115763,0.6461129189
5.5275139809,-0.0018167153,0.0432380661,-0.0357336737,0.6478005052,0.3027089238,0.6491435766
5.5374550819,0.0047918307,0.0415345356,-0.0327177979,0.6829366088,0.3147133887,0.6458524466
5.5475111008,0.0045235502,0.0389475748,-0.0300022718,0.708362639,0.3373728991,0.6478125453
5.5576868057,0.0062099444,0.0258165523,-0.0137738939,0.7135956287,0.3450078964,0.6615729928
5.567440033,0.0079174386,0.01870092,-0.0065361015,0.7230045795,0.3612851501,0.6816462874
5.5774297714,0.0027563318,0.0302231237,-0.0044854037,0.7314673066,0.3636425734,0.6996857524
5.5874681473,-0.0052933944,0.0476671681,-0.0025401467,0.7303423882,0.3669219911,0.7092267871
5.5974340439,-0.0082606925,0.054369472,-0.0025086158,0.7154189944,0.363614887,0.7103182673
5.6074771881,-0.0130203618,0.0482449755,-0.0034724229,0.6940042377,0.3719905317,0.7092165351
5.6174058914,-0.0206999443,0.0380179808,0.0042422661,0.6309091449,0.3843632936,0.7134304643
5.627371788,-0.0177037381,0.0316414163,0.0236867908,0.6094968319,0.3875039816,0.7251113653
5.6372938156,-0.0065722717,0.0038850224,0.0354852341,0.5667611957,0.3789123595,0.7591940761
5.6473231316,-0.0022626177,0.0247464105,0.0079354886,0.5485392809,0.3789712191,0.7825790048
5.6573719978,-0.0194513462,0.0514816269,0.0006208665,0.5559738874,0.3812162578,0.7878689766
5.670083046,-0.0344332717,0.0510048196,-0.0076471916,0.5964382291,0.3932859898,0.7877624631
5.6776170731,-0.0425660275,0.047927849,-0.0112592932,0.6731696725,0.4088385701,0.7876099348
5.6879458427,-0.0489114784,0.0590122864,-0.0006586068,0.7230451107,0.434042722,0.8150338531
5.6979227066,-0.0533246659,0.0755070075,0.0243258122,0.7015224695,0.4374720752,0.8607100248
5.707930088,-0.0533962511,0.068808727,0.0406445526,0.6725555658,0.4386800826,0.9032180309
5.7177109718,-0.0550328158,0.0553488061,0.0305200461,0.6637960076,0.4496472478,0.9435230494
5.7270679474,-0.056699004,0.0723154172,0.0112813357,0.6518540978,0.4615840614,0.9753257036
5.7371358871,-0.0573051833,0.0856720135,0.0144430641,0.6624823809,0.4617856741,0.9891273379
5.7470521927,-0.0606064461,0.0922585651,0.0105804447,0.7136382461,0.4718004763,0.9890266657
5.7570819855,-0.071675621,0.1048550829,0.0013555533,0.7711247206,0.4893789589,0.9931237102
5.7670431137,-0.0845870003,0.1089707837,0.0133718494,0.7945398092,0.4907832444,1.0111589432
5.7770519257,-0.0954410657,0.1094452664,0.0507503413,0.7645599246,0.4907952249,1.0398650169
5.7870960236,-0.0882479772,0.1001427695,0.0620752238,0.7005175352,0.4798389673,1.0665405989
5.7970228195,-0.0678155646,0.0731324777,0.0434515141,0.6695839763,0.4722252786,1.0793612003
5.8070778847,-0.0491236113,0.0488438234,0.0091454033,0.6556302905,0.4827780426,1.0761153698
5.8170137405,-0.0412628315,0.0496952757,-0.017632341,0.6118127108,0.4899022579,1.0739750862
5.8270807266,-0.0285422467,0.0386970565,-0.0080152508,0.5242208242,0.5008997917,1.0644034147
5.8369970322,-0.0263213776,0.0075873053,0.0027807003,0.4259955585,0.504386127,1.0601961613
5.8470468521,-0.0201860331,-0.0092051411,0.0177636985,0.3416348696,0.5048750639,1.0687510967
5.8569908142,-0.0140230311,0.0010741866,0.028051639,0.2669386566,0.4948301911,1.086930275
5.867058754,-0.0124755157,0.0199362561,0.0268562082,0.211484462,0.479628861,1.109377861
5.8770160675,-0.0203916691,0.0347725973,0.0229191426,0.205128938,0.4710873067,1.116877079
5.88722229,-0.0212456249,0.045795016,0.0171197299,0.2383060753,0.4606559575,1.1169215441
5.8971338272,-0.0131079806,0.0511292145,0.0093224291,0.3109661639,0.4516025484,1.1169276237
5.9072079659,-0.006769265,0.0557732806,0.0090352539,0.3868691921,0.4361940324,1.121224165
5.9171247482,-0.0022112981,0.0626171753,0.014367843,0.4530756176,0.4303579926,1.1286519766
5.9271640778,-0.0012502328,0.0569057092,0.0165145639,0.5011209249,0.4275595248,1.1328861713
5.9371671677,-0.0009947673,0.0424829051,0.0166033749,0.5129293799,0.4170174003,1.139320612
5.9471859932,0.0023247346,0.0328773484,0.0197437052,0.4831038415,0.4093051553,1.1393914223
5.9571499825,-0.00385734,0.0072986996,0.0200950149,0.4275795817,0.4162477553,1.1266367435
5.9671468735,-0.0119009865,-0.0265331343,0.0227739457,0.32410115,0.4152930081,1.1086546183
5.977080822,-0.0063851727,-0.0433070734,0.0211084727,0.2185008228,0.4174259305,1.0789686441
5.9871711731,0.0010170087,-0.0558179095,0.0160314087,0.1353494674,0.4175518751,1.0439670086
5.9973130226,0.0062598335,-0.0512254909,0.0181054119,0.0939174742,0.4031210244,1.0185911655
6.0070142746,0.003666912,-0.0362191275,0.019289637,0.1004936174,0.3859894574,1.0091362
6.0172410011,-0.0009238974,-0.0006305063,0.0320996903,0.142256245,0.3660924435,1.0198618174
6.0274071693,-0.0091749681,0.0390196964,0.0399227999,0.172276184,0.3419239819,1.0412454605
6.0372929573,-0.0089881076,0.0416926667,0.0323910974,0.1958363801,0.328306973,1.0519391298
6.0472388268,-0.0026157752,0.0239345357,0.0220495705,0.2151461542,0.3166995943,1.0520008802
6.0571908951,0.0097506987,0.0033559715,0.0126005057,0.2739154696,0.3086235225,1.054136157
6.0669708252,0.0172853805,-0.0103323543,0.0077104219,0.311316371,0.3046194613,1.0520112514
6.0770969391,0.0140594589,-0.010432669,0.0103842858,0.3049613833,0.2992132604,1.0509903431
6.0871171951,0.0030473813,-0.009704777,0.0278445724,0.2601641119,0.2956422269,1.0489200354
6.0970869064,-0.0047378791,-0.0228684619,0.0320402645,0.2175183743,0.2868133187,1.0543161631
6.1075029373,-0.017271366,-0.0236008242,0.0147965793,0.2185309082,0.296376735,1.0468167067
6.1174468994,-0.0336626433,-0.0264197066,-0.003645038,0.2377486676,0.2986055315,1.0404158831
6.1271162033,-0.0363959931,-0.0310782269,-0.0043699495,0.2303576022,0.2899707854,1.0372898579
6.1371040344,-0.0265236162,-0.0260091498,0.005935038,0.1856038421,0.2831485569,1.0299284458
6.1470851898,-0.019463744,-0.0280599073,0.0117085818,0.1505372077,0.2699155807,1.0141029358
6.1570482254,-0.0133256568,-0.0313242748,0.0177762154,0.1357269734,0.2569025755,1.0056986809
6.1670570374,-0.0062050475,-0.017174013,0.0111221913,0.1539762765,0.2452688068,1.0036365986
6.1770319939,-0.0058318032,-0.0011032902,0.0082020406,0.1924947798,0.233820945,1.0047453642
6.1871061325,-0.016032245,0.0051485216,0.0100208763,0.2086654902,0.2157492638,1.0016640425
6.197054863,-0.0231927298,-0.0003391587,0.0227689985,0.2099017352,0.1975396425,0.9964714646
6.2070598602,-0.0232783221,-0.0215036944,0.0258724336,0.2292480022,0.1847910881,0.9880414605
6.2170219421,-0.0164123438,-0.0330517367,0.0055359849,0.2453545332,0.1752527058,0.9827793241
6.227118969,-0.0049965037,-0.0123547995,-0.0044851056,0.3083231151,0.1820344478,0.9688802958
6.2371869087,0.0006058558,-0.0024343813,-0.0060702316,0.3254163265,0.1821260601,0.9635534286
6.2471060753,0.0014272078,-0.0053463066,-0.0077151409,0.3253630698,0.1927227676,0.9528608322
6.2571020126,0.0004611358,-0.0279856399,-0.016226029,0.3349100947,0.205502212,0.9389611483
6.2671012878,0.0070063816,-0.0281601027,-0.011239266,0.3423762619,0.2087118626,0.9325608015
6.2771840096,0.01454172,-0.0235113576,-0.0033769363,0.3370033503,0.2108575851,0.9389273524
6.2871017456,0.0153513299,-0.0239078477,0.0056543001,0.2836615741,0.2082801759,0.9357941151
6.2970972061,0.0132069932,-0.0196656063,0.0179780964,0.2463923693,0.2004368901,0.9273722768
6.3070940971,0.0101632224,-0.0195556358,0.0247999076,0.2134714425,0.1830088943,0.9190091491
6.317158699,0.0061053978,-0.0138444984,0.0230536107,0.1965511739,0.1720044613,0.8967795968
6.3271288872,-0.0027007118,-0.02803386,0.0059184083,0.1774440557,0.1684414148,0.8723810315
6.3370952606,-0.0009401694,-0.0461884215,-0.0002222412,0.1754585356,0.1596681625,0.8480036855
6.3470830917,0.008242582,-0.0409582332,0.0132208113,0.1638202518,0.1519875973,0.8353129029
6.3571519852,0.0213829018,-0.0369184092,0.0102813486,0.1351007223,0.1441829354,0.8236978054
6.3670668602,0.0267766453,-0.0360720828,-0.0042139641,0.1288273782,0.1343790442,0.8078299165
6.3770661354,0.0281998254,-0.0412788466,-0.0186938401,0.1353260279,0.1310461015,0.7876636386
6.3870649338,0.031283889,-0.0338267758,-0.0177192446,0.1535236835,0.1310506314,0.771715045
6.3971190453,0.0332621075,-0.0235402659,-0.0119981524,0.1696219593,0.1267632097,0.7557959557
6.4070611,0.0313586928,-0.0319151357,-0.0014112346,0.1717487574,0.1351665407,0.7366169691
6.41705513,0.0265459158,-0.0541449264,0.0083775166,0.1323622018,0.1262143403,0.725014925
6.4270720482,0.0245754458,-0.0648843721,0.0088873748,0.0630917847,0.1159776673,0.7155681252
6.43704319,0.024329219,-0.0602489188,0.0069509991,0.0119119519,0.117526561,0.6922178268
6.4470610619,0.0230552293,-0.0646205619,0.002307201,0.0215579197,0.1206350029,0.6720054746
6.4570889473,0.0353036262,-0.0631669238,-0.01313827,0.0450986698,0.1196216717,0.6581887007
6.4670419693,0.050191436,-0.0353573635,-0.0240257736,0.0717710257,0.122998029,0.6538986564
6.4770460129,0.0602187254,-0.0182924941,-0.0243779775,0.0942269266,0.1199281961,0.6496537328
6.4870100021,0.0626399294,-0.0246985033,-0.0238086339,0.1027820706,0.1168152317,0.6528550982
6.497013092,0.0620488264,-0.0116048539,-0.0255384799,0.1390651017,0.1202533767,0.6464303136
6.5070018768,0.0537098385,-0.0092601264,-0.0187152978,0.1604430974,0.1151110753,0.6506983042
6.5170750618,0.0424382426,-0.0118218148,-0.0021677965,0.1444600075,0.1138697714,0.6454072595
6.5269927979,0.0390199758,-0.017444618,0.0001182205,0.103945598,0.1144799069,0.6284333467
6.536989212,0.0327244736,-0.0389875844,-0.0168408509,0.0857966989,0.1237594262,0.6050130129
6.5469851494,0.0212077238,-0.0509046987,-0.021163499,0.084670715,0.1354075521,0.5932519436
6.5570478439,0.0201456882,-0.042282708,-0.0186616536,0.0803177729,0.1470953822,0.5889291167
6.5669770241,0.0209880807,-0.0307458714,-0.0101634022,0.0450604483,0.1500472277,0.5910593867
6.5769701004,0.0199076571,-0.024216719,-0.0022187585,-0.0147679951,0.1570473313,0.5889312029
6.5869817734,0.0178992189,-0.0275539234,0.0110884551,-0.0531697124,0.1545945704,0.586849153
6.5970401764,0.0169934966,-0.0349233225,0.0079444293,-0.0446268246,0.155697912,0.5836510062
6.6069588661,0.0140628563,-0.0247827247,-0.0062198988,-0.0168447271,0.1526973248,0.5825886726
6.6169528961,0.0130650448,-0.0097206319,-0.0207971092,0.0525169,0.1574659944,0.5771961808
6.6269569397,0.0169240274,-0.0062337602,-0.0280886646,0.1155033261,0.1600181013,0.568636477
6.6371150017,0.016767893,-0.0036562169,-0.0152325984,0.1337303966,0.15158014,0.5654919744
6.6469931602,0.0146428989,-0.0059700096,0.006487573,0.1070844084,0.1449976116,0.5698028207
6.656979084,0.0127538489,-0.0104630077,-0.0016420834,0.0462510139,0.1445065141,0.5677248836
6.6670017242,0.0089248167,-0.023880668,-0.0073365918,0.0024276357,0.1547828615,0.5591897368
6.6770610809,0.0069594728,-0.0432359651,-0.0078395363,-0.0135180401,0.1534411609,0.5411465168
6.686978817,0.0076868581,-0.0548237637,-0.0013701075,-0.0252354182,0.1553791463,0.5283934474
6.6969337463,0.0022508844,-0.0480417088,0.0010031706,0.0003837924,0.1670768112,0.4985541999
6.7122979164,-0.0053702844,-0.0442587212,0.0110054258,0.0089820744,0.1648967415,0.4858136475
6.724612236,-0.0072386516,-0.0365964249,0.0160873774,0.0132576469,0.1680499315,0.4751640558
6.741435051,-0.0071334792,-0.034883745,0.0084326509,0.0100021996,0.1786218733,0.4644738734
6.7414722443,-0.0021927312,-0.036176987,-0.0049249879,-0.0049370686,0.1826789379,0.4527730048
6.7470469475,0.0026293739,-0.0365070179,-0.010405397,-0.0006485805,0.1837082505,0.4442642033
6.7569279671,0.0033983036,-0.0348671153,-0.0003335231,-0.0005927878,0.1804261655,0.4357880354
6.7669219971,-0.0017990426,-0.0284431651,0.0106662754,-0.0047699558,0.1749227494,0.4209531546
6.7766962051,-0.0040740324,-0.03183759,0.0179153923,-0.0164476503,0.1694360971,0.4146214724
6.7867588997,-0.0025590614,-0.0274477676,0.0251883511,-0.0111604761,0.1800650507,0.4028625488
6.798514843,0.0008397743,-0.0221701935,0.0206904057,-0.0099398168,0.1671231389,0.3880715072
6.8070697784,0.0013456687,-0.0267596915,0.0073898085,0.016711235,0.1747381836,0.3795043826
6.8172922134,-0.0002597824,-0.0332887843,0.0025000221,0.0647714362,0.1771294326,0.3656442165
6.8270640373,0.000867103,-0.0367612913,0.0148374084,0.0946582332,0.1794527769,0.3602963388
6.8370790482,0.0048320936,-0.0334147885,0.0241289381,0.0829312727,0.1793246865,0.3560563326
6.8465809822,0.0078203427,-0.0243234113,0.0227801446,0.063661702,0.1876896769,0.3517659605
6.8566851616,0.0177213289,-0.0260421708,0.0060566314,0.0423409641,0.1895448267,0.3379574716
6.866587162,0.0293815769,-0.0316715315,0.0022291786,0.0296017341,0.1871724874,0.3220458925
6.8766350746,0.0320999362,-0.0374162272,0.00929364,0.0040935772,0.1772761792,0.3125654459
6.8865628242,0.0259347595,-0.0383888558,0.0185210947,-0.0181725807,0.1610266268,0.3073744178
6.8967838287,0.0149596976,-0.0356454328,0.008405352,-0.035151165,0.151221931,0.3010753393
6.9066371918,0.0048836218,-0.0270906165,-0.0076774112,-0.0030630026,0.1471132189,0.2915180624
6.9166340828,0.0023671731,-0.0134300077,0.0012698418,0.0502624027,0.1539173275,0.2893133759
6.9266557693,0.0105960714,-0.0055083716,0.0128650311,0.0737541467,0.150938049,0.2946282327
6.9367752075,0.0189524032,-0.0092414701,0.0283659939,0.0791736767,0.1403048486,0.2957539558
6.9466071129,0.0196208395,-0.0189449862,0.03913882,0.0386483595,0.1315318644,0.3064630628
6.9567551613,0.0154125439,-0.0121752704,0.0413699411,0.0077251964,0.1280742735,0.3054461479
6.966782093,0.009416406,-0.0133684361,0.0192693714,0.0205230173,0.1323848665,0.2979725003
6.9769721031,0.0072204219,-0.0115925753,-0.0001748555,0.0652799681,0.1423349679,0.2957504988
6.9867782593,0.0057868408,0.0040441072,0.004359866,0.1089941561,0.1469845921,0.299939394
6.9967460632,0.0064306008,0.0021391427,0.0056503662,0.1453196704,0.1450862736,0.2956793904
7.0068278313,0.0079422044,0.0061032688,0.0096452478,0.1549768299,0.1418910176,0.2882566154
7.0169529915,0.00653625,-0.0026772106,0.0116634611,0.1443781108,0.1374278367,0.2755428255
7.0267839432,-0.0017449514,-0.0213613585,0.0098523144,0.1433450729,0.1394212097,0.2595947683
7.0367240906,-0.0103355898,-0.0156453922,0.0126903895,0.1625860184,0.1394971013,0.2510818243
7.046710968,-0.0131240739,-0.0060300911,0.005560244,0.2009677589,0.1493223011,0.2403673977
7.0568780899,-0.0121339215,0.0036377823,0.0049334415,0.2456749082,0.1667236686,0.2349112481
7.0667362213,-0.0034037486,0.0095407879,0.010782266,0.2883845568,0.1670176834,0.2306299508
7.0767641068,0.0054390477,0.0007292546,0.004564906,0.3332118094,0.1705096215,0.223138079
7.0867109299,0.0083786892,-0.0129714692,-0.0002194994,0.3833261132,0.1814943552,0.2124079317
7.0968389511,0.0023824021,-0.0208388641,0.0073611387,0.3663085103,0.1749317944,0.2114044577
7.1066837311,-0.0005974427,-0.0317182019,0.0077382573,0.2865449786,0.1442705542,0.1978479028
7.1169481277,-0.0046167625,-0.049594529,0.0021016842,0.2215864956,0.1339545399,0.1745849103
7.1267371178,-0.0119135929,-0.0655648187,0.0195074324,0.164146632,0.1162551641,0.1566791534
7.1366567612,0.0038961216,-0.0550135449,0.0442608856,0.1428735554,0.1075290516,0.1556892693
7.1466550827,0.0073108124,-0.0556433871,0.012532318,0.1066899896,0.1027833,0.1334350854
7.1566648483,-0.0080403937,-0.0633440688,-0.0179741737,0.0780899003,0.0883902535,0.1006122977
7.166659832,-0.0141231073,-0.0786138847,0.0085969809,0.0495187156,0.0666026622,0.0784633234
7.1766581535,0.0027415499,-0.0701998547,0.0631547198,-0.0173499305,0.0222202837,0.0734854713
7.1866688728,0.0315390266,-0.0637505129,0.1019368991,-0.0821808577,-0.0177084915,0.0876007527
7.1966257095,0.0462093987,-0.0703264549,0.0992848501,-0.1236112565,-0.0457371958,0.0973736197
7.2066111565,0.045402173,-0.0654566959,0.0672937855,-0.1075670421,-0.0488376468,0.0952577442
7.2166509628,0.03566489,-0.0460413769,0.0238157157,-0.019096164,-0.0279624593,0.0812485814
7.226621151,0.0247356631,-0.0256166533,-0.0168139096,0.1035141721,-0.0005031384,0.0565498956
7.236664772,0.0183115341,-0.0117734158,-0.0263958331,0.2292886078,0.0291721988,0.0382092372
7.2466220856,0.0194548108,-0.0026514018,-0.0224483963,0.3315151036,0.066156581,0.0208997559
7.2566399574,0.0272843279,0.0016682065,-0.0162629839,0.3538876772,0.0727159455,0.0176540297
7.2667131424,0.0411581434,-0.0085227573,-0.0002769583,0.3612784743,0.0698482543,0.0506015942
7.2766447067,0.0561756231,-0.0049969042,0.0156427864,0.3548908532,0.059298411,0.0729862601
7.2866210938,0.0646797195,0.0013345397,0.0082670096,0.3228471875,0.0538791418,0.0932292119
7.2966251373,0.0774321631,-0.0041261399,-0.0169592258,0.2417179793,0.050131809,0.1028693244
7.3065099716,0.0766567364,-0.0244003609,-0.0403585769,0.1531289965,0.0525712669,0.0933538452
7.3166179657,0.0629115775,-0.0359227732,-0.0387308933,0.0846675113,0.0723026246,0.0890290067
7.3266429901,0.048993621,-0.0337666944,-0.0278107878,0.0257765017,0.092199631,0.0942530632
7.336602211,0.0419712998,-0.0276796296,-0.0163464304,-0.031982936,0.1014778167,0.1059166417
7.3466539383,0.0360486545,-0.0255087689,-0.0082297679,-0.092904605,0.1053998545,0.1197448447
7.3565878868,0.0312659778,-0.0213648751,-0.0006268971,-0.1249604076,0.1000133529,0.1442388743
7.3665962219,0.0237323679,-0.0094831074,-0.0106763598,-0.0938088894,0.0746395513,0.14863123
7.3766188622,0.0055132853,0.0052058017,-0.035146568,0.0286135674,0.1161822006,0.1450848281
7.3865861893,-0.0303391181,0.0208256766,-0.056433592,0.1939878762,0.1249701008,0.1480995268
7.3965702057,-0.0407504998,0.020178847,-0.0700593367,0.3454979062,0.1378038824,0.1372885555
7.4065570831,-0.0447373651,0.0324453041,-0.0549294688,0.4659793377,0.1600026637,0.1243117601
7.4165678024,-0.0486282669,0.0221984908,-0.0522365905,0.5279259086,0.1624743193,0.1072540879
7.4266052246,-0.0438236855,0.0052060997,-0.0370610096,0.5161456466,0.168759644,0.1029719859
7.4365458488,-0.0392533205,0.0182077214,-0.0568207242,0.4553861916,0.173304081,0.064740181
7.4465427399,-0.0438388847,0.0048863804,-0.0269711372,0.3797353804,0.165046677,0.0425363407
7.4565501213,-0.0472996496,-0.0202094391,-0.0058741919,0.2837025821,0.1558523774,0.054349862
7.4665551186,-0.0565354787,-0.0016054594,-0.0231100079,0.191892758,0.1551785916,0.0586679056
7.4765338898,-0.0687362328,0.0179526731,-0.0337993242,0.1416936517,0.161147818,0.0522903055
7.4865570068,-0.0769382045,0.024857156,-0.0421784855,0.1202370971,0.1717242897,0.0586110502
7.4965381622,-0.0821477398,0.0415568277,-0.0555253364,0.1326946914,0.2093435675,0.0721709281
7.5065798759,-0.0883955136,0.0602987334,-0.0506279804,0.1603750587,0.2170664668,0.0752886906
7.5163516998,-0.0858576074,0.0655764863,-0.0225959178,0.2298124582,0.2069973201,0.0848670155
7.5263619423,-0.0917517319,0.0697116777,-0.0236080047,0.2766771615,0.2097153515,0.1103140563
7.536356926,-0.100354366,0.0855252668,-0.0368345119,0.2977043986,0.2410455644,0.1302816421
7.5467967987,-0.1175487265,0.0818399712,-0.0374318101,0.2869175375,0.2538068891,0.132330671
7.5566058159,-0.1238601729,0.0684064552,-0.0475231744,0.2674455941,0.2846615016,0.1332060546
7.566493988,-0.1380655617,0.0744106099,-0.0623779036,0.2128555775,0.3024178445,0.1341914386
7.5765900612,-0.1573208272,0.083333306,-0.0650416389,0.1627271622,0.3029728532,0.1193488315
7.5878310204,-0.1660225391,0.0854884908,-0.0603592135,0.118045181,0.2907342911,0.1035235301
7.5965652466,-0.1807017326,0.0876026675,-0.0523444153,0.0819143355,0.2743460238,0.0940911472
7.6064910889,-0.1984885931,0.0974943563,-0.03713331,0.0425030179,0.2665051222,0.0877951682
7.6166181564,-0.2124434263,0.113251619,-0.0255179163,0.0202170201,0.251352787,0.0857835487
7.6264801025,-0.2166158855,0.1358415931,-0.0293360706,0.0127804084,0.2470200956,0.0858168378
7.6364707947,-0.2119075954,0.1565229148,-0.0398436524,0.0084976461,0.2449303269,0.0953952968
7.6464309692,-0.2070987523,0.1762843579,-0.0473541953,0.0009457208,0.2492651492,0.1091835499
7.6564230919,-0.201141119,0.1892762631,-0.0469467379,-0.0022985423,0.2483053505,0.1251289546
7.6664590836,-0.1979927868,0.1964822859,-0.0349035002,0.0297573954,0.2390521914,0.1389776617
7.6764707565,-0.1936861277,0.195896849,-0.023327684,0.1035023183,0.2226417959,0.1528427452
7.6864261627,-0.1950776577,0.2021074742,-0.0173953529,0.1773259491,0.1934772581,0.175290525
7.6964082718,-0.1961654127,0.2102864236,-0.0199341532,0.2522144318,0.1611917466,0.2073215693
7.7064962387,-0.1968188882,0.2028129548,-0.0317146517,0.2962458134,0.1210906655,0.2277362943
7.7164330482,-0.2040241808,0.1787394136,-0.0426488854,0.3006931543,0.0945149884,0.2406538129
7.7263960838,-0.21908167,0.1624660939,-0.040847037,0.2795034349,0.0751127973,0.2407944351
7.7363958359,-0.2391152531,0.1500927657,-0.0299316403,0.2197238803,0.0757104009,0.2397697717
7.7464060783,-0.2484705001,0.1427057832,-0.0191838499,0.1287281811,0.1070795134,0.2406923026
7.7563939095,-0.223484695,0.1287753433,-0.0101793762,0.0292300899,0.1246910021,0.2650812864
7.7663741112,-0.1727924347,0.1102637574,0.0020199066,-0.0765274987,0.1157313287,0.3130208552
7.7764468193,-0.1303960085,0.1015871689,0.0140805487,-0.1501015872,0.0846367851,0.3685195148
7.7863798141,-0.1265532225,0.100567691,0.033281114,-0.2022569329,0.0441096053,0.4261878729
7.7963938713,-0.1553840786,0.1032661721,0.0515945219,-0.2096860707,0.0230245572,0.4666990936
7.8064961433,-0.1982482374,0.0783682391,0.0365789197,-0.1777819395,0.0371747352,0.4676474333
7.8163661957,-0.2330206037,0.0260022804,-0.0098373648,-0.157809183,0.0789205804,0.4567392468
7.8263587952,-0.2321174741,-0.0015540206,-0.0239157435,-0.1741647124,0.1215276942,0.4543496072
7.8363699913,-0.1896499246,0.0054485118,-0.019996142,-0.2147636712,0.1254965961,0.4554152489
7.8465862274,-0.1385151595,0.0213384554,-0.0048097125,-0.2700833678,0.1005318612,0.4609277248
7.8563518524,-0.1184745207,0.035041444,0.0106975082,-0.3137284815,0.0841984376,0.465313822
7.8664798737,-0.1402168274,0.030827336,0.0263923649,-0.3563483655,0.0721665397,0.4717959762
7.8763847351,-0.1791901588,0.0088403141,0.0316645168,-0.3927109241,0.0752092004,0.4856129885
7.8863859177,-0.1973942816,-0.0198977664,0.0230313782,-0.4656144083,0.1058129147,0.505650878
7.8963470459,-0.1683923453,-0.056178458,-0.0039806119,-0.5566645861,0.1352333874,0.5288969278
7.9063630104,-0.1039188132,-0.0979953483,-0.0188168045,-0.6988081336,0.1482008547,0.549097538
7.9163441658,-0.0502009355,-0.1174374297,-0.0175252315,-0.8910659552,0.1533199847,0.5715075135
7.9263720512,-0.0277079903,-0.1176245287,-0.0009628289,-1.0842266083,0.1402236223,0.5897880197
7.9363288879,-0.0402920656,-0.1182248071,0.0227399115,-1.2123739719,0.1435722709,0.597292006
7.9465827942,-0.0684585497,-0.1113204435,0.0513409041,-1.3384277821,0.1491372138,0.6122174263
7.9563069344,-0.0919242278,-0.0753922537,0.0793950781,-1.4784947634,0.1675042361,0.6376963854
7.9663028717,-0.0936562866,-0.0600801781,0.1089751944,-1.5960941315,0.1859056205,0.6461583376
7.9762978554,-0.0947671384,-0.1068475321,0.102982603,-1.7404096127,0.2167301029,0.6311837435
7.9863052368,-0.0998872146,-0.162046209,0.078992866,-1.9105254412,0.2718878984,0.6107594371
7.9962878227,-0.0995175168,-0.2003465444,0.0341757797,-2.1030476093,0.3268496692,0.5882294774
8.0063152313,-0.0725531131,-0.208824411,0.0100569967,-2.3361973763,0.3869002461,0.5720670223
8.016292572,-0.0091150505,-0.2022461444,0.0059461244,-2.5726263523,0.4554913044,0.5569107533
8.0262899399,0.0637704059,-0.2112679631,0.0179811958,-2.8301434517,0.4918671548,0.5441060066
8.0362548828,0.1148461476,-0.2314646393,0.0489621423,-3.0979735851,0.4843415916,0.5315936804
8.0462636948,0.1413061023,-0.2572674155,0.0919520482,-3.3740954399,0.4457760751,0.5214126706
8.0562744141,0.1442010701,-0.2675247788,0.136174351,-3.6566598415,0.4009859562,0.5388977528
8.0662727356,0.1266061515,-0.2547223568,0.1677676737,-3.9245994091,0.3927006125,0.5625112057
8.0762701035,0.0917757228,-0.2464270741,0.1500386894,-4.0952267647,0.3679665029,0.5744774938
8.0862379074,0.0666825324,-0.2527168393,0.1289982498,-4.144135952,0.3472175598,0.5672094226
8.0962371826,0.0595300905,-0.2299377471,0.1383827031,-4.0456418991,0.3116545081,0.5694980025
8.1063089371,0.0891076028,-0.1685396582,0.1595126092,-3.8521592617,0.2716223896,0.5876831412
8.1162395477,0.1520586908,-0.0895728543,0.1752431691,-3.5858669281,0.1960011274,0.6272935271
8.1262168884,0.2118891478,-0.016035445,0.1798337996,-3.213786602,0.0999805927,0.6860879064
8.1362094879,0.2570960224,0.0450929329,0.1793085635,-2.7521724701,0.0185818728,0.7489750981
8.1461620331,0.276899606,0.0934222862,0.1653908789,-2.2319042683,-0.0486309864,0.7926056981
8.1562175751,0.2752057612,0.1129179522,0.1331285536,-1.6964417696,-0.1414807737,0.8247072697
8.1662025452,0.2667941451,0.098154597,0.0945712551,-1.1500500441,-0.2547857463,0.8293099999
8.1761989594,0.2667151392,0.0630026981,0.0726167783,-0.7061892152,-0.3488557935,0.8009243011
8.1863670349,0.2598239183,0.0321591422,0.033525493,-0.3035277426,-0.3526808918,0.7390492558
8.1962413788,0.2211664617,-0.0082857097,0.0137762073,0.0370545909,-0.3418985307,0.6919975281
8.2062349319,0.1829620302,-0.0301286653,0.018846238,0.3146646321,-0.3462549448,0.6812080145
8.2161808014,0.1785577983,-0.0160440877,0.0426847003,0.5038276315,-0.3705043793,0.6737954021
8.2262029648,0.1860148311,-0.0020282948,0.0742677674,0.5842692256,-0.4190013409,0.6793656349
8.2361850739,0.1960074753,0.0022318279,0.1214789376,0.4855041504,-0.5005595684,0.7309592366
8.2462024689,0.200196147,0.0019664681,0.1487728059,0.1618009061,-0.4991848171,0.8097932935
8.2561569214,0.1867274642,-0.0473843887,0.1534424126,-0.4681453109,-0.4066594243,0.9509320259
8.266166687,0.163259536,-0.2173081785,-0.0265492555,-1.0606867075,-0.1814942211,1.0699359179
8.2761983871,0.17066136,-0.7870384455,-0.5561408997,-0.7147163749,0.0278515369,-0.5114402175
8.2861099243,0.1300716698,-1.9196336269,-0.9630147219,-1.4899109602,0.0323019437,-0.7892742157
8.2961587906,0.3577812016,-0.8474517465,-0.0874705687,-1.7866327763,-0.3754400015,-0.0799325854
8.3061542511,0.4170723259,0.2584990859,0.2433314621,-1.2355531454,-0.2074222267,0.070514977
8.3161277771,0.2493213564,0.4358782172,0.0856715068,-0.6067213416,0.0829430223,-0.0412333906
8.3261613846,0.2408458292,0.412536025,0.0025624281,-0.1658722907,0.1051370054,-0.094804734
8.3360843658,0.3201119304,0.1897710413,-0.0575461723,-0.0483583137,-0.0507412776,-0.0556292385
8.3462133408,0.3185704947,-0.0227803066,-0.0823269263,-0.1559513509,-0.2201614529,-0.0215213373
8.3561611176,0.2411279976,-0.094428964,-0.0887903944,-0.3474778831,-0.3225751817,0.0493925177
8.366101265,0.158051759,-0.0860781148,-0.1055367962,-0.4035550058,-0.2838602662,0.1277975738
8.3760995865,0.0834369883,-0.0764087513,-0.0390596725,-0.3720658123,-0.2372520268,0.1752820015
8.3860816956,0.043095734,-0.0536608174,-0.008878326,-0.3124786615,-0.2227061093,0.1974562854
8.3960981369,0.0398265757,-0.0207395032,0.0105560068,-0.3135035634,-0.2270081788,0.1953605115
8.4061031342,0.0376496054,-0.014513501,0.0255924705,-0.4360752702,-0.2315621972,0.148730427
8.4160661697,0.0148737254,-0.0627036169,0.0473528765,-0.7851356864,-0.2049236596,0.0797448307
8.426068306,-0.0122370077,-0.1457933336,0.0887656435,-1.2268134356,-0.212063849,0.0195432752
8.4360618591,-0.0201009251,-0.2597714663,0.1950162947,-1.6338592768,-0.2787443697,-0.0349838808
8.4460449219,-0.0036816329,-0.3342763782,0.2447595298,-1.9051115513,-0.3544012904,-0.1373558044
8.4562673569,0.0010788857,-0.3309566975,0.2523456514,-2.0893301964,-0.4218186736,-0.1049183607
8.4660615921,-0.000682886,-0.2479545027,0.2001465857,-2.1088199615,-0.409740448,-0.0497387275
8.4761314392,-0.0181873254,-0.1360432655,0.1473074257,-2.0739662647,-0.3698068857,-0.0362112001
8.486082077,-0.0086097149,-0.00602121,0.0839659795,-1.9269207716,-0.3355823457,-0.0418477803
8.496014595,0.0146983163,0.0540785119,0.0226200465,-1.7043348551,-0.2708507478,-0.0477332324
8.5060396194,0.0260059349,0.102271609,-0.0297758933,-1.4157993793,-0.1997802854,0.002599179
8.5160207748,0.0428262986,0.1421125978,-0.0527242161,-1.1037118435,-0.1349845231,0.0476432219
8.5260972977,0.0604229607,0.1618305892,-0.0470574833,-0.8394944072,-0.080397442,0.0672901571
8.5360069275,0.0558082722,0.1388215274,-0.0591001846,-0.7500161529,-0.063538827,0.0830550045
8.5460319519,0.0358078964,0.0769219324,-0.0360954143,-0.7543035746,-0.0729368553,0.112865895
8.5560417175,0.0119061889,0.025888972,-0.0025852674,-0.7074860334,-0.0617302768,0.1308201253
8.5661258698,-0.0210989229,0.0609768555,-0.0482732393,-0.5775461197,-0.0317497402,0.1443460584
8.5760450363,-0.0485881157,0.1051387712,-0.0683578625,-0.4400746822,-0.0102337962,0.1611086577
8.5860939026,-0.0624659322,0.1183860824,-0.060571108,-0.3152707219,0.0034934676,0.1534957439
8.5961513519,-0.07434275,0.0983939096,-0.0404733159,-0.2320446521,0.0104909232,0.1459532678
8.6060247421,-0.0813939199,0.0819284841,-0.0246652719,-0.1744348854,0.012059791,0.1522772163
8.6160144806,-0.0884719864,0.0727605149,-0.0072520724,-0.1178240627,0.0092597445,0.1490707695
8.6260023117,-0.0934822038,0.0639866516,-0.0165542718,-0.0514551662,-0.0043210462,0.1257398874
8.6360120773,-0.1033683345,0.0616283938,-0.0361357071,0.0339678526,-0.0037426075,0.1161152273
8.645980835,-0.107533969,0.0669101998,-0.0473946072,0.1278826296,0.0001629182,0.1128371358
8.6559753418,-0.1227601394,0.0945109054,-0.0545541979,0.251637727,0.0106957201,0.1073695272
8.6659860611,-0.131262064,0.1262471527,-0.0800730959,0.4309459925,0.0278057307,0.0710120574
8.6759929657,-0.1273781508,0.1314983219,-0.0810197368,0.6177326441,0.0418174192,0.0399790406
8.6859903336,-0.1041006967,0.1412248462,-0.0514754988,0.7980384827,0.0497065037,0.0493634865
8.6959753036,-0.0767449066,0.1347669214,-0.0345989205,0.9687116742,0.0638654679,0.0512796342
8.7059764862,-0.052052673,0.1011200473,-0.0469462611,1.1384898424,0.0650151521,0.0320305713
8.7159452438,-0.026457306,0.0689553544,-0.0536478497,1.3328211308,0.0611181445,0.0255465731
8.7259511948,-0.0090983612,0.0586469099,-0.0499927737,1.4587284327,0.0643022284,0.0339371264
8.7359695435,0.0071514295,0.058784537,-0.0452105738,1.5226035118,0.0851068348,0.0337559022
8.7459478378,0.0095602619,0.0412165448,-0.0249888059,1.4915606976,0.0997390449,0.0230587814
8.7559490204,0.0110782431,0.0106072938,-0.0076390258,1.4574124813,0.0984090567,0.0241566692
8.7659282684,0.0146475928,-0.0292031243,0.0137717966,1.422293663,0.0874040797,0.0189406015
8.7759380341,0.0102607356,-0.0374242142,0.0185014252,1.3411121368,0.0952960923,0.0146936579
8.7859220505,0.0135256844,-0.0347523764,0.0218512062,1.2290809155,0.0922193453,0.0062927175
8.7958955765,0.0138530927,-0.0437241271,0.0336928032,1.1126857996,0.0998138785,-4.90681e-05
8.8059120178,0.0112195062,-0.0546458438,0.0403822921,0.9909392595,0.1094966009,-0.0074635744
8.8158979416,0.0093962597,-0.0568152145,0.041007068,0.8553436995,0.1148170605,-0.0127162607
8.8275699615,0.0123657184,-0.0570165589,0.0484578274,0.7112347484,0.1158218756,-0.0147469211
8.8360443115,0.0163741447,-0.0613057688,0.0481555127,0.5522227287,0.1124234125,-0.0177991688
8.8459157944,0.0204162635,-0.0666958764,0.0499041341,0.3986003995,0.10160698,-0.0186841376
8.8558826447,0.0264597796,-0.0740893558,0.057606604,0.2502089441,0.099474594,-0.0090063438
8.8661594391,0.0257340334,-0.0708118752,0.0563721918,0.1338455826,0.0986199826,-0.0036075839
8.8758926392,0.0230508186,-0.0663228109,0.0538660549,0.0431469679,0.0957496315,-0.006710832
8.8858890533,0.0194349475,-0.0575316027,0.0411155485,-0.0154388463,0.0834761858,-0.0140270684
8.8958683014,0.0186997242,-0.0480232909,0.0335946344,-0.0537232533,0.0733966529,-0.0330576189
8.9058704376,0.0169166662,-0.0387632325,0.0263242964,-0.0878292918,0.0698629096,-0.0404476225
8.9158649445,0.0132179232,-0.0297603682,0.0192810539,-0.1262547076,0.0674724504,-0.0350928046
8.9258728027,0.0134659307,-0.0238995031,0.0183924679,-0.1603655368,0.0608140118,-0.0329010226
8.9360132217,0.0109004872,-0.0221539214,0.0137661938,-0.1741527319,0.0500151627,-0.0338861272
8.9458618164,0.0063917087,-0.0116334641,0.0070932754,-0.1581047773,0.0448134765,-0.0317388214
8.9558420181,0.0019125238,0.0039245402,0.0002342708,-0.1271258295,0.0418525748,-0.030677285
8.965959549,-0.0005954013,0.0168748423,-0.0059461347,-0.0694548041,0.0380325355,-0.0296303965
8.97590065,-0.0020595,0.0187135264,-0.0106936451,-7.29384e-05,0.0385646373,-0.0307469256
8.9858436584,-0.0016091124,0.0170498416,-0.0118449684,0.0372715034,0.0430741683,-0.0371765979
8.9958620071,-0.0021781579,0.013566724,-0.0072524301,0.0383608714,0.0377955139,-0.0307699628
9.0058231354,-0.0006537021,0.007214359,-0.0056360117,0.0630302653,0.0251244605,-0.0349545889
9.0159435272,-0.001035373,-0.0078369463,-0.0021284574,0.0651575923,0.0282986816,-0.0402870364
9.0258169174,-0.0043813465,-0.0151307667,0.004282976,0.060846474,0.0283743162,-0.0275358185
9.0358371735,-0.004799406,-0.0098541463,0.0039113411,0.0448143743,0.0293524936,-0.0232799556
9.0458145142,-0.0002157644,-0.0105164135,0.0047079572,0.0427115411,0.0229779519,-0.0168628022
9.0558099747,0.0044258954,-0.0101784552,0.003502453,0.0501821078,0.0219933838,-0.0136740664
9.065908432,0.0022158816,-0.0128164375,0.0100949053,0.0416080616,0.0241100639,-0.0083698491
9.0758552551,0.0039677517,-0.0086708749,0.005974079,0.0373736359,0.0198021345,-0.0083389562
9.0857906342,0.0057444768,-0.0083757127,0.0027888066,0.0480843373,0.0166513473,-0.0115131773
9.0957775116,0.0045385854,-0.0060739601,0.0034279472,0.0481056422,0.0155490637,-0.0157569237
9.1057834625,0.0033479154,-0.0027966583,0.0050243386,0.0427636094,0.0144752786,-0.0114966659
9.1157951355,0.0002764061,-0.0074105347,0.0067137727,0.0310539566,0.0122102601,-0.0157231018
9.1258363724,-0.0018563971,-0.0081786001,0.0075051435,0.0236120187,0.008937235,-0.0167590715
9.135761261,-0.0010634765,-0.0080006206,0.006377364,0.0214665756,0.0110400673,-0.0188959911
9.1456327438,0.0006970211,-0.0058608735,0.0022943264,0.02791835,0.005736914,-0.0199285001
9.1557617188,0.0024665415,-0.0035811746,0.002016688,0.0535841621,0.0005805019,-0.0209744573
9.1657791138,0.0033044487,-0.0070417011,0.0026062971,0.0599413961,0.0038905446,-0.0146260131
9.175819397,0.0021715283,-0.0046874965,0.0051288852,0.0470734015,0.0070826099,-0.0050779153
9.1856298447,0.0030813708,-0.0082989419,0.0068381079,0.0310904384,0.0047941552,-0.0082390876
9.1957378387,0.0039822357,-0.0119855488,0.0066747912,0.0236267969,0.004715858,-0.0103569664
9.2057523727,0.0019220903,-0.0098655308,0.0064554461,0.0300538056,0.0036604477,-0.0146041755
9.2157344818,-0.000190112,-0.0037609423,0.0051847943,0.0386206619,0.0015624092,-0.0177839901
9.2258062363,-0.0013440356,-0.0005325758,0.0038945919,0.0449968018,0.0058687408,-0.0199411511
9.2357177734,0.0004159852,0.0008116281,0.0035737997,0.0503647998,0.0026923884,-0.0209855102
9.2457017899,0.0012442812,-0.0026829923,0.0032073504,0.0567428023,0.005948103,-0.0210110769
9.2558765411,0.0010733574,-0.0051981295,0.0057835826,0.0503486916,0.0048269122,-0.0209978931
9.2659139633,0.0008593991,-0.0067950571,0.0064245709,0.0438705496,0.013336245,-0.0199861564
9.2757892609,0.0006399422,-0.0084431851,0.0061599263,0.0353485681,0.0111314133,-0.0210321136
9.2857141495,0.0004337623,-0.0091464007,0.0059105405,0.032118421,0.0132712629,-0.0178565606
9.2956447601,0.0011480793,-0.0069569433,0.0066931495,0.0278500393,0.0142806005,-0.0210476946
9.3058996201,-5.67466e-05,-0.0077414596,0.0055386075,0.0257083252,0.0142821986,-0.0189214256
9.3156757355,-0.0002892048,-0.0075221146,0.006322647,0.0331824869,0.0143351955,-0.0189246219
9.3257493973,-0.000552851,-0.0072419727,0.0080383066,0.0342219174,0.0165080689,-0.0157522634
9.3356781006,0.0001993522,-0.0089489305,0.0078497175,0.0267422963,0.017517142,-0.0157526638
9.3458566666,0.0029299229,-0.0107014859,0.0067433366,0.0182084627,0.0163914226,-0.0146770123
9.3556623459,0.0056530433,-0.0134604657,0.0086274389,0.0139704421,0.0120906839,-0.0146497162
9.3656663895,0.0064629214,-0.0104330862,0.006582404,0.0075434358,0.013146095,-0.0104025062
9.3757324219,0.0053036856,-0.0084310258,0.0065254816,0.0032430962,0.0163323004,-0.0082928836
9.3858652115,0.0051540555,-0.0093760574,0.0065303096,-0.0010070428,0.0131112076,-0.0061442447
9.3956518173,0.0060153129,-0.0093642557,0.0065511712,-0.0084668221,0.010929279,-0.0050645992
9.4056472778,0.005932671,-0.0094019258,0.0056261667,-0.0105787097,0.0077156425,-0.0039798939
9.4156455994,0.0039113434,-0.0085046375,0.0066643008,-0.0105462195,0.0034481939,-0.002889063
9.4258708954,0.0009113296,-0.005657264,0.0066805729,-0.0084061017,0.0024050334,-0.0018214016
9.4356145859,-0.0010572032,-0.0047074044,0.0047264346,-0.001984423,0.0003197785,-0.0007468164
9.4456424713,-0.0001075596,-0.0037094438,0.0037315732,0.0022920817,0.0003346922,-0.002874682
9.4556274414,0.0008329644,-0.0026895488,0.0007462747,0.0086481152,0.0067835362,-0.005048221
9.4657440186,0.0036927953,-0.0025639022,0.0016647823,0.0118487021,0.0057667415,-0.0018566886
9.4756698608,0.0016994744,-0.0044287527,0.0025242812,0.0129190255,0.0047222502,0.0002751716
9.4855928421,0.0006620183,-0.005284139,0.0043762573,0.0087000458,0.0014196639,-0.0071372045
9.4955425262,0.0015826717,-0.0061845863,0.0052970895,0.0054653715,0.0035706991,-0.0029003816
9.5056066513,0.0005768731,-0.0071348036,0.0052762278,-0.0009144973,0.0013656017,-0.0050064093
9.5155849457,0.0005535975,-0.0081210816,0.0052898177,-0.0051338775,-0.0040278323,-0.0070939278
9.5255880356,0.0015122711,-0.0091160024,0.0072958716,-0.0094436696,-0.0008184567,-0.002862165
9.5355596542,0.0024873361,-0.0092020119,0.0064245709,-0.0157981049,-0.0062278695,-0.0049483525
9.5455236435,0.0054562511,-0.0112521136,0.0075607547,-0.0211191028,-0.0094481632,-0.0017365802
9.5555381775,0.0025718107,-0.0094454372,0.007657791,-0.0169118419,-0.0040219733,0.0046020099
9.56553936,0.0046011107,-0.0085619772,0.0057903775,-0.0083689531,-0.0060571609,0.0088588065
9.5755395889,0.0046856077,-0.0046984637,0.0028590208,0.0011880677,-0.00062591,0.0098771984
9.5855550766,0.005736907,-0.0027169669,0.0018396623,0.0065532723,-0.0048414278,0.0120255705
9.5955257416,0.0068123983,-0.0026555145,0.001776839,0.0075904396,-0.00057025,0.0109362053
9.605512619,0.0020268306,-0.004607209,0.0036539084,-0.0020073261,-0.0017132787,0.0109503195
9.6155204773,0.0002176284,-0.0076252902,0.0037130958,-0.0222071353,-0.0114918742,0.0110294158
9.6255950928,0.0023043945,-0.010757097,0.00787195,-0.0488395467,-0.0160184484,0.005765412
9.6355218887,0.0004963472,-0.0160071328,0.0121714715,-0.0658887029,-0.0183175541,0.0026062368
9.6454839706,-0.0013143301,-0.0165151432,0.0116540436,-0.0754776821,-0.0205293112,0.0026272754
9.6555223465,0.0017353341,-0.015050062,0.013163114,-0.0744426474,-0.0173007604,0.0036655092
9.6655187607,-0.0001247928,-0.011644789,0.012640262,-0.0670164227,-0.0129408995,0.006819224
9.6755104065,0.0009388595,-0.0052768672,0.008163834,-0.056373097,-0.008594621,0.0057222685
9.6855449677,0.0010324835,-0.0026968801,0.0035970456,-0.041475106,-0.0041769692,0.0088703912
9.6955223083,0.00209966,0.0009599245,-9.88e-05,-0.0265362374,-0.0050968248,0.0120500717
9.7054824829,0.0031728267,0.0037801182,-0.0019711012,-0.0052112415,-0.001734584,0.0109509854
9.7154741287,0.0032579347,0.0038062846,-0.0010342353,0.0064896233,0.0026460495,0.013040768
9.7255516052,0.0023781478,0.0028579151,-0.0010913366,-0.0020548627,0.0036396747,0.0119779008
9.7354850769,0.0025019988,-0.0011254632,-0.0039380542,-0.0243772119,-0.0061884546,0.0078076562
9.7455062866,0.0046010884,-0.0110963667,0.0061586746,-0.0574451499,-0.0106830709,0.0121094603
9.7554616928,0.0057285773,-0.0184093788,0.0145324711,-0.1001000702,-0.0142570334,0.0079135168
9.7654867172,0.0030054047,-0.0261587575,0.0193682555,-0.1661435366,-0.0287166685,0.0016790573
9.7754402161,0.0051412927,-0.0304400399,0.0217631105,-0.235487327,-0.0293483678,-0.008890097
9.7854480743,0.0062409313,-0.0333622769,0.0188362245,-0.3176122904,-0.033289846,-0.0204934888
9.7954492569,0.0045071887,-0.0357705429,0.0182692651,-0.3601571023,-0.057023935,-0.0086277761
9.8054656982,0.0097820358,-0.0363926962,0.0238001589,-0.3867554069,-0.0710513368,-1.91075e-05
9.8155126572,0.0111907767,-0.025361605,0.0233522896,-0.3621981144,-0.074016504,0.0063588973
9.8254537582,0.006824513,-0.0151253426,0.0235957745,-0.3302143514,-0.073669225,0.0180206131
9.8354673386,0.0034829422,-0.0058438862,0.0189014915,-0.3580180407,-0.0664294288,0.0148056448
9.8454933167,0.002245073,-0.0074868286,0.0046481737,-0.3642029464,-0.091104947,0.0096580209
9.8554325104,0.0050781267,-0.0246195868,0.0197958592,-0.3788833618,-0.124326013,0.0130719263
9.8655338287,0.0070137875,-0.0272918418,0.0251989607,-0.4012568295,-0.1267002225,0.0056662085
9.8755369186,0.0039552273,-0.0253478363,0.0356367491,-0.4430038929,-0.1152094826,0.0119940126
9.8854341507,-0.00490171,-0.0356440619,0.0396626256,-0.5211445093,-0.0943199098,0.0257242061
9.8954992294,-0.0088749407,-0.0503401831,0.0451883338,-0.5799050331,-0.0894042477,0.028921064
9.9054136276,-0.0090370579,-0.042008765,0.0274323467,-0.5970554948,-0.0799359158,0.0267468579
9.9155139923,0.0002508208,-0.0140774334,0.0184822921,-0.5884429812,-0.0821529925,0.0097573567
9.9254436493,0.0086211832,-0.0006613218,0.0074588903,-0.5542290807,-0.0830843002,-0.0051339744
9.9354057312,0.0033235445,-0.0036280835,0.0059200772,-0.5274885297,-0.0851149634,-0.016825784
9.9454288483,-0.0001149655,0.0033868467,-0.0007812732,-0.4847786427,-0.0869131237,-0.0157815591
9.9553976059,-0.0005768568,0.0107446825,-0.0097154137,-0.4389411211,-0.0811729506,-0.0116038583
9.9655609131,-8.23096e-05,0.0195318982,-0.0190815683,-0.3707612753,-0.0656552389,-0.0085649248
9.9754562378,-0.0027046979,0.0279005691,-0.0211146828,-0.2898002565,-0.0457851328,-0.0087530771
9.9853658676,-0.0054383678,0.0368680283,-0.0314919688,-0.1949235201,-0.0290466323,-0.012115052
9.9953594208,-0.0044020591,0.0407770202,-0.0346007086,-0.081916675,-0.0121238418,-0.0091114063
10.0055208206,-0.0015444562,0.0455892012,-0.0364736058,0.0438710824,0.0060133506,-0.0018801244
10.0153694153,-0.0026573122,0.0513655469,-0.0323647596,0.1814603657,0.0157181751,0.008585033
10.0255260468,-0.0007572875,0.0513358042,-0.0300532337,0.3254031837,0.02874263,0.0264607035
10.0353431702,0.0001205101,0.0553114936,-0.0267489906,0.4821257889,0.0461242832,0.0421737507
10.045384407,-0.0029758767,0.0611881539,-0.0302244779,0.588637054,0.0726445764,0.047239352
10.0553331375,-0.0052103652,0.0636239573,-0.0389882065,0.6291126013,0.0878219306,0.0354258344
10.0653514862,-0.0025640086,0.0427358076,-0.0368934609,0.6056925058,0.0853851438,0.0216469057
10.0751724243,0.0040489258,0.0099418079,-0.0276786443,0.5706106424,0.0690546408,0.0185901299
10.0851421356,0.0095941173,-0.006521591,-0.0124741551,0.5386836529,0.0581015833,0.0165586695
10.0951805115,0.0083077671,-0.0066706622,-0.0041383258,0.5248514414,0.0526506267,0.0166036785
10.105463028,0.0060387002,-0.0051322067,0.006360794,0.4587156773,0.0488891788,0.0113613782
10.1153116226,0.0038451373,-0.0100522721,0.0105519537,0.3840748668,0.041837927,0.0050881701
10.1253528595,0.0017603978,-0.0340158418,0.0241246466,0.3071925938,0.0444587432,0.0061872564
10.1352558136,0.0005331978,-0.046850808,0.0342898034,0.2260005325,0.0523784533,0.0051270518
10.1453285217,-0.0046577258,-0.0476420596,0.0370687507,0.1470205039,0.0496572331,0.0083870273
10.1553468704,-0.0010889054,-0.0449070409,0.0364086889,0.0873980522,0.0352031961,-0.0031645671
10.1653966904,0.0064427378,-0.0473005846,0.0429640077,0.0437104926,0.0252552219,-0.0020071573
10.1754636765,0.0072534876,-0.0403373912,0.0349778198,0.0148882996,0.0219030995,0.0075984653
10.1853122711,0.0022173419,-0.0199173763,0.0132976416,0.0116088837,0.0304462537,0.0096701384
10.1953659058,-0.0019245252,-0.0042183483,0.0042688497,0.0329198986,0.0359366275,0.0074950019
10.2052659988,0.0007415458,0.0078673875,-0.0039247624,0.064945206,0.0361752473,0.0064086979
10.2154998779,0.0024612441,0.013373605,-0.0084174629,0.0979778618,0.0407596119,0.0116637805
10.2253437042,0.0003221526,0.017150037,-0.0141503569,0.1310846806,0.0388780907,0.0116528617
