0.0000000000,0.0334539823,-0.1499664187,-0.1105420962,1.5936866999,0.7497226596,0.1739220768
0.0097420216,0.0242851339,-0.1672503948,-0.03192202,1.3761810064,0.7262825966,0.1251228601
0.0197969675,0.0359412543,-0.1725069284,0.0409202203,1.0384722948,0.664778769,0.0954475179
0.0298880339,0.0636223257,-0.1919561028,0.1263743192,0.5714299083,0.623252511,0.0488300174
0.0399999619,0.079366371,-0.1842255592,0.1742718965,-0.0124388412,0.5317241549,0.1381234676
0.0499089956,0.1180479378,-0.1010537222,0.1900689155,-0.4847896099,0.5002426505,0.3367840946
0.0600990057,0.1468697488,0.060478501,0.1428391486,-0.7441547513,0.5068952441,0.4026845396
0.0711499453,0.125060156,0.2675096989,0.0712433681,-0.8218184114,0.5961862206,0.5312265754
0.080395937,0.1192003638,0.5170032978,-0.0199327841,-0.7982357144,0.7050007582,0.7521305084
0.0902279615,0.1888116151,0.7612806559,-0.1331991404,-0.647254169,0.7699344754,0.9071472287
0.1003899574,0.2896542251,0.8782147169,-0.2119340152,-0.4080876708,0.870205164,0.993142128
0.1102669239,0.3829281032,0.8753093481,-0.2889392674,-0.2095189393,0.9826994538,1.2182492018
0.1204749346,0.5335097909,0.8655254841,-0.3078013957,-0.0707141832,0.6726667881,1.4909415245
0.1308020353,0.6618253589,0.8234730363,-0.2563803494,-0.0719976649,0.6189408302,2.0409266949
0.1408089399,0.6485152841,0.8393080831,-0.2601613104,-0.0217892788,0.7429032922,2.433842659
0.1508469582,0.5831499696,0.8552613854,-0.2403119057,0.4032408297,0.6326007843,2.8488430977
0.1609790325,0.563899219,1.0105779171,-0.2236092538,0.7605002522,0.5686601996,3.1417768002
0.1710590124,0.5171381235,1.0568314791,-0.218116805,1.0966598988,0.470492363,3.2584402561
0.1810660362,0.4504963756,0.9010412693,-0.2114638537,1.3234229088,0.426622659,3.3868379593
0.1911569834,0.3686881065,0.7582648396,-0.2013278455,1.4450063705,0.4423784316,3.5248486996
0.2012209892,0.2946310043,0.5996217728,-0.149777934,1.46352458,0.5139522552,3.5737223625
0.2112560272,0.2349279523,0.4444605708,-0.0955956951,1.4439290762,0.5543310642,3.6087868214
0.2213540077,0.2025058568,0.3297136426,-0.0457342044,1.4383604527,0.5776047111,3.6056153774
0.2314029932,0.170731619,0.2348191738,-0.0068740025,1.4585820436,0.578281939,3.5196049213
0.2415139675,0.1294379234,0.1663558483,-0.0021779314,1.5127139091,0.6014155746,3.4144830704
0.2515779734,0.0924741626,0.1106991097,0.0123908743,1.5685702562,0.6599617004,3.2053236961
0.2616410255,0.0889829397,0.0581039116,0.0435950384,1.5939888954,0.6660538316,2.9664161205
0.2716870308,0.2235254943,0.0251045749,0.1129879579,1.5753538609,0.7086555958,2.8528296947
0.2817659378,0.135397315,-0.0466064289,0.148595348,1.4779655933,0.6280490756,2.826269865
0.2918199301,-0.0375505723,-0.1368815899,0.1357622892,1.3674356937,0.6766600013,2.6182096004
0.3017669916,-0.0827351511,-0.2283748984,0.1287567168,1.303614378,0.7452505827,2.3198955059
0.312032938,-0.0906321704,-0.3011384606,0.1208831295,1.3024942875,0.8374433517,1.9769808054
0.3220219612,-0.0548652448,-0.3443111777,0.0535053834,1.3364634514,0.8390490413,1.6892244816
0.3321490288,0.0143495472,-0.3443582654,0.0652926192,1.3808399439,0.7635822892,1.4470853806
0.3421579599,0.0494346879,-0.3304259181,0.1006823406,1.3606981039,0.6326726079,1.2505921125
0.3522210121,-0.0055987868,-0.3270401359,0.1089586839,1.197822094,0.5824003816,1.081782341
0.3623039722,-0.1258038282,-0.3428432345,0.096117042,0.9267239571,0.5758039355,0.9215166569
0.3724310398,-0.2324636877,-0.3679813147,0.1084509715,0.6319099069,0.5898973942,0.7113623619
0.3824679852,-0.2854245007,-0.4197100997,0.1155149564,0.3586679101,0.5819794536,0.5139328837
0.3925629854,-0.2840758264,-0.4520817995,0.1258455664,0.2255996019,0.5406293273,0.3716649711
0.4026459455,-0.2765103877,-0.4548020959,0.1084353551,0.2591504455,0.4870297313,0.2431526184
0.4126969576,-0.3000288308,-0.413662076,0.1244454607,0.4369729161,0.4134412706,0.1103458405
0.4227539301,-0.3428733051,-0.3555227518,0.1242063865,0.7151226401,0.3397580981,-0.0086832112
0.4328429699,-0.3826597035,-0.3239378333,0.1142235622,1.0112451315,0.2832301259,-0.1245227307
0.4428019524,-0.4187158644,-0.3281811476,0.0991557464,1.3004733324,0.2766239643,-0.2233465761
0.4529509544,-0.4389526546,-0.32542032,0.0672063455,1.5810269117,0.2825577557,-0.3402127326
0.4629509449,-0.4270916283,-0.3168197274,0.0405099019,1.8211884499,0.2746358216,-0.4124807417
0.4730600119,-0.3630022109,-0.3019558191,0.0638989434,2.0007157326,0.2494620383,-0.4454546869
0.4831039906,-0.2991705835,-0.2396758199,0.0949777588,2.0716502666,0.194168821,-0.5580487251
0.4931639433,-0.3074201345,-0.2588669062,0.0316247568,1.9262330532,0.2131518275,-0.706654191
0.5034250021,-0.3199448287,-0.3698685765,-0.010914959,1.4727563858,0.2027571201,-0.7171641588
0.5135929585,-0.2820481658,-0.4850226045,-0.0196780339,0.9028627872,0.2067662328,-0.6405679584
0.527987957,-0.216892302,-0.5860229731,-0.0537872687,0.2621712983,0.2485426515,-0.5352656841
0.536864996,-0.1462046504,-0.5408194065,-0.0608329549,-0.2472543716,0.2868066728,-0.4937070906
0.5435910225,-0.0835045874,-0.4290074706,-0.107561864,-0.5307646394,0.2516511083,-0.4607371688
0.5539150238,-0.0385365523,-0.322129488,-0.1460290402,-0.5947619677,0.2478880435,-0.4639081955
0.5634469986,-0.0174455084,-0.2627378702,-0.2165428847,-0.5037181377,0.2146866173,-0.4703186154
0.573570013,0.0227503143,-0.2370308638,-0.2388269156,-0.3784790039,0.1788013279,-0.4459469616
0.5835969448,0.0774097443,-0.2217277288,-0.2375354022,-0.2863110304,0.1415379047,-0.4258143306
0.5942159891,0.1348094344,-0.2042492032,-0.2380467504,-0.1906867623,0.080045253,-0.3833973706
0.6041059494,0.1746246219,-0.1872311831,-0.2909449637,-0.1453991085,0.036173068,-0.3377741575
0.6139069796,0.1950760484,-0.1614475846,-0.2942487299,-0.1544226855,-0.018736789,-0.2847093642
0.6238529682,0.2032296658,-0.1519088745,-0.3006338775,-0.2223801315,-0.0485721119,-0.2125031203
0.6342250109,0.1931906939,-0.1509114504,-0.3254374564,-0.3609364331,-0.0631614476,-0.1487672776
0.6439830065,0.1810185015,-0.151484251,-0.3740121424,-0.5573729277,-0.0539540984,-0.1009326503
0.6542179585,0.1837838292,-0.1459303498,-0.3789613545,-0.7669338584,-0.0142495614,-0.0775000304
0.6643350124,0.2028487623,-0.1430139542,-0.352230221,-0.8599488735,0.0042378362,-0.0466744676
0.6746479273,0.2128835917,-0.1340524554,-0.3231293261,-0.8526856303,0.0256062411,-0.0339240506
0.684458971,0.194198966,-0.0968664363,-0.3089289963,-0.7005449533,0.0713345855,-0.0594224893
0.6944650412,0.1514082551,-0.0269718245,-0.1385328025,-0.4383060932,0.0964433998,-0.1401732564
0.7046339512,0.12447083,0.0604728386,-0.0228935257,-0.0468062945,0.1065022871,-0.2613131404
0.714944005,0.0952227116,0.0961478874,0.035703443,0.3344803154,0.0744290426,-0.3208867311
0.7247049809,0.0681927204,0.0643653795,0.0888236389,0.5198165178,0.0050862529,-0.3007945716
0.7347480059,0.0356745981,-0.0150793865,0.0924032554,0.5179797411,-0.1247388572,-0.1925554425
0.744863987,0.0040724543,-0.0862763599,0.0767071471,0.3839846849,-0.1690610349,-0.138392061
0.7551460266,-0.0167337991,-0.1174926236,0.075929068,0.1356867403,-0.2063567489,-0.1553364247
0.7650020123,-0.0032536716,-0.1251854897,0.0614238605,-0.2218098789,-0.2083906084,-0.1509994715
0.7750560045,0.0102334293,-0.1574193835,0.0033689365,-0.6768077016,-0.1683963239,-0.0797234327
0.7851120234,0.0138678523,-0.1855475307,-0.0902527943,-1.2214438915,-0.1279785931,0.0138733638
0.7953879833,0.0153563889,-0.2191677094,-0.1419313997,-1.8097220659,-0.0973050967,0.136144951
0.8052099943,0.0109818252,-0.2574864626,-0.1673265547,-2.2353391647,-0.0083685694,0.1883258522
0.8152559996,-0.0051513049,-0.2773907781,-0.171886906,-2.4711163044,0.0856197104,0.1098595485
0.8253369331,0.0085956724,-0.2504369617,-0.1202458516,-2.4404621124,0.1108905748,0.0387234539
0.8378620148,0.0715074539,-0.1703761816,-0.0488672629,-2.2487945557,0.0490581058,0.0630652755
0.8456720114,0.111676842,-0.0692148283,-0.0268759504,-1.9084333181,0.0608565733,0.1150151566
0.8557440042,0.0853877962,0.0012394714,-0.066680409,-1.4170585871,0.1200972646,0.0798806101
0.8659119606,0.041749116,0.0349795744,-0.113475062,-1.0311371088,0.1605803668,0.0755541772
0.8761839867,0.0485772155,0.0672644898,-0.1505253762,-0.7478241324,0.2219688892,0.1604568064
0.885766983,0.0870987773,0.05132889,-0.2039629072,-0.5863218904,0.1897212863,0.206057772
0.8958239555,0.1077850759,-0.0032652093,-0.2416846007,-0.5391551852,0.1689113379,0.2060354054
0.9059889317,0.0736765265,-0.0480997041,-0.2691766322,-0.6841877103,0.1581582874,0.2156217247
0.9162459373,0.0305871926,-0.1034201458,-0.265819937,-0.9834210277,0.1990426034,0.2146563381
0.9260619879,0.0152204903,-0.1685542464,-0.2816839516,-0.9866069555,0.3016704023,0.173299104
0.9361280203,-0.0109680621,-0.1441088319,-0.2829340994,-0.607376039,0.3754857779,0.245442003
0.9462360144,0.0004185109,0.0069807698,-0.2884266675,0.0305900127,0.2943125367,0.2855865657
0.9564729929,0.0421341918,0.058784835,-0.2812129557,0.4546659291,0.1482844949,0.2673553526
0.9664700031,0.0522814356,-0.0021764708,-0.1779638976,0.4691849053,0.0860277787,0.3012984097
0.9763770103,0.0554907583,-0.0763737634,-0.0430288687,0.3540399373,0.0695923418,0.2131901234
0.9864499569,0.0235066973,-0.1386275887,0.0099306926,0.2690728307,0.1309698224,0.1389171034
0.9967730045,0.0186897777,-0.1099504903,0.0142004117,0.2222251743,0.1163442656,0.0741519555
1.0065659285,0.0705156028,-0.0733637884,-0.025677003,0.2320940048,0.0862980857,0.0093642985
1.0166490078,0.0835095048,-0.0551105812,-0.0416993275,0.2443764955,0.1347867846,-0.0564461388
1.0267299414,0.060817685,-0.0148840025,-0.1015321389,0.3260728717,0.182111755,-0.068122305
1.0370110273,0.0252259634,-0.0027734709,-0.1656080931,0.4197714031,0.2066064477,-0.0171675105
1.0469299555,-0.0046827826,0.0129977986,-0.2470418662,0.4431487322,0.2174830735,-0.0076110228
1.056910038,-0.0008411737,-0.0306006745,-0.1527921408,0.3591822088,0.1827392131,-0.0161014479
1.0670130253,0.0245810114,-0.1034548357,-0.1085675135,0.3094519973,0.1398471892,-0.0182339065
1.0772789717,0.060076233,-0.1823033094,-0.0644544736,0.2670960128,0.1041704267,-0.0628365278
1.0871459246,0.0476379357,-0.1406102777,-0.0903062001,0.2384681255,0.0859444886,-0.0532826371
1.0971939564,0.042688366,-0.0666116551,-0.1072031632,0.1836741269,0.0177494511,-0.0235724133
1.107288003,0.0509225391,-0.0517777875,-0.1078074351,0.1480303556,-0.046277266,-0.0310267992
1.1175470352,0.0395970009,-0.0457326844,-0.1115191951,0.1253303587,-0.0226584934,-0.1212621555
1.1274679899,0.034131702,-0.0181057528,-0.0616169348,0.2295656502,-0.096244432,-0.1553046703
1.1374499798,0.0625412762,-0.0656145886,-0.0872285739,0.3084985316,-0.0912067965,-0.1393952221
1.1475169659,0.0779605508,-0.0583983734,-0.0901224986,0.4088464677,-0.0946440697,-0.1500402093
1.1578469276,0.0475866459,-0.0093643144,-0.088034071,0.4461224675,-0.0844779834,-0.1054490358
1.1676620245,0.0457783602,0.0099859163,-0.0998936668,0.4205961525,-0.0920185223,-0.0884569362
1.1777369976,0.046571549,-0.0307459906,-0.0961916223,0.3510884345,-0.0765085444,-0.0576393679
1.18780303,0.0268518589,-0.0549906567,-0.0771477595,0.2643262744,-0.0442961417,-0.0459215939
1.1980829239,0.0096701654,-0.0513803437,-0.0635022298,0.1968788058,-0.0225330573,-0.0352756083
1.2079340219,0.0260269009,-0.0646253899,-0.0426996127,0.1520026773,-0.0176396314,-0.0384478308
1.2179809809,0.0602978431,-0.0890641883,-0.0258124247,0.1156329438,-0.0106957061,-0.0639183
1.2280659676,0.076053381,-0.10095907,-0.0229851976,0.0460932292,0.005562759,-0.0808803737
1.2383409739,0.0742580295,-0.1047614291,-0.0324771777,-0.0373020619,0.0219571777,-0.0585532337
1.2481869459,0.0696224868,-0.1387789249,-0.0420204177,-0.0866192207,0.0449469164,-0.0468497053
1.2582520247,0.0407224856,-0.1363693476,-0.0231004134,-0.0901279375,0.0781078041,-0.0011748951
1.2683589458,-0.0002174707,-0.0434914306,-0.0372292176,-0.0869496465,0.0826360434,0.0381130539
1.2786610126,0.0066512492,0.0047644307,-0.0222800151,-0.1517451555,0.0547721833,0.0827111527
1.2884589434,0.039130833,-0.0010837389,-0.0106839314,-0.2872032821,0.0472923629,0.093359068
1.2985500097,0.037321534,-0.0259790495,-0.0030594245,-0.4240098596,0.0673054829,0.091280207
1.3086409569,0.0332264565,-0.0390678719,0.0053777918,-0.524426043,0.0782173201,0.1093624681
1.3188999891,0.0556466244,-0.0385375097,0.0342741832,-0.554281652,0.0758689493,0.1146778688
1.3287129402,0.0811611712,-0.0312421396,0.0384319648,-0.5336813927,0.0419075824,0.0859865099
1.3387999535,0.0819542706,-0.0273266509,0.0222448334,-0.4939180315,0.0135015091,0.0700352415
1.3488709927,0.0629742444,-0.0408908799,0.0119926557,-0.484072119,-0.010837852,0.0668345839
1.3591749668,0.0511085652,-0.0555979088,0.0081867799,-0.5082970262,-0.0428892635,0.0657629222
1.3690320253,0.0523291491,-0.0757623985,0.0097719654,-0.5357521772,-0.0717796385,0.0657563955
1.3790699244,0.0601728819,-0.0880318359,0.0043214187,-0.5312487483,-0.0950774997,0.0668054149
1.3891500235,0.058051791,-0.0798134282,-0.0314533487,-0.517092824,-0.1212740168,0.0986430421
1.3994300365,0.0491361283,-0.0427988246,-0.0387316719,-0.4806815684,-0.1312763095,0.1432243586
1.4093359709,0.0501047038,-0.0138585642,0.012674354,-0.420891434,-0.1339583099,0.1400226504
1.4193580151,0.0590931438,0.0043499996,0.0691974983,-0.3291364908,-0.1333921254,0.1038984582
1.429469943,0.0717482269,0.0074716141,0.055860959,-0.2776094377,-0.1638262123,0.0868829861
1.4396510124,0.073864907,0.0007284212,0.0244217142,-0.2924070358,-0.1777012795,0.0943124071
1.4496020079,0.0520428084,-0.019340165,0.0099640712,-0.3639236093,-0.1749411076,0.1251232624
1.459586978,0.0180444978,-0.017711468,0.0105242953,-0.4172491431,-0.1774045378,0.1442479491
1.4696910381,-0.0061416361,-0.0004584861,0.0305885896,-0.3946097195,-0.1981502175,0.1867021322
1.4799970388,-0.0094956486,0.0059238006,0.049395524,-0.3516790271,-0.220974043,0.2089776099
1.4898170233,-0.0088858334,0.0112768933,0.0438644513,-0.2769031525,-0.2265712768,0.2270078063
1.4998710155,0.0012439756,0.0177463815,0.0345839486,-0.1999335289,-0.238521412,0.2439710796
1.5099389553,0.0269099735,0.027272217,0.0332317576,-0.156940788,-0.2689598799,0.2375748307
1.5202389956,0.0350202583,0.0368091986,0.0331444368,-0.1224997193,-0.2972394526,0.2481699586
1.5301300287,0.0216422938,0.0424291417,0.0336206779,-0.107478641,-0.3044387698,0.2630274594
1.5402029753,0.0047198799,0.0371572301,0.0381942615,-0.1063113809,-0.3139230907,0.2715167999
1.5502120256,0.0028436452,0.0344940946,0.0105985031,-0.0666149482,-0.3347483277,0.2789274454
1.5605609417,0.0135609182,0.0076459576,-0.0061740056,-0.0652735084,-0.3611602485,0.2948409021
1.5703970194,0.0242399834,0.0003058839,-0.0093848482,-0.1164141297,-0.3690087199,0.2990989089
1.5804259777,0.0260132216,0.0017529058,-0.0258064643,-0.1860177219,-0.3451491892,0.3086846769
1.5904920101,0.0451916121,-0.0044225524,-0.0280181542,-0.1914927214,-0.3325663507,0.2927641273
1.6009060144,0.0829323232,-0.0251377299,-0.027140893,-0.1892727166,-0.3398293257,0.3150576949
1.6106579304,0.1227772534,-0.0128610209,-0.0183273926,-0.1996056736,-0.3751372695,0.2842513323
1.6206560135,0.132678777,-0.0144736841,-0.0018940346,-0.2401443124,-0.3789306581,0.2449731678
1.6307579279,0.1204236448,-0.0241516307,-0.0205957666,-0.2916435003,-0.352984339,0.224824816
1.6412760019,0.107093364,-0.0366838053,-0.0427275077,-0.3698581457,-0.3229649365,0.2142416835
1.6509109735,0.1054681242,-0.0433752611,-0.0587697402,-0.4543546438,-0.3046666682,0.2047172189
1.6609790325,0.0999285877,-0.0520138815,-0.0677206293,-0.564425528,-0.2896701694,0.2111234516
1.6711019278,0.0834124982,-0.0595076755,-0.0689749494,-0.6747139096,-0.2534875274,0.2122306526
1.6814079285,0.0664549172,-0.0550211146,-0.0712262169,-0.7402066588,-0.2136479467,0.226070568
1.6912870407,0.0608995818,-0.0385791734,-0.0701024905,-0.7362117171,-0.1859404296,0.2388239205
1.7012560368,0.0630434453,-0.0229759887,-0.0670335665,-0.6905280948,-0.1653874815,0.2377607822
1.7112669945,0.0682975352,-0.0113464668,-0.0632542744,-0.6360492706,-0.1714030951,0.2186318934
1.7215750217,0.081659168,-0.0106248334,-0.0801445618,-0.5964877009,-0.1796431839,0.2037525475
1.731408,0.095156163,-0.0090010837,-0.0916819945,-0.5654507279,-0.189026624,0.1878138632
1.7415280342,0.0980292261,-0.0162147954,-0.0901481286,-0.5194960237,-0.1961359382,0.1750570536
1.7515879869,0.1000597179,-0.0264126733,-0.0784591809,-0.4661893845,-0.1915371269,0.1580575109
1.7618899345,0.0847655237,-0.0212747529,-0.0653418675,-0.3914057016,-0.2005790919,0.135736227
1.7718310356,0.064673394,-0.0259433463,-0.0388622656,-0.3048819005,-0.2082769573,0.1410188675
1.781883955,0.0416046046,-0.0257256702,-0.0204402581,-0.2268249094,-0.2223536372,0.1558572054
1.7918590307,0.015466419,-0.0166666582,0.0005609616,-0.1499311179,-0.2268905193,0.1707005203
1.8021240234,-0.0079060523,0.0041695763,0.0008703097,-0.0891266167,-0.2230446488,0.1908611804
1.8120369911,-0.0079946248,0.0261005089,-0.0147962943,-0.047436744,-0.2289290428,0.2088978589
1.8220900297,0.0073719886,0.0248860046,-0.0204190388,-0.0323829614,-0.2393116355,0.2237540334
1.8321509361,0.0216602944,0.0111407563,-0.0203191414,-0.0441017747,-0.2415782511,0.217385605
1.8424509764,0.0244041346,-0.0046883295,-0.020627059,-0.0591928437,-0.2268823981,0.2131495774
1.8522819281,0.0282079838,-0.0186329558,-0.0291880742,-0.0804291293,-0.2376645505,0.2152727246
1.8623390198,0.0409301184,-0.0297385529,-0.034069933,-0.0994440988,-0.2569096088,0.2184533328
1.8724399805,0.0420521758,-0.0302443579,-0.0344416276,-0.1449829042,-0.2912009358,0.228004694
1.8827300072,0.0316679738,-0.0250832513,-0.017521061,-0.1844485402,-0.2937093675,0.221642673
1.8925700188,0.0107561024,-0.0239955857,-0.0084929839,-0.2282578945,-0.2888136208,0.2174084485
1.9026190042,0.0123141082,-0.0112221316,-0.0103520527,-0.248610571,-0.2815982997,0.2121082246
1.9126969576,0.0293228291,-0.0031490994,-0.0199922696,-0.2463845015,-0.2900344729,0.2174138427
1.9229999781,0.0500947498,0.0031074809,-0.0275359526,-0.2356604934,-0.2952532172,0.2163467109
1.9327709675,0.0707966387,0.0065432121,-0.0279221907,-0.2161832154,-0.3227255642,0.2078323215
1.9428730011,0.0874859989,0.0148978755,-0.0328426734,-0.1977858245,-0.3480242789,0.2088768184
1.9528919458,0.0963598192,0.0164404437,-0.0482827201,-0.1879708171,-0.3680171072,0.2216066569
1.9632539749,0.0963623822,0.0151442215,-0.0404408351,-0.1931301653,-0.3849636018,0.2332792878
1.9730119705,0.0865987241,0.0148393437,-0.0238595381,-0.1930590421,-0.3912183344,0.2502644658
1.9831370115,0.068937093,0.0272048637,-0.0208361521,-0.1567564309,-0.3918378055,0.2693673074
1.9931550026,0.0560316704,0.0503938124,-0.02596692,-0.0596444607,-0.389762789,0.2948272824
2.0034899712,0.0526492856,0.0728471205,-0.0370931998,0.0205856599,-0.4069138169,0.3234669268
2.0133070946,0.0588336848,0.0955442712,-0.038833715,0.0687468797,-0.4190601707,0.3489317
2.0234069824,0.0648647845,0.0969972536,-0.0509752408,0.0752364695,-0.4262720048,0.3733478189
2.0334191322,0.0677795708,0.0840514824,-0.0552377477,0.0699080378,-0.4262073636,0.3903375566
2.0440089703,0.0677647293,0.0730912015,-0.0577072874,0.07304658,-0.4186000526,0.4137001336
2.0537829399,0.0753730237,0.0574967787,-0.0581717864,0.0922638923,-0.4171506166,0.4476744831
2.0636940002,0.0876758993,0.0460246131,-0.0573866144,0.095742248,-0.4435092509,0.468896389
2.0736699104,0.0842060745,0.0463690087,-0.0400321856,0.0873172879,-0.4540819824,0.485880971
2.0840611458,0.0600487255,0.0410656855,-0.0218546167,0.0531931408,-0.4552681744,0.5124340057
2.0938200951,0.0367251299,0.0436844155,-0.0029494539,0.0255410057,-0.4638946652,0.5283637047
2.1038970947,0.0182373188,0.0464279577,0.0159864053,0.03624212,-0.4658126831,0.5453488231
2.1139521599,0.011462179,0.0560602471,0.0146845207,0.0620089993,-0.4803315997,0.562323153
2.1242580414,0.0133679779,0.0717182085,0.0098607168,0.0920750275,-0.4968389273,0.594161272
2.1341459751,0.0190210007,0.073041372,-0.000519313,0.1091562733,-0.4954217076,0.6260122657
2.1441659927,0.0293590687,0.0610322282,-0.0165432468,0.1274130344,-0.5045561194,0.6652895808
2.1542699337,0.0463049673,0.0396459624,-0.0254807845,0.1489031017,-0.5168810487,0.6992565393
2.1645729542,0.0543523692,0.0213907883,-0.0331855789,0.1820991486,-0.5270913243,0.7162317634
2.1744179726,0.0496014617,0.01599323,-0.027971305,0.2163038254,-0.5320352316,0.7257762551
2.1844511032,0.0459021591,0.0106736943,-0.0244626179,0.2250006497,-0.5478757024,0.7257661819
2.19454813,0.0452165268,0.0034199285,-0.0199142471,0.1920482814,-0.5609112382,0.7236450911
2.2048511505,0.0380050801,-0.0050596665,-0.0167854205,0.1281473339,-0.5742163658,0.7215310335
2.2146589756,0.0259817503,-0.0155202821,-0.0051518455,0.0791443586,-0.5831615925,0.7172924876
2.2247080803,0.016018834,-0.0279465392,-0.001398243,0.0739035308,-0.5927710533,0.7151654363
2.2348060608,0.009955612,-0.0285620764,-0.0052404776,0.1123363227,-0.593377471,0.7332046628
2.2450740337,0.0067175296,-0.0152687505,-0.0203568712,0.1785430461,-0.5958164334,0.7586698532
2.2549638748,0.0161502026,-0.0007362437,-0.0340713039,0.2233991921,-0.5985456109,0.7682132721
2.2649769783,0.0236266516,0.0081117079,-0.0329036489,0.2553997338,-0.5972396135,0.7628967762
2.2750239372,0.0233881138,0.0024183916,-0.0393305793,0.2906108797,-0.5969803333,0.7554552555
2.2853598595,0.0193415545,-0.008084543,-0.0437466279,0.2894473374,-0.5874475837,0.7543985248
2.2951879501,0.0212553404,-0.0195846036,-0.0424807444,0.2542235255,-0.5878517032,0.7395416498
2.3052988052,0.0135060819,-0.0311459377,-0.0298656598,0.224145785,-0.5690976977,0.7268170714
2.3153171539,0.0010096101,-0.0447548106,-0.0213271752,0.2218928635,-0.5574946404,0.719391644
2.3255910873,-0.0044923159,-0.048673518,-0.0147301927,0.2261895984,-0.5606887937,0.7119563818
2.3354988098,-0.0010208221,-0.043884106,-0.0109212771,0.216673255,-0.5692545176,0.7130171061
2.3455049992,0.0054379371,-0.0390711501,-0.0139194503,0.2081916183,-0.5746064186,0.7172637582
2.3555819988,0.0071024564,-0.0448982194,-0.0246388093,0.2072090358,-0.5830750465,0.72150594
2.3658680916,0.0088003548,-0.0457381681,-0.0264819041,0.222190395,-0.5872024298,0.7193765044
2.3757691383,0.0095898779,-0.0329282358,-0.019522883,0.2158368677,-0.5926330686,0.7087578773
2.3857579231,0.014480737,-0.017299898,-0.0223078504,0.2095454186,-0.6044362187,0.6970738173
2.3958878517,0.0126328142,-0.0153344348,-0.0242017284,0.1955827922,-0.5961530209,0.684340477
2.406170845,0.0138774784,-0.0183705166,-0.0359678045,0.1741273105,-0.5858125091,0.6716095209
2.4160318375,0.0172137879,-0.0205612853,-0.0352684036,0.146435231,-0.5925593972,0.650377214
2.4260489941,0.0197038315,-0.0296428874,-0.0209557191,0.1442951113,-0.5926541686,0.6386979222
2.4361901283,0.0174159668,-0.0426489785,-0.0153386965,0.1432913393,-0.5990293622,0.6386947036
2.4465069771,0.0113043459,-0.0468878821,-0.0194399729,0.1550521255,-0.6010349393,0.640814364
2.4562578201,0.0033321052,-0.0481726602,-0.0224898234,0.172170788,-0.6051163077,0.6429319382
2.4663169384,-0.0016340347,-0.0435835794,-0.0274161473,0.1828426123,-0.6050161719,0.6439910531
2.4764280319,-0.002584669,-0.0272843316,-0.0283740535,0.1977441162,-0.6017502546,0.6365553737
2.4866900444,0.0014670162,-0.0168193057,-0.0291863456,0.2275651246,-0.5962534547,0.6259325147
2.4965939522,0.01245555,-0.011153765,-0.028873004,0.2520760596,-0.5928699374,0.6238043904
2.5065729618,0.0195415877,-0.0082960799,-0.0392859951,0.2754202783,-0.5787956715,0.6354852915
2.5165758133,0.022671964,-0.0188408569,-0.0467834845,0.2882160544,-0.5776159763,0.6365445852
2.5269460678,0.0170337223,-0.0370620564,-0.0435301438,0.311557591,-0.5635763407,0.6429165006
2.5368680954,0.0114242109,-0.0425267294,-0.0510148183,0.3115513623,-0.5624457002,0.6535347104
2.5468568802,0.0077934531,-0.0430155173,-0.0516981259,0.3050841391,-0.5549430847,0.6737142801
2.556992054,-0.0017099114,-0.0511771515,-0.0476272479,0.2986460328,-0.55071491,0.6800903082
2.5672140121,-0.0141281215,-0.0505575612,-0.0476730242,0.2792172134,-0.528560102,0.6864770651
2.5770800114,-0.0167512037,-0.0392703786,-0.0362353697,0.2621281743,-0.5276822448,0.6811722517
2.5871248245,-0.0094839064,-0.0299634114,-0.0286708251,0.2685272098,-0.5276747942,0.6737380624
2.5972681046,-0.0089407293,-0.0274390057,-0.0278298631,0.2728170156,-0.5297595263,0.6737359166
2.6075000763,-0.006395373,-0.0189917758,-0.0240728632,0.2834851146,-0.529707849,0.6673624516
2.6173939705,-0.0037461848,-0.0173136964,-0.0270591751,0.2824288607,-0.5307355523,0.6737319231
2.627409935,0.0019371776,-0.0214450136,-0.036818184,0.2856302559,-0.5307075977,0.6737311482
2.6375360489,-0.002161178,-0.0293844417,-0.0349933282,0.2855048478,-0.5179835558,0.6726768017
2.647755146,-0.0091555445,-0.0334330872,-0.0313543454,0.2874692082,-0.5009819269,0.6737465858
2.6576218605,-0.0121782152,-0.0433515087,-0.0356154814,0.2905965745,-0.4935271442,0.6737496853
2.6676559448,-0.0181391574,-0.0532099083,-0.0332307592,0.3149067163,-0.4699637592,0.6748170853
2.6778011322,-0.020182047,-0.0561486259,-0.0328334346,0.3255673647,-0.4687668681,0.6811846495
2.6878359318,-0.0143318502,-0.0425016657,-0.0236996189,0.3234426975,-0.4698603749,0.6790610552
2.6977629662,-0.0162691809,-0.0268465057,-0.0057867542,0.3554129004,-0.4653505683,0.67693156
2.7077739239,-0.0200369693,-0.0207522288,-0.004267849,0.4013431072,-0.4691799283,0.6790415645
2.7182388306,-0.0188464262,-0.007615603,-0.0035351887,0.4483745992,-0.4761766493,0.6822121143
2.7282838821,-0.0155822961,-0.0068393718,-0.0171277896,0.5241774917,-0.4786355495,0.6917478442
2.738161087,-0.012298259,-0.017282553,-0.0314259306,0.5658164024,-0.4791872799,0.7140344381
2.7482140064,-0.0050900313,-0.0205841437,-0.0300634876,0.5733773708,-0.4875338972,0.725708127
2.7583408356,-0.004670653,-0.0305603221,-0.0238551274,0.5818630457,-0.4821692109,0.7235861421
2.7685639858,-0.0110322563,-0.0424807146,-0.0236099139,0.6010357141,-0.478866905,0.7161503434
2.7784628868,-0.0133495657,-0.049519904,-0.0214598551,0.6010782719,-0.4830966592,0.7182714343
2.7884521484,-0.013618025,-0.0518017188,-0.0174745694,0.5296568274,-0.4911274314,0.721470952
2.7985510826,-0.0215688683,-0.0525352433,-0.0245253816,0.4644509256,-0.4811199605,0.7161828279
2.8088378906,-0.0304614641,-0.0710447803,-0.0318456665,0.387530297,-0.4733307362,0.7119590044
2.81873703,-0.0265997984,-0.0644541457,-0.0130783096,0.3629266918,-0.4683232009,0.6992262006
2.8287658691,-0.0265007354,-0.0580146983,-0.0265921131,0.3575084805,-0.4598471522,0.7045407891
2.8388791084,-0.0225286819,-0.0427412763,-0.0392969027,0.3499500751,-0.4503375292,0.7087965608
2.8490760326,-0.01950619,-0.0351759568,-0.0462584868,0.339187175,-0.4408262968,0.7172984481
2.8590149879,-0.0155343143,-0.0381914452,-0.0484177843,0.356139034,-0.4290185869,0.7151750326
2.8690080643,-0.0115237562,-0.0400540009,-0.0388984457,0.4169403315,-0.4264137447,0.7077282667
2.8791408539,-0.011347088,-0.0299704447,-0.0380448475,0.4819901288,-0.4204861522,0.7162105441
2.8893840313,-0.0140509931,-0.0213658586,-0.0341678634,0.5587360263,-0.4113546908,0.7119483948
2.8992879391,-0.0196636058,-0.0289371386,-0.0311935917,0.6483709812,-0.410577476,0.7108630538
2.9092731476,-0.023207102,-0.0291953757,-0.0339130536,0.7358962893,-0.4107425809,0.7310149074
2.9194121361,-0.0158578493,-0.0241674557,-0.030544199,0.7840641737,-0.4251906872,0.7288715243
2.9296309948,-0.0171671845,-0.0219089165,-0.0291049853,0.8160620928,-0.4239193201,0.7182460427
2.9395141602,-0.0242377855,-0.0313914791,-0.0336288586,0.7882249355,-0.4157566726,0.7055155635
2.9495840073,-0.0224516727,-0.0450673774,-0.0305642858,0.7454172969,-0.4057272077,0.6736774445
2.9596681595,-0.0244921781,-0.0738171712,-0.0384920016,0.6972062588,-0.3882485628,0.6524629593
2.9700069427,-0.0255221464,-0.0875399783,-0.0526192561,0.6254710555,-0.3667720556,0.6248851418
2.9800648689,-0.0226517059,-0.0988671854,-0.0553963557,0.5559366941,-0.3516438603,0.5973044634
2.9899029732,-0.0207053758,-0.1098345593,-0.0691705719,0.4703858197,-0.3355450332,0.5771600604
2.9999120235,-0.0217463709,-0.1068174317,-0.0618620887,0.3944308758,-0.3194518685,0.5432094336
3.0102109909,-0.0227715708,-0.1053662077,-0.0606719628,0.3377249837,-0.3062774837,0.5241180062
3.0201089382,-0.0208299495,-0.0974752977,-0.0508129969,0.2811567783,-0.3068745136,0.5082041621
3.0301299095,-0.0257745124,-0.0860184208,-0.0324280038,0.2446198016,-0.2829129696,0.4891130626
3.0402219296,-0.0375665165,-0.0816596821,-0.0298049822,0.2188800275,-0.2716251612,0.4647041261
3.0504641533,-0.0356111266,-0.0677339807,-0.0222776309,0.2348747104,-0.2716446221,0.4402786791
3.0603740215,-0.0316389538,-0.0518248454,-0.0157255903,0.2701057792,-0.2735353112,0.4285891354
3.0703988075,-0.0265711881,-0.0405586734,-0.0197512284,0.3224472702,-0.2783974409,0.4264498353
3.080518961,-0.0234110095,-0.0377377644,-0.0315106884,0.3758093715,-0.2779049873,0.4306849539
3.0908069611,-0.0290671326,-0.0325976983,-0.0286851302,0.4376804531,-0.2752561867,0.4285469949
3.1005499363,-0.0337260701,-0.0348756984,-0.0307167545,0.5038127899,-0.2714605033,0.4338409603
3.1106460094,-0.035460148,-0.0348475054,-0.0298878923,0.5485821366,-0.2657224536,0.4402032495
3.1206829548,-0.038206134,-0.0356274024,-0.0232882872,0.5762218833,-0.2560129762,0.4274582565
3.1310110092,-0.0389914848,-0.0383607522,-0.0089881793,0.5825580359,-0.249625653,0.4221508503
3.1408791542,-0.0358568765,-0.042282708,-0.0016142502,0.5580545664,-0.2541188896,0.4168460369
3.1509308815,-0.0414836146,-0.044603236,0.0085968599,0.5301611423,-0.2406928241,0.397747457
3.1609840393,-0.0480549671,-0.0491927341,0.0030921325,0.4831585586,-0.2369064689,0.3903277516
3.1712620258,-0.0409038402,-0.0532631055,0.0024757013,0.4276705384,-0.2385560274,0.3744140565
3.1811380386,-0.0317606069,-0.0693769827,0.0057533011,0.3796432614,-0.2390870005,0.3574379086
3.191172123,-0.034294758,-0.0820663646,-0.0037070885,0.314509511,-0.2365625799,0.343652308
3.2012491226,-0.0299851634,-0.0718810633,-0.0044998899,0.2825221419,-0.241301015,0.3107424676
3.2114830017,-0.0325260498,-0.0745816007,-0.0043514147,0.2878391445,-0.2402972728,0.2948146164
3.2213850021,-0.0360234119,-0.0675668195,-0.0150144473,0.3038028181,-0.2359416783,0.2905660868
3.2314138412,-0.0366258956,-0.0584942177,-0.0208604708,0.3411113322,-0.2325501442,0.2725077271
3.2415499687,-0.0421179868,-0.0588953868,-0.0189143792,0.3987089396,-0.2299582213,0.2671841979
3.2518348694,-0.0436513759,-0.0453892425,-0.0296820775,0.4510760009,-0.2368869632,0.2735382318
3.2616679668,-0.0403131582,-0.0353284851,-0.0268026367,0.4809656143,-0.2377080768,0.2703451812
3.271723032,-0.0447677709,-0.0387052372,-0.0239332095,0.5054770708,-0.2343176156,0.2692788541
3.2818078995,-0.0482624508,-0.0439480618,-0.0240980759,0.5213904977,-0.2246153802,0.2714037001
3.2921149731,-0.0429594852,-0.0394472554,-0.021365203,0.5139477253,-0.2279259562,0.2618477345
3.3019490242,-0.0316756107,-0.0361452177,-0.0273024812,0.4894310534,-0.2313643694,0.2554809153
3.3119950294,-0.0262372233,-0.0418658033,-0.0244819298,0.4594683647,-0.2243091315,0.2385032773
3.3220820427,-0.0296620466,-0.0488733724,-0.0246976987,0.4390878975,-0.2150762081,0.2172776163
3.332365036,-0.0261859037,-0.049405314,-0.0307407752,0.434778899,-0.2120412588,0.2002914399
3.3421568871,-0.0197934248,-0.0472159162,-0.0407349244,0.4209364653,-0.2153875232,0.1939230114
3.352257967,-0.0212154724,-0.0461214855,-0.0478388444,0.3899157047,-0.2082238942,0.1949962676
3.3623459339,-0.0284463502,-0.0548975542,-0.0500098839,0.355830431,-0.2149020433,0.192877993
3.3726148605,-0.0398029424,-0.0734658614,-0.0387559906,0.3447468877,-0.1735745668,0.1992722452
3.3826141357,-0.0365712978,-0.0716203228,-0.0305847302,0.3394879401,-0.1809707135,0.210948348
3.3926160336,-0.0195644237,-0.0483567193,-0.0301692858,0.321431458,-0.1896241158,0.2098868042
3.4026579857,-0.0172171332,-0.0514310077,-0.0238846913,0.3032254279,-0.1834660172,0.2024629116
3.4129500389,-0.0237471201,-0.0595809594,-0.0108704939,0.2764119208,-0.1710639447,0.1876107305
3.4227199554,-0.0194436647,-0.0456146672,-0.0036559477,0.2808571458,-0.1891404092,0.1759213209
3.4328289032,-0.0081559746,-0.0374338105,-0.0030789152,0.3108614087,-0.2016530037,0.1695366651
3.4428579807,-0.00748584,-0.0231911913,-0.0034211054,0.3686457872,-0.2182214111,0.1546472609
3.4532160759,-0.0205377676,-0.0248846486,-0.0009775534,0.4570736587,-0.2025244683,0.1652506292
3.462998867,-0.0287400819,-0.0211446956,-0.004560627,0.5350242257,-0.2060195953,0.175847888
3.4731268883,-0.0262324549,-0.0092406049,-0.0004721061,0.5862320065,-0.2033601552,0.1896395981
3.4831171036,-0.0237295367,-0.0086737052,-0.0023069754,0.6161161065,-0.203050971,0.1970650107
3.4934909344,-0.0251490213,-0.0243826583,-0.0110872164,0.636300981,-0.1932556033,0.2076827735
3.5032658577,-0.0236900784,-0.0312753394,-0.0092780963,0.6267132759,-0.1943100691,0.221487686
3.5133581161,-0.0164382197,-0.0228270963,0.0002522095,0.5796988606,-0.1895121187,0.2066368312
3.5233919621,-0.0121245114,-0.0150396302,-0.0018985644,0.5219687223,-0.1806480587,0.1790507436
3.5337529182,-0.0166802742,-0.0232351199,-0.0099680796,0.4918616712,-0.1586764455,0.1716367602
3.5435371399,-0.0213396288,-0.0365253761,-0.0190804377,0.479983747,-0.1461067945,0.1620874107
3.5536298752,-0.0231446363,-0.0450709835,-0.0292889252,0.4755714238,-0.1312207878,0.1727139503
3.5636601448,-0.0240257122,-0.0447382107,-0.0337825194,0.4712143242,-0.1216191575,0.186523363
3.574007988,-0.0229448415,-0.0500402823,-0.0314668193,0.4680640697,-0.125780344,0.2035108656
3.5837979317,-0.017845843,-0.0474817231,-0.0330135003,0.447902143,-0.1364988387,0.2141292244
3.5939278603,-0.0176197626,-0.0450527146,-0.0325913206,0.4202319086,-0.144161284,0.2151942253
3.6039290428,-0.0183612444,-0.0535093322,-0.0174287334,0.3925382197,-0.1497223079,0.2130746841
3.6142659187,-0.0190476514,-0.0573755577,-0.004146494,0.3305973411,-0.1460812241,0.2035360336
3.6240711212,-0.0235909559,-0.0432761386,-0.0083700791,0.273912251,-0.1350357682,0.1833817661
3.6341991425,-0.025281284,-0.0441893116,-0.0096088424,0.2204492688,-0.1260912716,0.1621638238
3.6442041397,-0.0221232511,-0.0552182868,-0.0185780898,0.1904427856,-0.1136276796,0.1611164063
3.6545579433,-0.0200255848,-0.0614455417,-0.0286538973,0.1924689263,-0.103019774,0.1579357982
3.6643018723,-0.0238706805,-0.0569015518,-0.0340074673,0.1987823993,-0.0933317915,0.1706806719
3.6744718552,-0.0209242441,-0.0434760526,-0.0316567793,0.2082912177,-0.0836919546,0.1717448831
3.6844739914,-0.0122448532,-0.0405277535,-0.0148001686,0.2391821891,-0.0781441852,0.167492494
3.6948409081,-0.0094286529,-0.0412422195,-0.0088020936,0.2776547372,-0.0830790251,0.1727892458
3.7046229839,-0.0055733058,-0.0213822946,-0.0048101321,0.3075439632,-0.0839000121,0.1695960462
3.7147400379,-0.0095286695,-0.0189399049,0.0031019673,0.3129285872,-0.0892138183,0.1610976309
3.7249760628,-0.0164153315,-0.0262659416,0.008088313,0.3128788471,-0.0850526243,0.1483578682
3.7352280617,-0.0262235738,-0.0346124396,0.007214509,0.3096689284,-0.0839918852,0.1526064128
3.7448699474,-0.0320630409,-0.0400440618,0.0015070662,0.3192436695,-0.0807045475,0.1557913423
3.7550058365,-0.032074485,-0.0406531766,0.0025786981,0.3075063229,-0.0807932317,0.157917887
3.7650029659,-0.0341294743,-0.0286529288,0.0025264844,0.3137820959,-0.0679842234,0.1611078233
3.775331974,-0.0343318321,-0.0262839869,0.0033208951,0.316898793,-0.0594613142,0.1621730924
3.7851519585,-0.0346534587,-0.0192107931,0.0118292198,0.3168286085,-0.0531997532,0.1462498456
3.7952189445,-0.0359774567,-0.0307288691,0.0096068606,0.3135510385,-0.0458214656,0.1430689692
3.8052988052,-0.0432106592,-0.0461781248,0.0004829987,0.2793028653,-0.0354479887,0.1526396275
3.8155760765,-0.0495254137,-0.0530091003,0.0049972162,0.2471478581,-0.021969201,0.1473455429
3.8254718781,-0.0470078327,-0.0648869053,-0.0001569167,0.2204817384,-0.0231997129,0.1569066942
3.8354809284,-0.0376326777,-0.0613374338,-0.0062432066,0.1980576515,-0.0223829206,0.1494801939
3.8456149101,-0.0341672041,-0.0589642152,-0.004513599,0.1798922569,-0.0204396788,0.1462999135
3.8558630943,-0.0307239033,-0.0537844375,-0.0047231689,0.1841692924,-0.0214910954,0.1420511007
3.8657288551,-0.0272558071,-0.0554410443,-0.0010042563,0.1788850278,-0.026884729,0.1356794387
3.8757169247,-0.0306511857,-0.0532234535,0.0065918788,0.177866891,-0.0322544612,0.1271826178
3.8858699799,-0.0330129601,-0.0481317267,0.0122968778,0.1671928614,-0.0324107222,0.1176297814
3.8961138725,-0.0304386355,-0.0412069485,0.0092904195,0.171542868,-0.0409099348,0.110191837
3.9060168266,-0.0278351046,-0.0507146642,0.0151419863,0.1780157089,-0.0483221114,0.1038152352
3.9160151482,-0.0281433798,-0.0524865463,0.0131458864,0.1876529008,-0.0514073819,0.1059348509
3.9261550903,-0.0323061682,-0.0493123308,0.0004146918,0.1983400136,-0.0523201153,0.1144264042
3.9363670349,-0.0296303369,-0.0470273569,-0.0035553351,0.2026293129,-0.0544117615,0.1133624762
3.9463019371,-0.0230170824,-0.0447708443,-0.0035748258,0.1877848953,-0.0641124547,0.1101763919
3.9562821388,-0.0163547732,-0.0455309525,-0.0044661537,0.1686069369,-0.0674840212,0.1069941819
3.966422081,-0.0186170675,-0.0386889949,0.0092112646,0.1504028589,-0.0624478534,0.0900121406
3.976817131,-0.0218569376,-0.0360041931,0.0161208138,0.1397922933,-0.0689486265,0.0836407989
3.9865908623,-0.019195471,-0.0392375067,0.0084687695,0.1280813068,-0.0722681209,0.0783324465
3.9965510368,-0.0223821737,-0.0396963432,-0.0040460005,0.1109300107,-0.0650248528,0.0730314255
4.0066661835,-0.0255954005,-0.0422172025,-0.0077010766,0.1024393514,-0.0704517737,0.0655971393
4.0169258118,-0.0228832103,-0.0457238033,-0.0171717778,0.1152603403,-0.0713386089,0.075149633
4.0268359184,-0.0191859938,-0.0345046297,-0.0218185559,0.1238803342,-0.0786442608,0.082578063
4.0368232727,-0.0174159743,-0.0202528909,-0.0128092542,0.1325100362,-0.088160269,0.0762003213
4.0469617844,-0.0166434385,-0.0205969289,0.0001352652,0.1454163343,-0.0987061933,0.0687584504
4.0571761131,-0.0207091905,-0.0296441391,-0.0005847589,0.1582341343,-0.0996345729,0.071940124
4.0670938492,-0.0266874172,-0.0347974375,-0.0081096664,0.1539799869,-0.1007341817,0.0719419941
4.0770139694,-0.0286677815,-0.0379949883,-0.0184989348,0.1550636292,-0.1017097011,0.0836210176
4.0872330666,-0.0277406313,-0.0440211371,-0.0142666474,0.1474911571,-0.092223525,0.0836252794
4.0974607468,-0.0268628933,-0.0393513218,-0.0101123229,0.1559770405,-0.0868162438,0.0878730193
4.1073050499,-0.0220446922,-0.0298557654,-0.0049475804,0.1442609727,-0.0890696049,0.0836288035
4.1173548698,-0.0163317658,-0.0322387889,-0.0066055432,0.1377772391,-0.0817815959,0.0708925053
4.1274967194,-0.0175662376,-0.0483211055,-0.0122361556,0.1355759054,-0.0754330903,0.0708950981
4.1377129555,-0.0187762119,-0.053658016,-0.010091342,0.1334533542,-0.0764988884,0.0730187073
4.1475939751,-0.0209350921,-0.0501575246,-0.0128444806,0.1494478434,-0.0742188916,0.0762037858
4.1576371193,-0.0201573707,-0.0474302247,-0.0019896403,0.1654377282,-0.0719016716,0.0846952721
4.1677627563,-0.0164097287,-0.0367738679,0.0019693002,0.1879052073,-0.0780697539,0.0846842825
4.1779937744,-0.0155546991,-0.0300035551,-0.003820397,0.1911348253,-0.0812732652,0.0772492737
4.1878819466,-0.0196425058,-0.0310712531,-0.0076817647,0.1847192645,-0.0791960061,0.0793782026
4.19789505,-0.0257301666,-0.039941825,-0.0096151009,0.173889786,-0.063353397,0.0825742632
4.2080411911,-0.0279691555,-0.0448682085,-0.0087316409,0.1748483181,-0.0526763797,0.091071479
4.2182660103,-0.023363743,-0.0419256762,-0.0078705326,0.172674641,-0.048409462,0.097444959
4.2280640602,-0.0158954598,-0.0273043588,-0.0032110587,0.1811016798,-0.0377947651,0.0868307948
4.238240242,-0.0133592216,-0.0186201409,-0.0063984767,0.1682961285,-0.0379066207,0.0868339911
4.2483248711,-0.0099241463,-0.0149055198,-0.0037396923,0.1650075912,-0.0295241196,0.0751606226
4.2585391998,-0.012383732,-0.0219396427,-0.0050143376,0.176768899,-0.0315228254,0.0783420354
4.2683739662,-0.0118412105,-0.0259805396,-0.0140420571,0.1746027172,-0.0282659773,0.09214513
4.2784371376,-0.0103054373,-0.0260602906,-0.020184435,0.1819857955,-0.0197334755,0.0889621228
4.2885451317,-0.0127150742,-0.0424297526,-0.0176464692,0.2012397051,-0.0226112884,0.1101928428
4.2988119125,-0.0033010573,-0.035312213,-0.0180549398,0.2141107619,-0.0288446825,0.1133718565
4.3086791039,0.0002126365,-0.0184140876,-0.0078177825,0.2301776111,-0.0350979194,0.1091167927
4.3186860085,-0.0030856461,-0.0122216716,-0.0063474551,0.2408712655,-0.0371128656,0.1112366691
4.3288488388,-0.0073496434,-0.0109007433,-0.0097494498,0.2452106774,-0.0445653237,0.1016760543
4.3390660286,-0.007675502,-0.021203585,-0.0101895705,0.244137153,-0.0434582457,0.1101712659
4.3489518166,-0.0040278765,-0.0245715454,0.0011305435,0.2560362518,-0.0592639744,0.1112222821
4.3589510918,-0.0081317155,-0.0337549523,-0.0012036934,0.264452368,-0.046367351,0.1250299811
4.3691000938,-0.0131614534,-0.0368916467,-0.0046153441,0.2709538341,-0.0558116511,0.1324558705
4.3793449402,-0.0073844525,-0.0399481729,-0.0011508837,0.2763502002,-0.0609731264,0.1473170966
4.3892087936,-0.0015560122,-0.0371265486,-0.0005904809,0.2743587792,-0.0747579113,0.151558727
4.3992171288,-0.0025262565,-0.0304316953,0.0038843974,0.2861685753,-0.0821239501,0.1451812536
4.4093251228,-0.0024622411,-0.0276320055,0.0103801116,0.2776728272,-0.0864420608,0.1451807916
4.4196009636,-0.0023775429,-0.0112891272,0.0198307857,0.2564122975,-0.0951580554,0.1388110369
4.4295220375,-0.0002841683,-0.0069208811,0.0158243999,0.2137769759,-0.1009129435,0.127140075
4.4395141602,-0.005086455,-0.022277303,0.012900196,0.1827402264,-0.0927575529,0.1175958291
4.4495801926,-0.0118744103,-0.0378010049,0.0090711936,0.1699700952,-0.0971250758,0.1154710874
4.4599099159,-0.0127368299,-0.0377878025,-0.0045109764,0.1817010492,-0.095919989,0.1218395084
4.4697060585,-0.011611375,-0.0345374718,-0.0143452063,0.2201799601,-0.0996149331,0.154744789
4.4797768593,-0.004500899,-0.0260449722,-0.0144729987,0.2619167566,-0.1109016687,0.1579139531
4.4898290634,-0.0012951227,-0.0229854956,-0.0011369364,0.3185528815,-0.1177933291,0.1642671376
4.5001897812,-0.0038976998,-0.0167195871,0.0022855625,0.3581490517,-0.1279823184,0.1759317815
4.5099959373,-0.0024883479,-0.0005588603,0.0046906099,0.3763186932,-0.1310198456,0.1738011688
4.5201120377,-0.008861932,0.0011521506,0.0060546026,0.3987598419,-0.1340140402,0.1727321744
4.5301299095,-0.0122455684,-0.0086199716,0.007394515,0.4062742889,-0.1381650567,0.1769753397
4.5404191017,-0.0096565811,-0.018336542,0.0058720931,0.421323806,-0.1486030519,0.1833370924
4.5503458977,-0.0109085171,-0.0250935629,-0.0034513846,0.4330844283,-0.1506157368,0.1843950301
4.5603699684,-0.014056596,-0.0201677158,-0.0138047114,0.4342048168,-0.1559114307,0.1843921095
4.5704021454,-0.0163197257,-0.0221118405,-0.0173529163,0.4224210083,-0.1518187374,0.176964879
4.5806980133,-0.0205930807,-0.0300455764,-0.0091516152,0.3915344775,-0.1585035473,0.1695367843
4.5905098915,-0.0200380422,-0.0315412655,-0.006672062,0.3711262643,-0.146074906,0.1504374593
4.6005811691,-0.0244805552,-0.042794086,0.0045110807,0.3646670282,-0.1396678686,0.165307492
4.6106729507,-0.0200133063,-0.03761179,0.0011487827,0.3326395154,-0.1388783157,0.166376546
4.6209697723,-0.0174744464,-0.0364024714,0.0017634853,0.3027876019,-0.1411782205,0.1791245639
4.6308507919,-0.011998388,-0.0451458171,0.0045039281,0.2674873173,-0.1341902167,0.1589627117
4.6408872604,-0.0163309313,-0.052253671,0.0024997219,0.2183647603,-0.130271107,0.1749041229
4.6509370804,-0.0128476946,-0.0420406535,0.0044644699,0.2033065557,-0.1187514663,0.1717284322
4.6612358093,-0.0093331663,-0.0404440537,0.0093091354,0.2119181454,-0.1249044314,0.1929591596
4.6710801125,0.0002008347,-0.017382212,0.0034510717,0.2141801268,-0.1376391351,0.1897673607
4.6810941696,-0.0039872262,-0.003081627,-0.0024739876,0.2173112035,-0.13132824,0.1770281345
4.691215992,-0.0132237999,-0.0189776793,-0.0006208793,0.2182789445,-0.1218255609,0.1685385108
4.7015237808,-0.0165353157,-0.0271053389,-0.0134289637,0.224644959,-0.117449455,0.1802188754
4.7113218307,-0.017928753,-0.0233863369,-0.0195662156,0.2352566868,-0.1109063923,0.1929602921
4.7214288712,-0.0241759159,-0.018453069,-0.0210029259,0.2628928423,-0.0988891423,0.2088862658
4.7314958572,-0.0236040689,-0.0172194615,-0.0176865831,0.2831946909,-0.1008074209,0.2131284177
4.7417850494,-0.0210528113,-0.0168478563,-0.0163988248,0.2949538827,-0.1028338224,0.2120626122
4.7516412735,-0.0195157267,-0.0214091018,-0.0072484985,0.2864250243,-0.1039471552,0.2152481526
4.7617068291,-0.0228845812,-0.0202131048,0.0106796846,0.2682433426,-0.0998339057,0.2195020318
4.7717461586,-0.0212853886,-0.0113874152,0.0180064067,0.2426678091,-0.1044058129,0.2035795748
4.7819848061,-0.018728707,-0.0076509188,0.0137456879,0.2394605577,-0.1045099497,0.1919005513
4.7938680649,-0.0229680873,-0.0136467591,0.0065620765,0.2469819784,-0.1086278632,0.2014542371
4.8018188477,-0.0223378278,-0.0195314363,0.0090815052,0.2565200925,-0.102205649,0.1972078234
4.8125920296,-0.0266232826,-0.0254728869,0.0066855773,0.2533168495,-0.1022400707,0.196146369
4.8229060173,-0.0279818512,-0.0207358077,0.0013100132,0.2618080676,-0.0979630277,0.1897755563
4.8326931,-0.0313432552,-0.0168846026,0.0007189139,0.2746527493,-0.1021081731,0.1876457483
4.8422431946,-0.0278433301,-0.0168463364,-0.0048040524,0.2864241898,-0.1051748022,0.1897648275
4.8522949219,-0.0263040401,-0.0168144479,-0.0005855933,0.2779559195,-0.1127170101,0.1833914816
4.862434864,-0.0238210894,-0.0207428113,0.003688179,0.2768637538,-0.1106527969,0.175960198
4.8722901344,-0.0222906806,-0.0247314349,0.0089656338,0.2726637721,-0.1170435175,0.178082943
4.8823137283,-0.0167630054,-0.0218612626,0.0152506456,0.2780734301,-0.124430865,0.1770160794
4.8924088478,-0.0121690361,-0.0238032117,0.0136961564,0.3016238213,-0.1316737831,0.1738212854
4.9027209282,-0.0153180687,-0.0295618847,0.0052711591,0.3091075718,-0.1326279938,0.1801896989
4.9125189781,-0.0164900757,-0.0216400698,0.0026509389,0.3123263419,-0.1336278915,0.1854988486
4.922618866,-0.0176610686,-0.0234236792,2.94074e-05,0.315474987,-0.1282879859,0.1865625083
4.9326939583,-0.0178653337,-0.0320153609,-0.0016296284,0.3059072495,-0.1325923204,0.1897453815
4.9429278374,-0.0141296117,-0.0367382541,0.0006458982,0.2973792553,-0.1337486655,0.1865615696
4.9528331757,-0.0133571355,-0.0415374115,1.49235e-05,0.2877847254,-0.1349216551,0.1823166311
4.9628429413,-0.0105967848,-0.0396906212,-0.0044308677,0.2676041126,-0.1446616352,0.1801932901
4.9729299545,-0.0068459245,-0.0340668038,-0.007796444,0.2591387033,-0.1522262096,0.1706361473
4.9833459854,-0.00108144,-0.0381819084,-0.0159957185,0.2676390111,-0.1478314698,0.1823159754
4.9930686951,0.0017760067,-0.0276033953,-0.0154955164,0.2741171122,-0.1551672667,0.1876189858
5.0033321381,0.0036572486,-0.0237406567,-0.0062601939,0.2858645916,-0.1561465114,0.1844301224
5.0133638382,-0.000296864,-0.0324873999,0.0039653406,0.279536128,-0.1636578143,0.1801814437
5.023648262,-0.0032788843,-0.0297097638,0.0063963756,0.2708973885,-0.1542595327,0.1685085446
5.0334796906,-0.0181079246,-0.0338265374,-0.0020120516,0.2739694417,-0.1415061206,0.1674520075
5.0435800552,-0.0231414177,-0.0339882448,-0.0094747916,0.2771676481,-0.1403202116,0.1823169738
5.0535850525,-0.0174005367,-0.0292058662,-0.0091485754,0.2867321968,-0.1359506994,0.1886874437
5.0639748573,-0.017543409,-0.026200898,0.0056782588,0.307072103,-0.1421326995,0.1897410005
5.0737490654,-0.0195459463,-0.022181578,0.0028816089,0.3241486847,-0.1419133246,0.2003537565
5.0838928223,-0.0205657817,-0.0209650472,-1.70842e-05,0.3337123394,-0.1375577152,0.2046007067
5.0939970016,-0.0235473253,-0.0196471289,-9.74313e-05,0.3336726725,-0.133300513,0.2067271024
5.1042547226,-0.0265866853,-0.010576196,0.0085380897,0.3293173611,-0.1248705462,0.2035470307
5.1140232086,-0.0266463496,-0.0063346694,0.0162165985,0.3346779644,-0.1268832386,0.2131004483
5.1241540909,-0.0227090456,-0.0040234397,0.0151642188,0.3379171789,-0.1311616004,0.2035412937
5.1341657639,-0.0246801712,-0.0066684554,0.0072402582,0.3431897461,-0.1247777343,0.1992970109
5.1444439888,-0.0325879194,-0.0063417028,0.0001212581,0.3451913595,-0.1108898818,0.2109832317
5.1543650627,-0.0366422273,-0.0020181013,0.0085205063,0.3439380229,-0.0917319655,0.2216111869
5.1642870903,-0.0377669074,-0.0025356484,0.0090401992,0.3384708166,-0.0778955147,0.2354228646
5.1744570732,-0.0261479355,-0.0020800901,0.0164639577,0.3246398866,-0.0822746158,0.2333006561
5.1846981049,-0.0204398371,-0.0027808023,0.0171031579,0.3215024173,-0.089868091,0.2120616734
5.1946487427,-0.0197244026,-0.0191976503,0.0089846477,0.316054076,-0.079394944,0.1982651651
5.2046179771,-0.0230482556,-0.0337472036,0.0115686283,0.3086438179,-0.0858816057,0.189769417
5.2147469521,-0.0224442817,-0.0445137098,0.0132674798,0.2979497612,-0.0838665217,0.1876494139
5.2249860764,-0.0257215239,-0.0514962748,0.0091727003,0.2818885148,-0.0787151679,0.1855324656
5.2348508835,-0.0340002514,-0.0507741645,0.0157768354,0.2678843737,-0.0661243498,0.1823561788
5.2448911667,-0.0383743383,-0.0530980304,0.0156437382,0.2540516555,-0.0705241561,0.1770485044
5.2550287247,-0.0350047685,-0.0574379638,0.0213811025,0.2583608329,-0.0748084411,0.165366888
5.2650589943,-0.0286804773,-0.0598840788,0.0174066648,0.2562990189,-0.0822818056,0.1611164808
5.2749042511,-0.0262554027,-0.0390346721,0.0133834705,0.2584391236,-0.0833864883,0.151559189
5.2850570679,-0.0287338831,-0.0288990214,0.0073733553,0.2595025301,-0.0834256336,0.1441263109
5.2954668999,-0.0292862989,-0.026514478,0.005272828,0.2595081627,-0.0844848454,0.1441239715
5.305603981,-0.0318281986,-0.019227691,0.0138578638,0.2572993338,-0.0770764649,0.1441282332
5.3153700829,-0.0353018381,-0.0119694546,0.0156182274,0.2563078403,-0.0844989568,0.1462483704
5.3254990578,-0.0299567915,-0.0095419958,0.0212753639,0.2691304088,-0.0865645036,0.1377497017
5.3354969025,-0.0265690424,-0.0089939907,0.0259030089,0.2831350267,-0.0991839543,0.136679709
5.3458271027,-0.0250465609,-0.0026137305,0.0207670555,0.2971222103,-0.1107684448,0.1313613802
5.3556160927,-0.0254770257,-0.0020328236,0.0048217401,0.3205461502,-0.1052015722,0.1398511976
5.3657417297,-0.0248741247,-0.0050761173,0.0062782392,0.3461892009,-0.1069613919,0.1610797942
5.375731945,-0.0221536495,-0.0088298395,0.0075656995,0.3717959821,-0.1044296548,0.1897440702
5.3861298561,-0.0163551904,-0.0123816803,0.0019068344,0.3835226595,-0.1020804793,0.2088546455
5.3959560394,-0.0164024569,-0.0090168193,0.005873166,0.3856362402,-0.0999044776,0.2141634524
5.406039238,-0.0164097287,-0.0057379673,0.0020987615,0.3568445444,-0.1022850722,0.2131077796
5.4160408974,-0.0135268299,-0.006613798,-0.0004381315,0.3076901436,-0.0964109451,0.203567788
5.4263620377,-0.0196976401,-0.0146622136,0.0158003196,0.2520460486,-0.0832964778,0.1738581061
5.4361791611,-0.0241029598,-0.032912977,0.0265153274,0.2049024552,-0.0657446459,0.1621979922
5.4462399483,-0.0237222053,-0.0358546451,0.0295583829,0.1856770962,-0.0649345145,0.1494616866
5.4563217163,-0.0184581615,-0.0359858945,0.0258260593,0.1942984462,-0.0734045655,0.1409620643
5.4665899277,-0.0229501463,-0.0253694728,0.0161066875,0.2252893746,-0.0773574933,0.1441376209
5.4765148163,-0.0323163606,-0.0203115419,0.0158670768,0.2658835053,-0.0812190771,0.1483720392
5.4865059853,-0.036759112,-0.0256946757,0.0242379531,0.2926618457,-0.0904796869,0.1568550169
5.4964408875,-0.0371338464,-0.0232573226,0.02187296,0.2949357033,-0.1042473614,0.1579095721
5.5069308281,-0.0374936201,-0.0246652439,0.0204617605,0.2970337272,-0.1011011004,0.1494162083
5.5168561935,-0.0418352224,-0.0357546285,0.0218525752,0.30334571,-0.0914552659,0.1557908952
5.5321712494,-0.035316024,-0.045755215,0.0173428878,0.30754444,-0.0827291533,0.1865863502
5.5412678719,-0.0247004963,-0.0390309766,0.0156643018,0.314963907,-0.0760679245,0.2216256857
5.5476016998,-0.0217830278,-0.0225013569,0.0099933967,0.320268631,-0.0728244632,0.2237495631
5.5571317673,-0.0149687259,-0.0176299885,0.0121467933,0.3160119653,-0.0739373937,0.221627295
5.5669841766,-0.0071373316,-0.0264788941,0.0115489587,0.282992214,-0.0806269869,0.2163233459
5.5770478249,-0.0033024878,-0.02779717,0.01111909,0.2562662959,-0.0766995549,0.2035909593
5.5872430801,-0.0073237154,-0.0312432721,0.0059479102,0.2338555455,-0.0769091472,0.201472953
5.5974779129,-0.0093996255,-0.0220919326,0.0135333762,0.2167882174,-0.0781178921,0.2014752775
5.6072878838,-0.0075613591,-0.0198288038,0.018279992,0.2125186324,-0.0781690255,0.1993527412
5.6172351837,-0.000834498,-0.0215062574,0.0162535533,0.2158705443,-0.0930169448,0.1961601526
5.6275100708,0.004992154,-0.0232134536,0.0123525485,0.2245668322,-0.1088643521,0.1950882226
5.6374349594,0.00103828,-0.024892576,0.0112959966,0.2331466824,-0.1130409837,0.194022432
5.6474380493,-0.0028847188,-0.0293945745,0.0159948692,0.2534668744,-0.1170801967,0.1982624531
5.6575107574,-0.0038327307,-0.0182117894,0.0156548843,0.285572648,-0.1263837516,0.1929401755
5.6677889824,-0.0017530652,-0.0059067081,0.0112323388,0.3252801001,-0.1483199447,0.1929191351
5.6776866913,-0.001491818,-0.0070434283,0.0008524283,0.3510338664,-0.1618196368,0.2035234571
5.6876969337,-5.45712e-05,-0.0108618215,-0.0077077523,0.3735671341,-0.1720123589,0.2374902219
5.6978268623,-0.0032769174,-0.0046662162,-0.0008519069,0.4036047161,-0.1864805073,0.2565874755
5.7080588341,-0.010286632,-0.0021897031,0.0029044971,0.4303590953,-0.1936537325,0.2597624958
5.7178988457,-0.0182173587,0.0052329828,-0.0061996356,0.4462578595,-0.1817607284,0.2725069225
5.7279500961,-0.025122676,0.0157234594,-0.0037556067,0.447255224,-0.1742620617,0.2820666134
5.7380509377,-0.0261884071,0.0144429728,-0.0041436329,0.4225899279,-0.1628395021,0.276769042
5.7483081818,-0.030350659,-0.0006814075,-0.0024263039,0.3904306591,-0.149416104,0.2629805207
5.7582268715,-0.0307770707,-0.0189393833,0.0043552741,0.3560788631,-0.1296117753,0.2545057833
5.7682189941,-0.027373109,-0.0297033265,0.0025593266,0.321862042,-0.1236063465,0.2449613065
5.7783279419,-0.0221518017,-0.0280198529,0.0067615137,0.2983721197,-0.1239418983,0.2247918546
5.7885780334,-0.0199669935,-0.0275095776,0.0071792826,0.2886971235,-0.1177497879,0.2109940201
5.7984480858,-0.0256887116,-0.0251393393,0.0115093216,0.2768959999,-0.1114653945,0.2141854316
5.8084697723,-0.0245380737,-0.0238139704,0.0169424638,0.2630968392,-0.1190274358,0.2120615542
5.8185901642,-0.0204440691,-0.0215668157,0.0273888931,0.2471105456,-0.1213103682,0.2088794112
5.8288550377,-0.0202222504,-0.0203824714,0.0320388302,0.2375473976,-0.1256590486,0.2056942582
5.8386688232,-0.0249196626,-0.021163471,0.0357121453,0.2353494763,-0.1193259805,0.2035748512
5.8487448692,-0.0296194293,-0.0219146684,0.039316617,0.2546914816,-0.1330135614,0.194006905
5.8590798378,-0.032401178,-0.0187512711,0.0330210552,0.2802834809,-0.1318183392,0.1801970899
5.8695278168,-0.0411212184,-0.004820175,0.0293663964,0.3122653961,-0.1283556968,0.1801906973
5.8790259361,-0.0430403091,-0.0003935766,0.0283593759,0.3538154364,-0.1216318086,0.1791204512
5.8890070915,-0.0381115712,-0.0055163573,0.0202035531,0.4040551782,-0.1296886653,0.1780418754
5.8991651535,-0.0350773968,0.0032017755,0.0107002482,0.4425170422,-0.1335553825,0.1844007522
5.9093770981,-0.0399102308,0.0013447332,0.0156586394,0.4350567162,-0.1346954852,0.1822784841
5.9192948341,-0.0447256304,-0.0161924437,0.0237443075,0.3847692907,-0.1212858036,0.1907930076
5.9292941093,-0.0456754901,-0.0271733478,0.0390534028,0.3238343298,-0.1112347618,0.1865663081
5.9393839836,-0.0427932478,-0.0385444239,0.045068346,0.2639787197,-0.1033643261,0.1717189103
5.9498348236,-0.038997028,-0.0405575112,0.0387943015,0.2094683349,-0.0953724459,0.1685513556
5.9596452713,-0.0343267657,-0.0331032947,0.0348001346,0.1698483974,-0.0819962472,0.1579528451
5.9697289467,-0.0259015299,-0.0355957821,0.0241726264,0.1579959989,-0.071585685,0.1430958658
5.979804039,-0.0155731766,-0.0362078622,0.0076957569,0.1665008962,-0.0683280453,0.1430952549
5.9902558327,-0.0120874969,-0.0270073488,-0.0031103268,0.1802942008,-0.0596426763,0.1547758877
5.9999189377,-0.008572611,-0.0244739726,-0.0072314516,0.1747884601,-0.0426564366,0.1632787585
6.0100021362,0.0018067627,-0.0297007039,-0.0064123049,0.1567032039,-0.0480852909,0.1685896367
6.0201301575,0.0131911011,-0.0252742842,-0.0054994002,0.1428377777,-0.0493018217,0.1632832885
6.0304317474,0.0137260528,-0.0286970809,0.0023051128,0.1460956186,-0.0557368174,0.1484140605
6.0402650833,0.0064481762,-0.0321418718,0.003242515,0.154719606,-0.0630154386,0.1600903571
6.0503668785,0.0012558369,-0.0180038884,0.0089736804,0.1654484123,-0.0681718513,0.1685794592
6.0603542328,-0.013692948,-0.0096667483,0.0078038797,0.1653149575,-0.0542810038,0.1834507436
6.0706429482,-0.0197083987,-0.0032042337,0.0105779395,0.1598994136,-0.0445708483,0.2153109461
6.0804929733,-0.0177316703,0.0023612308,0.0153573975,0.1556159258,-0.0423816666,0.2312395126
6.0905218124,-0.013723257,0.006004863,0.018169187,0.16313003,-0.0465396568,0.2344209254
6.1006212234,-0.0116470484,0.0116403624,0.0179575309,0.1900086403,-0.0664792135,0.2322801948
6.1109247208,-0.0133777587,0.0213254616,0.0136049017,0.228535533,-0.0767052174,0.2396979034
6.120800972,-0.0179103948,0.0195726678,0.0138920769,0.2574864924,-0.0890969038,0.2534890771
6.1308369637,-0.022270266,0.0111200139,0.0062389597,0.2713255882,-0.0846140012,0.2715384066
6.1408901215,-0.0226208307,0.0066769649,0.0043350086,0.2883478403,-0.0791034549,0.2800301909
6.1511878967,-0.0229555108,0.0042875339,0.011025928,0.3022524714,-0.0821652934,0.2800251544
6.1610379219,-0.0214071311,0.0038043784,0.016740106,0.290559411,-0.0876909569,0.261975199
6.1710548401,-0.0239696242,-0.0056312154,0.0265386924,0.2617937922,-0.0945302173,0.2280014902
6.1810898781,-0.0336492397,-0.0299505666,0.0405355319,0.2211931348,-0.0919155926,0.1950968802
6.1914038658,-0.0494493581,-0.0458567813,0.0450674519,0.1859113127,-0.0870912746,0.1685632765
6.20129776,-0.0595054962,-0.0522688106,0.0429955944,0.1634847671,-0.0863091722,0.1558278501
6.2113509178,-0.05884156,-0.0529624298,0.0372228846,0.1485843807,-0.0907252282,0.1494586319
6.221405983,-0.0611462332,-0.0498309806,0.0354034528,0.1464459896,-0.0907850862,0.143087998
6.2317209244,-0.0596198179,-0.0428184941,0.0335264429,0.151766181,-0.089739792,0.1335309893
6.2415962219,-0.0522443391,-0.0358188227,0.0316714868,0.155103758,-0.1035396308,0.1282143891
6.2516527176,-0.0429513194,-0.0307877734,0.0327633247,0.145522505,-0.1069242358,0.1101645455
6.2617249489,-0.0415963866,-0.0268301442,0.0349086151,0.1188067421,-0.104071863,0.0953082368
6.2719969749,-0.0501619615,-0.0288046673,0.0430050716,0.1069543436,-0.0936612934,0.0804512575
6.2818589211,-0.0568427183,-0.0308863595,0.0394387469,0.1036830992,-0.0873780325,0.0719602332
6.2918858528,-0.0587258674,-0.0213418677,0.0319206342,0.111000672,-0.072500281,0.0655950084
6.3020267487,-0.0587255396,-0.021516867,0.0223723873,0.1140624881,-0.0586859994,0.0645391345
6.3123168945,-0.0529278852,-0.0236207917,0.0186647996,0.1128994823,-0.0491462909,0.0645441934
6.3221678734,-0.0471897759,-0.0228324607,0.0110528693,0.1063604131,-0.0353957266,0.066676721
6.3321938515,-0.0424487628,-0.0152942613,0.0034528598,0.0945186615,-0.0248466786,0.0730557889
6.3422670364,-0.0406821705,-0.0009186935,0.0065440759,0.090136826,-0.0131502748,0.0826186016
6.3525466919,-0.0320002772,-0.0039826105,0.0155711398,0.082724452,-0.0184651446,0.0911122188
6.3623819351,-0.0213062204,-0.0090112761,0.0295793042,0.0763732716,-0.0238752924,0.0836792812
6.3724598885,-0.0155381886,-0.0131828263,0.0250644907,0.0891750827,-0.0238119066,0.0762434676
6.3825240135,-0.0156426169,-0.0143422559,0.020358108,0.1169091314,-0.0224869866,0.0794216767
6.3928108215,-0.0196183957,-0.0124753192,0.0105427727,0.1414365768,-0.0200882759,0.0889728367
6.4026441574,-0.0196738578,-0.0104940608,0.0132479295,0.1563144326,-0.0135711208,0.0921578482
6.4127578735,-0.0138395755,-0.0152679756,0.0110349879,0.1627635509,-0.0177107379,0.0995867327
6.4227581024,-0.0108551709,-0.0180838779,0.0029259548,0.164887771,-0.0165957399,0.104895018
6.4330811501,-0.0156786479,-0.0169801787,0.0006377324,0.1574647427,-0.0208496079,0.1133891642
6.4429020882,-0.0204061903,-0.0236692503,0.0013885722,0.1437676996,-0.0378917754,0.1218788624
6.4530301094,-0.0231389143,-0.0226696804,0.0043069348,0.110694699,-0.0392763503,0.1165775731
6.463037014,-0.0307829119,-0.0091430023,0.0142410621,0.0861444324,-0.0383957103,0.121893838
6.4733877182,-0.0315541364,-0.005400307,0.0234014615,0.0797848031,-0.0426887274,0.1229551062
6.4831562042,-0.0264112987,-0.0104369596,0.0248517618,0.0841976628,-0.0575678088,0.1133903638
6.4933009148,-0.0252854861,-0.0067287157,0.0310641155,0.106713362,-0.0691885054,0.0910810679
6.5033049583,-0.0340693928,-0.0185455754,0.0371110663,0.1366939098,-0.0796422809,0.0751421079
6.513666153,-0.0448855795,-0.0331936553,0.0390115604,0.1686790138,-0.0773375779,0.0602699593
6.5234379768,-0.0617089309,-0.0313225463,0.0279439315,0.1899572462,-0.0719702467,0.0411543213
6.5335650444,-0.0708722174,-0.0197159126,0.0215774402,0.1984426081,-0.0677693784,0.0231036786
6.5435709953,-0.0704620779,-0.0285560563,0.0211476311,0.1920140833,-0.0669581145,-0.0066247215
6.5538320541,-0.0704125762,-0.0472676232,0.0265876874,0.1801206768,-0.0534822494,-0.0395307392
6.5637850761,-0.0735476613,-0.0525234416,0.0330720767,0.1586628407,-0.0431622379,-0.0554473884
6.573759079,-0.0787810981,-0.0472437814,0.0377819762,0.1243911535,-0.0318725668,-0.0681746379
6.5839109421,-0.0802829564,-0.0450912789,0.045726262,0.0708669722,-0.016534552,-0.0851419643
6.5941381454,-0.0809539557,-0.0499802902,0.0540725812,0.0258909687,-0.0021689301,-0.0999885574
6.6040549278,-0.0739688873,-0.0628678873,0.0647355542,-0.0115533145,0.0058610998,-0.1201490164
6.6140398979,-0.0700571239,-0.0740255788,0.0668738708,-0.0340322591,0.0119621363,-0.1307582557
6.6241750717,-0.0661988556,-0.063877888,0.0671166405,-0.0405318625,0.0214128941,-0.1371218711
6.6343951225,-0.0613905825,-0.0508244112,0.0614143834,-0.028792914,0.0215223506,-0.1360630095
6.6442389488,-0.0526212789,-0.0338404849,0.0527461395,-0.0319354162,0.015130165,-0.1360672116
6.6543111801,-0.0468262769,-0.023713775,0.0490851626,-0.0456648096,7.87778e-05,-0.1477510184
6.6643409729,-0.0469054021,-0.0224160627,0.052452229,-0.0819394365,-0.0002195628,-0.1445543617
6.6746711731,-0.0459144451,-0.0261203721,0.0463975295,-0.1214381158,0.0016406552,-0.1318018138
6.6845417023,-0.0468130745,-0.0143112019,0.0423609242,-0.1215568408,0.0133762732,-0.1222419962
6.6946339607,-0.0447550751,-0.0189279988,0.0421325192,-0.1066953316,0.0220848098,-0.1084380299
6.7046709061,-0.0357326902,-0.026349254,0.0408417806,-0.0949368626,0.0212510414,-0.0893291235
6.7149477005,-0.0276367404,-0.0259409621,0.0345060453,-0.0759309456,0.0415778831,-0.0893237963
6.7248420715,-0.0265208222,-0.02743835,0.0250106081,-0.0504915006,0.0587496161,-0.0935685486
6.7348418236,-0.022539679,-0.0230181888,0.0113686547,-0.0281787366,0.0684805363,-0.0956929475
6.7449479103,-0.0175944902,-0.0243176892,0.0053302869,-0.0133241564,0.0782487467,-0.0818871185
6.7552008629,-0.0154726533,-0.0264895633,0.0011683925,-0.0111904312,0.0794599578,-0.061712876
6.7651200294,-0.0162112154,-0.0256935433,-0.008949317,0.0089532128,0.0923847407,-0.0595897362
6.7750821114,-0.0199117698,-0.0159729198,-0.0047629252,0.0398115292,0.1023010239,-0.0447274335
6.7851829529,-0.0157060064,-0.0011984182,0.0109167323,0.0602123514,0.0908539519,-0.0373041369
6.7954821587,-0.0036761493,-0.0010242534,0.0197962746,0.0603311285,0.0780041963,-0.0553611666
6.8053617477,-0.002458337,-0.0204421952,0.0151903853,0.0411598571,0.0735374838,-0.0638533905
6.8154067993,-0.0090682833,-0.0312538818,0.0088679418,0.0038337912,0.0711169317,-0.0595979244
6.8254470825,-0.0156613328,-0.0285844877,0.0086885914,-0.0324059464,0.0665488839,-0.0606526025
6.8357992172,-0.0223403014,-0.0289962962,0.0078001246,-0.0570319332,0.0736645833,-0.0755079761
6.8455958366,-0.028132949,-0.0363782719,0.0081740841,-0.0922509283,0.0733156428,-0.0818702057
6.8556346893,-0.0310856141,-0.0361622646,0.0176791772,-0.1466409266,0.0684785396,-0.099909395
6.8657078743,-0.0411132909,-0.0392017439,0.0266386494,-0.2043943852,0.0794866458,-0.12431027
6.8759860992,-0.0504057743,-0.0454381183,0.0329987034,-0.2365019917,0.0875842571,-0.1412868649
6.8859210014,-0.0549192764,-0.0381836966,0.0335738882,-0.2247941494,0.0896982774,-0.1582778245
6.8959140778,-0.0565813817,-0.0308142379,0.0318879709,-0.1791366488,0.1135104001,-0.1476595402
6.906056881,-0.0473520495,-0.0232601836,0.0142092928,-0.1332562864,0.1150702089,-0.1328063011
6.9162931442,-0.024352584,0.0009995031,0.0011936054,-0.1127731204,0.0939580053,-0.143440038
6.9261951447,-0.010332766,0.0194836184,0.0124309883,-0.1094394028,0.0788960233,-0.179549098
6.9361920357,-0.0103085963,-0.0001367998,0.030683659,-0.1425065249,0.0751886368,-0.2156437188
6.9463210106,-0.0230802037,-0.0171198323,0.0356062278,-0.1980179697,0.0768257529,-0.2156286091
6.9565429688,-0.0318736769,-0.0178017095,0.0360661373,-0.2449252903,0.0722200871,-0.2081864029
6.966460228,-0.034646187,-0.0156826451,0.029987894,-0.257660538,0.0658253059,-0.1954447776
6.9764399529,-0.0324404575,-0.0116071776,0.0279056653,-0.2554900646,0.0627163276,-0.1869524866
6.9865670204,-0.0282491483,-0.0123267844,0.0296562538,-0.2297741622,0.0522950441,-0.1922728866
6.9969611168,-0.0240968205,-0.0110212043,0.0272895917,-0.1891599,0.0462763011,-0.1933480054
7.0067181587,-0.0229159929,0.0039699604,0.0197192654,-0.1614510417,0.0496677049,-0.1986629963
7.0167169571,-0.0257386006,0.0161521956,0.0118534192,-0.138073802,0.0593733266,-0.206096679
7.0268578529,-0.0334800817,0.0050558378,0.0048456416,-0.1434822083,0.0667673275,-0.2039677501
7.0370798111,-0.0353818871,-0.003144331,0.0067155585,-0.1574390382,0.0751480311,-0.2018364221
7.0469961166,-0.0392531492,-0.0085358098,-9.06364e-05,-0.1896757782,0.0971776322,-0.1975705177
7.0570111275,-0.0411770083,-0.010150142,-0.0018204823,-0.2218212038,0.1107810587,-0.1837521642
7.0671291351,-0.035269592,-0.0040410231,0.0034520254,-0.2464831322,0.1222522184,-0.1816172302
7.0773530006,-0.0235867836,-0.0116732195,0.0118298754,-0.2647041976,0.129451558,-0.192227006
7.0872678757,-0.013999912,-0.0164972022,0.0242077932,-0.2818109095,0.1324145198,-0.2028375119
7.097263813,-0.0122469096,-0.0166332796,0.0240344629,-0.2902989089,0.1269795448,-0.2113324702
7.1074061394,-0.0134542314,-0.0159296468,0.0142057762,-0.3095760047,0.133129701,-0.2187574804
7.1176300049,-0.0176211931,-0.0133469775,-0.0024249926,-0.3042813838,0.1374410987,-0.2155712694
7.1274981499,-0.0119231073,-0.0087215379,-0.0132929459,-0.2925888896,0.1429740787,-0.1964599043
7.1375260353,0.0027209788,0.000998907,-0.0106790438,-0.2626655996,0.1402043849,-0.1731093079
7.1476688385,0.0126285227,0.0021439719,-0.0082598105,-0.2476392686,0.1329960823,-0.159311533
7.157889843,0.0118078263,0.0111466572,0.0018389449,-0.2584261298,0.1445946842,-0.1561176032
7.1678190231,0.0089879008,0.0054620435,0.0081647858,-0.2797398865,0.1412192583,-0.1571766138
7.1777887344,0.0120706828,-0.0110192969,0.0078423247,-0.2968038321,0.1400021911,-0.1582346857
7.1878991127,0.0111893388,-0.0139264539,0.0104475245,-0.2743377686,0.1337634772,-0.1688622981
7.1981720924,0.0034436851,-0.0283946469,0.0236031637,-0.2637490332,0.1423793286,-0.1635516882
7.2080321312,-0.007336441,-0.0419237092,0.0445813164,-0.2895083129,0.1569950879,-0.1656607091
7.2180738449,-0.017234955,-0.0615296438,0.0638774857,-0.3439595699,0.1585586369,-0.1783876866
7.228208065,-0.0185197927,-0.0728433207,0.0710146055,-0.404733181,0.1503306627,-0.2197869271
7.2384381294,-0.0308387615,-0.0778665021,0.0589953288,-0.4506809711,0.1539315283,-0.2569364309
7.2483129501,-0.0433818735,-0.0734784678,0.0491876826,-0.4858738184,0.1502593607,-0.2845345736
7.2583417892,-0.0590197183,-0.0722357705,0.0483545884,-0.5157475471,0.1488750428,-0.2940838635
7.2684779167,-0.0746684372,-0.0711711124,0.0418505296,-0.5479732156,0.1698719412,-0.2855718434
7.2787208557,-0.0815939605,-0.0575540736,0.0421974882,-0.5664041638,0.198332876,-0.2898001671
7.28855896,-0.0700369179,-0.0372108892,0.0356827602,-0.5675100088,0.201430738,-0.3014784753
7.2986059189,-0.0497176982,-0.0120115951,0.0222171172,-0.5235665441,0.1815084219,-0.323797375
7.3087491989,-0.042161379,-0.0186196044,0.0151180252,-0.4423679113,0.1726532131,-0.3259452581
7.3190188408,-0.048159156,-0.0287799314,0.0124235377,-0.4038250446,0.1614354551,-0.3079100549
7.3288850784,-0.0599446632,-0.0211815313,0.0210871324,-0.3569356501,0.1682117283,-0.3079187274
7.3388710022,-0.0756530464,-0.0318628028,0.0372770056,-0.3367315829,0.1758573949,-0.3015492558
7.3490099907,-0.0707250834,-0.0123682693,0.0465886816,-0.330203712,0.1631609052,-0.3047430217
7.3592357635,-0.053001795,-0.0026088429,0.0354303345,-0.2991973162,0.1570097953,-0.3132483661
7.3691492081,-0.0353782512,-0.0063558887,0.0259646401,-0.2513091564,0.170148775,-0.3153789043
7.3791227341,-0.0216083266,-0.0039874981,0.0121700987,-0.1860838085,0.1592194289,-0.2888559699
7.3892869949,-0.0085954396,-0.0060426663,0.000861667,-0.1208340973,0.1460958421,-0.2729490697
7.3995170593,-0.0082956282,-0.000970788,0.00959941,-0.083507508,0.1485233158,-0.2761427462
7.409432888,-0.0139006702,-0.0055375765,0.0162214264,-0.0813681856,0.1474331468,-0.2835770845
7.4194188118,-0.0107919602,-0.0199303702,0.026854597,-0.0994880646,0.1439531893,-0.3048101962
7.4295530319,-0.0028041333,-0.0394436792,0.025105916,-0.1398596168,0.1255341023,-0.3090562224
7.4397740364,0.0051676896,-0.0407762006,0.0276328549,-0.1932522655,0.1281956583,-0.3175357282
7.4496908188,0.0062744287,-0.0375977233,0.0197717771,-0.2390362471,0.1171506718,-0.3228390813
7.4596567154,0.0093604,-0.0347194746,0.0064392909,-0.2708780468,0.0987162665,-0.340890795
7.4697341919,0.0045857099,-0.0252070501,-0.0087027326,-0.2890625,0.1028233916,-0.3376995027
7.4801197052,-0.0040608975,-0.0090370253,-0.0276360288,-0.3136469424,0.1068807244,-0.3334440291
7.4898929596,-0.0097412197,0.0023090171,-0.046566762,-0.3074091375,0.1251386851,-0.3079521358
7.4999508858,-0.0123055903,0.008098118,-0.0529638901,-0.2999392152,0.1276029199,-0.2654808462
7.510035038,-0.0088434545,0.0239286944,-0.0390876904,-0.2722210586,0.1311403811,-0.2484986782
7.5203838348,-0.0092416136,0.0302231833,-0.0263751522,-0.2499008179,0.1409682482,-0.2357578427
7.5302238464,-0.0037621588,0.0356932208,-0.0168444291,-0.2137143314,0.1508342028,-0.2357621044
7.5402369499,0.0036450892,0.0276836678,0.0013568029,-0.2071858495,0.1381303817,-0.2400173098
7.5503587723,0.0130513581,0.0147693083,0.015758954,-0.2060121447,0.1275154203,-0.2421461046
7.5605740547,0.0127986344,-0.0089780763,0.0166823491,-0.2238992602,0.1018721163,-0.2453397661
7.5704622269,0.0057978895,-0.0183411911,0.0120063648,-0.2461950481,0.0899282396,-0.2570189238
7.5804986954,-0.012914273,-0.0191575363,-0.0052109137,-0.2772211432,0.0982221216,-0.2453271002
7.5905680656,-0.0247586705,-0.0152472928,-0.0242085829,-0.3104040921,0.1086269617,-0.2325725704
7.6008639336,-0.0227868892,-0.0200582221,-0.0381586924,-0.3327456415,0.1033200771,-0.2028391659
7.6107029915,-0.0139166443,-0.013171263,-0.029596366,-0.3359489441,0.103257224,-0.2081471086
7.620765686,-0.0178849436,-0.0052841972,-0.0251492634,-0.3116318882,0.125711143,-0.2145128697
7.6308288574,-0.0171428062,-0.0100464895,-0.029729642,-0.2979280353,0.1416225284,-0.233620584
7.6411342621,-0.0175395347,-0.0156583264,-0.0091288462,-0.2980026007,0.1490495503,-0.2336168587
7.6509542465,-0.0180456378,-0.018454738,0.0124181136,-0.2980415523,0.150964424,-0.265470475
7.6610350609,-0.0265097953,-0.0468084291,0.0184675083,-0.3248167336,0.1590670943,-0.2888191938
7.6711111069,-0.036145065,-0.0482877567,0.0236869082,-0.3559192121,0.1723825783,-0.320659101
7.6813950539,-0.0469433405,-0.0549300388,0.0231543407,-0.373098731,0.1816578358,-0.3397624791
7.6912412643,-0.0481490828,-0.0695727542,0.0236782655,-0.3923784494,0.1877164543,-0.3609893918
7.7012939453,-0.0465253927,-0.0640075281,0.0124554262,-0.3796064556,0.1897910535,-0.385412991
7.7113728523,-0.0450559594,-0.0574292615,0.0029506907,-0.3369815052,0.1953788996,-0.3992244005
7.7216939926,-0.0436447002,-0.0526244119,-0.0010097401,-0.2931163013,0.1840346307,-0.407735616
7.7315239906,-0.046167586,-0.038787432,0.0034316406,-0.2355388403,0.188790828,-0.4066879451
7.7415647507,-0.0506233312,-0.0313541368,0.0142281875,-0.1822511256,0.1967600733,-0.3950177133
7.751666069,-0.0481993891,-0.0197033361,0.0324756727,-0.1234823465,0.1898236126,-0.3982201815
7.761950016,-0.0496457554,-0.0165904835,0.0446365699,-0.0936576128,0.1953688413,-0.4014104009
7.7717990875,-0.054089997,-0.0193038657,0.0527397618,-0.090446502,0.1931366473,-0.4226486385
7.7818937302,-0.0527522303,-0.0466030911,0.0513305292,-0.1289036125,0.1958733052,-0.4396262765
7.7919311523,-0.0544460155,-0.0587403849,0.0433107838,-0.1877595037,0.211206004,-0.4502211809
7.8022699356,-0.058228109,-0.0625239089,0.0306043848,-0.2327568084,0.2276936322,-0.465066731
7.8121209145,-0.0455039479,-0.064609237,0.0249067172,-0.2562833726,0.2316995561,-0.470369339
7.8221678734,-0.0229506828,-0.0444749072,0.0124691352,-0.2582690418,0.216819942,-0.4714380801
7.8321509361,-0.0090984432,-0.029167302,-0.0048715249,-0.2443045378,0.2084791809,-0.4671969712
7.8422889709,-0.0080688326,-0.0293334201,-0.0018825905,-0.2369784415,0.2222682387,-0.4778099358
7.8521409035,-0.0198593475,-0.0236204341,0.0066799149,-0.2178841084,0.2341485918,-0.4714380503
7.86328125,-0.0237875916,-0.0197724774,0.0112458095,-0.2265947312,0.2509942949,-0.4799214303
7.872595787,-0.0309460498,-0.0190390423,0.0234802589,-0.2279684246,0.2794182599,-0.5128235221
7.8828058243,-0.0422432758,-0.0360963419,0.0288409814,-0.2709374428,0.3065415025,-0.526602447
7.8926410675,-0.0391378142,-0.0448601916,0.0519927964,-0.3672593534,0.3320334852,-0.5562953353
7.9027252197,-0.0402586795,-0.0565339401,0.0746984109,-0.4996269941,0.3327088654,-0.6008569002
7.9127779007,-0.0424287058,-0.0682310537,0.0747220144,-0.606292665,0.325224638,-0.6295030117
7.923058033,-0.0435183384,-0.0796340778,0.0430560932,-0.6605665684,0.3099021614,-0.6284350753
7.9328489304,-0.0473988988,-0.0745575503,0.0153444633,-0.6488255262,0.3111961186,-0.6082620621
7.9429759979,-0.0442726947,-0.0565248802,0.0137964115,-0.6154430509,0.283017993,-0.5806778669
7.9529771805,-0.0310671069,-0.040014632,0.0219488367,-0.5617806911,0.2539012432,-0.561594367
7.9632649422,-0.0304338671,-0.0281048492,0.0269130096,-0.5191312432,0.2574086487,-0.5690360069
7.9731140137,-0.0436070897,-0.0122390464,0.0354096517,-0.4947026968,0.2680868804,-0.5913338661
7.9832458496,-0.0520040132,-0.0197447017,0.0447449312,-0.48940593,0.2712264657,-0.6051369905
7.9932527542,-0.0546109416,-0.0391247049,0.059002243,-0.5182952881,0.2771747112,-0.6306099296
8.0036802292,-0.0563333966,-0.0482063666,0.0664974079,-0.5482696891,0.2852770984,-0.6497106552
8.0134401321,-0.0560997464,-0.0586532429,0.0555830225,-0.5749803782,0.2870562077,-0.6666927338
8.0235061646,-0.050998006,-0.0518544093,0.0417496786,-0.5855946541,0.2805069685,-0.6804966927
8.0335206985,-0.0409558155,-0.0471360758,0.0230783448,-0.5705501437,0.2699996233,-0.6847528219
8.0438222885,-0.0339295007,-0.0472450927,0.0227361545,-0.5462352037,0.2912263572,-0.716602385
8.0536203384,-0.0427985527,-0.0494514778,0.0308045968,-0.5293213725,0.3060769737,-0.7399585843
8.0637798309,-0.0556637384,-0.0517717376,0.040628396,-0.5326532722,0.3175469637,-0.766497016
8.0737771988,-0.0785762966,-0.053475596,0.0619597062,-0.5693073273,0.3519942164,-0.8046956062
8.0841417313,-0.1086368263,-0.0577772632,0.0802304372,-0.6508543491,0.393476665,-0.8428789377
8.093952179,-0.1213356555,-0.0793212727,0.1104113683,-0.726701498,0.3989237845,-0.8821425438
8.104010582,-0.1133972704,-0.0986940935,0.1077279672,-0.781060636,0.3908898234,-0.9023069739
8.1140508652,-0.1025011837,-0.0845719948,0.0943492875,-0.8141696453,0.3914261758,-0.9383991957
8.1243495941,-0.1033912003,-0.0710291639,0.0829354152,-0.875064671,0.395999074,-0.9691736102
8.134226799,-0.108330816,-0.0794453695,0.0851963386,-0.9201343656,0.4175780118,-1.0169332027
8.1442298889,-0.1232780516,-0.1070659533,0.0921907052,-0.9544784427,0.4339234233,-1.0678827763
8.154378891,-0.1314965189,-0.1060841754,0.1028236374,-0.9374585152,0.4358078837,-1.1273479462
8.1645917892,-0.1377093494,-0.1083641425,0.098655425,-0.9043359756,0.4294399917,-1.1719551086
8.1744947433,-0.1477926075,-0.1158058122,0.0874170884,-0.9002512693,0.4462375641,-1.2048624754
8.1844940186,-0.1677697599,-0.120705016,0.0865467414,-0.9250593781,0.470176965,-1.2430689335
8.1946296692,-0.1769527495,-0.1269823611,0.0874245986,-0.9326032996,0.4763248265,-1.2664228678
8.204875946,-0.1644551456,-0.1305650473,0.0774672851,-0.9187098145,0.47311759,-1.288725853
8.2147808075,-0.1567526758,-0.1246075109,0.0809151754,-0.8952409625,0.4720476866,-1.3216488361
8.224738121,-0.1655496657,-0.1305721402,0.0831427798,-0.8984689713,0.4728730023,-1.3535015583
8.2348432541,-0.1782028377,-0.130167082,0.0890015587,-0.9457689524,0.5051249266,-1.3885122538
8.2451324463,-0.1810968816,-0.1168462411,0.0974474177,-1.0112025738,0.5361372232,-1.4267048836
8.2550039291,-0.1761336625,-0.1160620227,0.1017817482,-1.1236394644,0.5709218383,-1.4744406939
8.2650098801,-0.1633427441,-0.1182798818,0.1009382829,-1.1954427958,0.5975095034,-1.5317463875
8.2751712799,-0.1395514309,-0.1338844001,0.080412589,-1.2327882051,0.5948397517,-1.565715909
8.285410881,-0.1114856303,-0.1295503378,0.0519295558,-1.2497380972,0.5807106495,-1.5943871737
8.2952804565,-0.1066201031,-0.126540482,0.0318396911,-1.2658646107,0.5910218358,-1.6187995672
8.3052787781,-0.1230477989,-0.1334281266,0.0357491598,-1.2776423693,0.5940053463,-1.6336603165
8.3154401779,-0.1333169043,-0.1385355294,0.044160448,-1.2735725641,0.6130365133,-1.6495783329
8.3256807327,-0.1306013167,-0.1232782081,0.0540571436,-1.2491936684,0.6290966868,-1.6601945162
8.3355760574,-0.1128934324,-0.0915443972,0.0537838563,-1.2184097767,0.6440337896,-1.6888631582
8.3455924988,-0.0909374654,-0.0726059154,0.056115292,-1.1981828213,0.6471792459,-1.7217825651
8.3556423187,-0.0754571259,-0.0567482188,0.0620309338,-1.1662127972,0.649297297,-1.7653235197
8.3659162521,-0.0663856566,-0.0508183017,0.0569554195,-1.157709837,0.6513276696,-1.7908078432
8.3758220673,-0.0568635203,-0.0227405801,0.0535360202,-1.1469522715,0.6416974068,-1.8173590899
8.3858203888,-0.0586015321,-0.0083260313,0.0430801734,-1.1352192163,0.6417306662,-1.8279800415
8.3959407806,-0.0726820529,-0.0063831876,0.0420518145,-1.09801507,0.6569878459,-1.8163027763
8.4062919617,-0.0864065588,-0.0108495131,0.0368171558,-1.0489809513,0.6639142036,-1.7961375713
8.4160337448,-0.0761798918,-0.0030876768,0.0345713124,-0.9802320004,0.6211889386,-1.7685688734
8.426109314,-0.0487105586,0.0043475558,0.0259160623,-0.8954004645,0.5712186694,-1.7346378565
8.4361886978,-0.0324324705,0.0222805962,0.0030054674,-0.7839634418,0.5289648175,-1.6922162771
8.44647789,-0.0275110342,0.0372820422,-0.0049942508,-0.6865569949,0.5024969578,-1.6508440971
8.4563789368,-0.024244342,0.0647425577,-0.0010769144,-0.6275820732,0.4767062962,-1.6168944836
8.4663791656,-0.0206581093,0.0781826302,0.0216218457,-0.5974367261,0.4516347647,-1.5967404842
8.4764490128,-0.0245444514,0.0683883056,0.0317163095,-0.6145477891,0.4546135366,-1.6052292585
8.486823082,-0.0359093286,0.0631632134,0.0386349782,-0.6572307944,0.4518693984,-1.6434445381
8.4965801239,-0.0380020477,0.0488037989,0.0445330366,-0.7124630213,0.4247272611,-1.6636174917
8.5066156387,-0.0425646044,0.0253194198,0.0503385887,-0.7902573943,0.4122303724,-1.6859017611
8.5167236328,-0.0634326041,0.011287652,0.0615502223,-0.8511529565,0.4180243015,-1.6922549009
8.52709198,-0.060404215,0.0001208711,0.0482365116,-0.8756330013,0.412643373,-1.671015501
8.536857605,-0.0443522073,-0.012775071,0.0202378854,-0.8745043278,0.4074727595,-1.6519063711
8.546913147,-0.0379284956,-0.0174689963,0.0144484863,-0.8639470339,0.4204780459,-1.6242958307
8.5570516586,-0.0381782986,-0.028587766,0.0172022805,-0.8608335257,0.4300735891,-1.6211041212
8.5672750473,-0.0391222574,-0.0338711813,0.0225699767,-0.8931014538,0.4540793002,-1.6391345263
8.5771970749,-0.0367928483,-0.010191448,0.0410448536,-0.9390392303,0.4566478431,-1.6720383167
8.5871772766,-0.0153025119,0.0035343098,0.0468514785,-0.9238944054,0.4342549145,-1.7092163563
8.5973157883,-0.0001019569,-0.0012435389,0.0294171199,-0.8896277547,0.4217106402,-1.7262203693
8.6075620651,-0.0060634944,0.0049547483,0.0090646371,-0.8374183178,0.4307246506,-1.7156111002
8.6174259186,-0.0020079345,0.0106537268,-0.0053179637,-0.788281858,0.4269713163,-1.7060688734
8.6274499893,0.0130679281,0.0128478333,-0.0068723336,-0.7658295631,0.4229230583,-1.706076622
8.6375865936,0.020703759,0.0084140822,-0.0064263716,-0.7614529729,0.4111858308,-1.7220109701
8.647808075,0.0200065039,-0.0018495989,-0.0040476695,-0.7453890443,0.4036701322,-1.7570581436
8.6577262878,0.0090620788,-0.0101226047,-0.0073405281,-0.6728161573,0.4020230174,-1.7814991474
8.667722702,-0.0024802417,0.0081872866,-0.0356442705,-0.5820441842,0.3976764679,-1.7560411692
8.6778535843,-0.002124998,0.0378609225,-0.0605153814,-0.5137550235,0.4005677998,-1.7295117378
8.6880970001,0.0021478802,0.0555322096,-0.0647730008,-0.4967912436,0.4136774838,-1.6944701672
8.6980037689,0.0211634301,0.0677599236,-0.0652068034,-0.5319327116,0.4071497619,-1.672167182
8.7079963684,0.0355143212,0.0772254393,-0.0463886634,-0.5502155423,0.4195432961,-1.6997630596
8.7181339264,0.030663576,0.0672243759,-0.0366344228,-0.5557626486,0.4395522773,-1.7156791687
8.7283821106,0.0310390256,0.0680977628,-0.0239313021,-0.5205628872,0.4408585727,-1.7252435684
8.7382001877,0.0288191698,0.0652955696,-0.0275351182,-0.4608334303,0.4445698857,-1.7241945267
8.7482643127,0.0199941657,0.0628939196,-0.0510931388,-0.3456304371,0.4509646595,-1.7114790678
8.7583665848,0.0112222107,0.0602172539,-0.0669247881,-0.195109874,0.4493507743,-1.6722301245
8.7686281204,0.0121388109,0.0652270839,-0.0737482086,-0.0274934508,0.4458207488,-1.6244934797
8.7785053253,0.0148592861,0.073988013,-0.0920884386,0.0922582746,0.4271001518,-1.5640105009
8.7884817123,0.0271057747,0.0854594037,-0.0940453783,0.1202646121,0.4043466449,-1.510939002
8.7986030579,0.0215941928,0.0934575126,-0.0775909796,0.0519649163,0.4049792886,-1.4854402542
8.8089065552,0.0042668846,0.0919046924,-0.0355611816,-0.0528496467,0.4285866022,-1.4673511982
8.818821907,-0.0052334997,0.08750581,-1.24351e-05,-0.1083337367,0.4281778038,-1.4556572437
8.8288011551,-0.0086583821,0.081148915,-0.0008210913,-0.1468425095,0.4374397397,-1.4482102394
8.8389348984,-0.0159532763,0.0837017819,0.0019985065,-0.1682547182,0.4447568357,-1.4365216494
8.8491621017,-0.0213161446,0.0816412494,-0.0011534467,-0.1715700924,0.4576409459,-1.4089076519
8.8590803146,-0.0179385282,0.0701521561,-0.020785965,-0.1556129605,0.4643551707,-1.3770550489
8.8691587448,-0.0127821295,0.0570864007,-0.0383807197,-0.1577589363,0.4677826464,-1.3367044926
8.8798151016,-0.0068968269,0.0599889681,-0.0453373566,-0.1875176579,0.4582553804,-1.2931667566
8.8894929886,-0.0011719795,0.0524840876,-0.0340361372,-0.2354340553,0.448397696,-1.2761707306
8.899271965,-0.0012684794,0.0363454744,-0.0181858912,-0.2770199776,0.444865346,-1.2740386724
8.9093379974,-0.0061424109,0.028081052,-0.0054710284,-0.2865474224,0.4373821318,-1.2697927952
8.9194116592,-0.0070280167,0.0297229812,0.0015539749,-0.2597651184,0.4281485677,-1.2570618391
8.929772377,-0.0049734446,0.0452245399,-0.0036482587,-0.2050938606,0.4054549634,-1.2305420637
8.9395561218,-0.001055214,0.074696593,-0.0189532414,-0.1419118345,0.3860809505,-1.1944664717
8.9496116638,-0.0032092661,0.0909238383,-0.0365489498,-0.0894249156,0.3687152565,-1.1615726948
8.959646225,-0.00065026,0.0949216411,-0.0302044526,-0.0550994352,0.3521772921,-1.140354991
8.9700040817,0.0066876677,0.1021237299,-0.0137268081,-0.0228932928,0.3345652819,-1.1180741787
8.9796962738,0.0119201811,0.1125104949,-0.0017490163,0.0039634611,0.3190971315,-1.0851720572
8.9898786545,0.018940445,0.1221609041,-0.0002729074,-0.009614666,0.2916183472,-1.0501430035
8.9999427795,0.0247213803,0.1291530132,0.011804007,-0.0520263873,0.2660098374,-1.0151057243
9.0103912354,0.0254280828,0.1168556735,0.0246003494,-0.093481414,0.2509723008,-0.9874958396
9.0201387405,0.0260248743,0.0832737014,0.0206734762,-0.1146374345,0.2328322679,-0.9747582674
9.0302124023,0.0334988199,0.0546015427,0.0108013973,-0.141119644,0.2135565728,-0.9662668109
9.0402317047,0.0399350785,0.0494304225,0.0116177425,-0.1323287785,0.1893102825,-0.9535386562
9.0505933762,0.0384835862,0.0599763319,0.0106432065,-0.1193938106,0.1779103577,-0.9291262627
9.0603818893,0.03083333,0.0960489437,0.0068691,-0.0926681161,0.1763890982,-0.87285918
9.0705003738,0.0246493183,0.1285720468,0.0043644533,-0.057423573,0.1770775169,-0.8144688606
9.0805368423,0.0208957158,0.1381057501,0.0032892451,-0.0147558982,0.1820411235,-0.7613877654
9.0908241272,0.0176601671,0.1285169721,0.0122886524,0.0087331831,0.1836049259,-0.7157356143
9.1006593704,0.028784778,0.1181445643,0.0108230934,0.0195720624,0.1690865159,-0.6785827875
9.1107759476,0.0416172706,0.1001397297,-0.0002515093,0.0207276084,0.1618488431,-0.6509798765
9.1208162308,0.0493068062,0.0881059095,-0.0113964453,0.0058943327,0.1534574777,-0.6159395576
9.1310949326,0.0556803904,0.0888857767,-0.0081190243,-0.0322602466,0.1289404184,-0.5819645524
9.140920639,0.0559141599,0.0897790119,0.0027155504,-0.0511928722,0.1024291888,-0.5543678403
9.1509752274,0.0491231941,0.0752500817,0.0185358152,-0.0380778685,0.072978355,-0.5320881009
9.1610593796,0.031287279,0.0638025925,0.0326581821,0.0004387405,0.066162385,-0.4896278679
9.1713581085,0.0111691626,0.0729425475,0.0354616269,0.0368169881,0.059329249,-0.4471685588
9.1811943054,-0.0006119044,0.0871462747,0.031740211,0.059234865,0.0620277673,-0.3887738883
9.1912536621,-0.0070461067,0.0957317874,0.0262096152,0.0602636449,0.0687354654,-0.3378044665
9.2013406754,-0.007021639,0.0888631865,0.0128047094,0.0357372351,0.068756707,-0.3016972244
9.2116117477,-0.0074031684,0.078245692,0.0078323707,-0.010157817,0.0718435794,-0.2549648881
9.2214851379,-0.0023309321,0.0677708313,0.0200451836,-0.0484530106,0.0610918626,-0.2252301723
9.2315330505,0.0093708606,0.0660718605,0.0327879414,-0.1091626883,0.0500820912,-0.2050460726
9.2415151596,0.0219904147,0.0711027309,0.0304455385,-0.1601589173,0.0274026096,-0.197612375
9.2519054413,0.0316432379,0.0546802804,0.0169977173,-0.2038739175,0.023906678,-0.1869850308
9.2617454529,0.0274998806,0.0421472117,0.0012273416,-0.2305273861,0.0216286778,-0.1753004789
9.2718162537,0.020244237,0.0403746888,-0.0029780045,-0.2186723351,0.0112527357,-0.1551344991
9.2818899155,0.0127921971,0.0397300646,0.0028866753,-0.1674996912,0.01820332,-0.1339067072
9.292183876,0.0031426519,0.0450535938,0.0131134614,-0.1120169833,0.0209831279,-0.1073744297
9.3020143509,-0.0009101363,0.0563602373,0.0160513744,-0.0693072677,0.020503426,-0.0755322874
9.3120946884,-0.0022783906,0.055099003,0.0047209486,-0.0478666872,0.012368001,-0.0500586145
9.3221693039,-0.0038760633,0.0461645052,-0.0025254861,-0.0318142176,0.0094764736,-0.0267038923
9.3324375153,0.000186321,0.0402223393,-0.0096395388,-0.034868598,-0.0042337454,-0.0097211786
9.3422660828,0.0159452222,0.0372401997,-0.0070810691,-0.0635886341,-0.0140616745,-0.0139664579
9.3523683548,0.0357239507,0.0361258313,-0.0057962909,-0.1082008332,-0.0357493944,-0.0256457496
9.3624010086,0.0517660342,0.0329764411,-0.0048955455,-0.1592599005,-0.0533054173,-0.045814734
9.3727207184,0.0542366765,0.0219377801,-0.0054655448,-0.2040585279,-0.0558258332,-0.0468664169
9.3825778961,0.0459241234,0.0234994218,-0.0094404593,-0.2372138202,-0.0486593992,-0.0426078886
9.3926458359,0.0365914069,0.0270166323,-0.0106056705,-0.2287284434,-0.0432590395,-0.0394219495
9.4027023315,0.0291624926,0.0276508853,-0.014528133,-0.1988826543,-0.0386718139,-0.0266847815
9.4130001068,0.0255487524,0.0263949558,-0.0258278623,-0.1519593596,-0.0350579061,-0.023509495
9.4228076935,0.0238471292,0.0077075888,-0.0337778702,-0.1167543381,-0.0336538851,-0.0182095375
9.4329328537,0.0210574232,0.0007853436,-0.032643117,-0.0762732178,-0.0258103423,-0.0086597092
9.4429130554,0.0200845264,0.0075403382,-0.0301842466,-0.032547012,-0.0221761279,0.0019491925
9.4532232285,0.0278720818,0.0192112848,-0.0321663991,0.0048253927,-0.0239511244,0.0051242132
9.4630432129,0.0386160873,0.0289614722,-0.0338915959,0.0166559257,-0.0334389657,-0.0012545238
9.4731674194,0.0396420024,0.0328726098,-0.0297493115,0.0060645347,-0.0420894474,-0.0118741449
9.4831600189,0.0348573588,0.0279994532,-0.0219061747,-0.0249456055,-0.0359796919,-0.0097398208
9.4934902191,0.0300780199,0.0240515992,-0.016371347,-0.0602476709,-0.0278200302,-0.0129121784
9.503361702,0.0262770019,0.0191051885,-0.0179531351,-0.0828054398,-0.0131478775,-0.0107755242
9.5133657455,0.0292936228,0.0151052997,-0.0197167769,-0.0988970548,-0.0047927429,-0.0097054662
9.5234527588,0.0342504047,0.0072255661,-0.0157312527,-0.0968272835,0.0015921191,-0.0097030029
9.5337791443,0.0401788615,-0.0006637645,-0.0175915137,-0.0947271138,0.0047660745,-0.0139491474
9.5435428619,0.0374202393,-0.0115119293,-0.0252495185,-0.0882552266,-0.0026884461,-0.0266957674
9.5536937714,0.0396889411,-0.0252913311,-0.0288996473,-0.0828940123,-0.0059079421,-0.0394403264
9.5636940002,0.040037062,-0.0167130902,-0.0267404094,-0.0860743672,-0.0080364738,-0.0362558514
9.5740861893,0.047197964,0.002543025,-0.0267094746,-0.1149076149,-0.0061592115,-0.0351857916
9.5838689804,0.0671904385,0.0159079954,-0.0278504863,-0.147876367,-0.0182383787,-0.053232573
9.5939722061,0.0843453705,0.0107850358,-0.0261887684,-0.1426179558,-0.0107993688,-0.0585391857
9.6039857864,0.0966782868,0.0075808694,-0.0282878056,-0.1200889796,-0.0233895313,-0.0670471191
9.614364624,0.0992673039,0.017029576,-0.023390092,-0.0903180391,-0.0125462031,-0.0712964535
9.6241731644,0.0862098336,0.0264897868,-0.0221751109,-0.0626140237,-0.0080531845,-0.0702391863
9.6342144012,0.075065881,0.0321002528,-0.0216519609,-0.0275021046,0.0029059895,-0.0638718382
9.6442613602,0.0657628775,0.0241864249,-0.0148945823,0.0139811011,0.0171252713,-0.0543194711
9.6546201706,0.0603131019,0.017273061,-0.0146345869,0.0491681173,0.0206643473,-0.0468940474
9.6643924713,0.0606925152,0.0133029148,-0.0208819285,0.0704568699,0.026155984,-0.0468969084
9.6745252609,0.0639699399,0.0103344247,-0.0203127041,0.0597126111,0.0335105695,-0.0437051132
9.6845197678,0.0642531514,0.0141828582,-0.0120892897,0.0427044109,0.0269733761,-0.0468881875
9.6948976517,0.0606217347,0.0083171651,0.0027123913,0.0117262555,0.0298929997,-0.0458170623
9.7046470642,0.0511790775,0.0062551429,0.0064028129,-0.027862886,0.0401506312,-0.0468630902
9.7147712708,0.0427218638,0.0032070207,0.0146088824,-0.0610402748,0.0494037829,-0.0479118414
9.7247991562,0.0362578295,0.0020285177,0.0126198158,-0.1102367193,0.0595715344,-0.0500182025
9.7351579666,0.0346416496,0.0056726863,0.0101495013,-0.1593720466,0.0645239502,-0.038323462
9.7449359894,0.0358740352,0.0064039757,0.0091625676,-0.2063264549,0.0641140863,-0.0383120105
9.7550382614,0.0342431031,-0.0113768056,0.0021451339,-0.2105576843,0.059763547,-0.0489310957
9.7650709152,0.0297567509,-0.027237542,-0.0028938428,-0.1945338696,0.0577189028,-0.058492247
9.7753944397,0.0194425248,-0.0148854926,-0.0048289075,-0.1614502221,0.0580424778,-0.0531914905
9.7885246277,0.0070570377,0.0072211553,-0.0114052668,-0.1305278838,0.061614044,-0.0351475105
9.7963647842,0.0043369797,0.0187343284,-0.0117422119,-0.0943072885,0.0683246776,-0.0309061576
9.8054428101,0.0093906792,0.0166848823,-0.0039095655,-0.0601672158,0.0696830153,-0.030913217
9.8162641525,0.0203254484,0.0253407285,-0.0026080981,-0.0451065078,0.0581909493,-0.0234901886
9.8261833191,0.0272412263,0.032107465,0.0035887584,-0.0504248105,0.057187669,-0.0075628199
9.8361883163,0.0261653922,0.0204276964,0.0068450198,-0.0588712953,0.0486943163,0.0030530726
9.8459730148,0.028006997,-0.0058318446,0.0033110008,-0.0512757711,0.0360211991,0.0019824156
9.8558521271,0.025078591,-0.0262971595,-0.0057389513,6.89076e-05,0.0236673281,-0.0086547825
9.8655834198,0.0144245299,-0.0331459716,-0.0133676901,0.0502642989,0.019819526,-0.0150399115
9.8756570816,0.0067237583,-0.020501323,-0.0166256204,0.1025962159,0.016032245,-0.0150550902
9.8857793808,0.0117603214,-0.0136491135,-0.0106516853,0.1271984428,0.0098470524,-0.0203744881
9.8960132599,0.016814407,-0.010662742,0.0014202222,0.1624216884,0.0090590231,-0.0256928224
9.9059314728,0.0209726952,-0.0193375424,0.013762556,0.1763004959,0.0080283135,-0.0394993834
9.915930748,0.017476853,-0.0125208572,0.0203026757,0.1848907918,0.0015983776,-0.060740754
9.9260568619,0.0013813643,-0.0086484626,0.030724965,0.1709516495,0.0078299083,-0.0628582314
9.9362621307,-0.0206351914,0.0029897618,0.0349566564,0.1356884688,0.0128965722,-0.05222876
9.9461832047,-0.0329145826,0.0009767341,0.0301202759,0.095086664,0.0178678948,-0.0490303002
9.9561824799,-0.0373597778,-0.0136898831,0.0231070742,0.0769039243,0.0219672974,-0.0469000377
9.9663190842,-0.0340218283,-0.0244795755,0.0130425915,0.065211162,0.0176552422,-0.0415900946
9.9765396118,-0.025801722,-0.0265154913,0.0077777728,0.0610678121,0.0048512956,-0.0469044335
9.9864616394,-0.0165374316,-0.0275742486,0.0025887117,0.080415383,-0.0088311601,-0.0554087721
9.9964456558,-0.0160224177,-0.0315641239,-0.0032754317,0.1114196405,-0.0138104726,-0.0469247401
10.0064945221,-0.0343411602,-0.0150545314,-0.0110925809,0.1114235073,-0.0124985334,-0.0087009892
10.0171051025,-0.0538990535,0.0258358642,-0.0141725913,0.0985764116,-0.0071530361,0.0146645214
10.0274763107,-0.0628817379,0.0434675738,-0.0114242807,0.0922032744,-0.0092201158,0.0316538252
10.0374546051,-0.0533835627,0.0329570696,-0.0017387047,0.0879475474,-0.0102907065,0.0359015651
10.0470199585,-0.040965829,0.0156350657,0.0049227104,0.0593064763,-0.027525885,0.0348389633
10.0573701859,-0.0354001857,0.0021805095,0.0142132863,0.0271317624,-0.011904316,0.0327313393
10.0669870377,-0.0445668437,-0.0258838013,0.0181260929,-0.0318659879,0.0184292234,0.0444403253
10.0769863129,-0.0734797418,-0.0230195001,-0.0333961025,-0.0982905552,0.0468238443,0.0943759307
10.0870704651,-0.0911607146,0.0276476666,-0.0736175552,-0.0836321637,0.0780337602,0.1421700269
10.0973587036,-0.0730257332,0.0630155727,-0.073468484,-0.0357642472,0.0944582745,0.1559694558
10.1072368622,-0.0146839647,0.0469127819,-0.0647428408,0.0137365693,0.0522453077,0.1251444221
10.1172561646,0.0362563394,-0.013966687,-0.0437511578,0.0451024808,0.007586495,0.0688388124
10.1276397705,0.0406720601,-0.0593667105,-0.0080223456,0.0561445877,-0.0318109766,0.0327132978
10.1377658844,0.0257995985,-0.0494470075,0.0237204656,0.0532425418,-0.0627326742,0.0135862073
10.1477651596,0.0189458989,-0.0162758902,0.0544064865,0.0319127515,-0.0651518926,-0.0033983681
10.1577396393,0.0251900516,0.0089291856,0.0596286878,-0.0107265878,-0.0721261799,-0.0394921899
10.1677999496,0.0338702165,0.0114929006,0.0226752982,-0.0387940183,-0.0418152772,-0.072384499
10.1780395508,0.032018777,-0.019093819,-0.0242193714,-0.0348237753,-0.0132693853,-0.0936072245
10.1879310608,0.0322537981,-0.0477491692,-0.0620952621,0.027187638,-0.0267563649,-0.1297317296
10.1979579926,0.0347858928,-0.0481599644,-0.0652062073,0.0872435197,-0.0595617183,-0.1966567039
10.2080440521,0.0270544551,-0.0253016427,-0.0514652506,0.1026282012,-0.1064127833,-0.2423417121
10.2183303833,0.0186273716,0.0091459081,-0.0271645561,0.0472983643,-0.1227986813,-0.2402122468
10.228181839,0.0109879943,0.0387418792,-0.0015775338,-0.0221883282,-0.1094319373,-0.2125806957
10.2382688522,0.0159244798,0.0682457611,0.0160045251,-0.1943081617,-0.0790055841,-0.1976566017
10.2483463287,0.0128240259,0.1072696373,-0.0225543752,-0.3387410045,-0.0407164544,-0.1530047655
10.2586202621,0.0158641897,0.0871800706,-0.027327694,-0.4545527995,0.0181431323,-0.0839290246
10.2684488297,0.0172272287,0.065354459,-0.0104294792,-0.4912579954,0.0627353042,-0.0308082197
10.2784967422,0.0152086588,0.0650145933,-0.0066104308,-0.5002307892,0.1085746959,0.0138125103
10.2885942459,0.0304824077,0.0599378869,0.0049757585,-0.487644136,0.1310370564,0.0244383235
10.2988653183,0.0714131594,0.0198560879,0.017850183,-0.4672994614,0.121318914,-0.0286616459
