0.0000000000,-0.0188541338,-0.0105101094,0.0188544858,0.0307765491,0.2915946841,0.0597621202
0.0098980665,-0.0235678777,-0.01814612,0.0284957755,0.0255154744,0.2841210663,0.0597597249
0.0200020075,-0.0253949687,-0.0218743905,0.0362123102,0.023437677,0.2788389623,0.0661284104
0.0300279856,-0.0263411626,-0.016798161,0.0458854288,0.0182130598,0.2671732903,0.0735529736
0.0401250124,-0.0254486129,-0.0194242224,0.0555789322,0.0065996549,0.255446732,0.0809841156
0.0501610041,-0.0276482627,-0.0141519532,0.0613069385,-0.0060482305,0.2405916303,0.0979686975
0.0605000257,-0.0251331553,-0.0116496906,0.0660518259,-0.0261645764,0.2245352864,0.103273578
0.0707740784,-0.0276189968,-0.0304423794,0.0678317398,-0.0430649966,0.2074516416,0.1096401289
0.0805680752,-0.0273313746,-0.0354609117,0.0724493116,-0.0642528459,0.1924589872,0.1170712858
0.0905870199,-0.0212386772,-0.0306570753,0.0780018419,-0.0716066286,0.1807088554,0.1149436831
0.1006770134,-0.0182135329,-0.0326169953,0.0894498676,-0.0713602602,0.1563408673,0.1202399805
0.1107890606,-0.0133339101,-0.0268681869,0.0912825912,-0.0615451783,0.1351769865,0.1159797162
0.1208029985,-0.0065672034,-0.0309145078,0.0962257236,-0.0517528392,0.1160716042,0.1021655053
0.1310780048,-0.0017734999,-0.0408950076,0.0993593782,-0.0451833569,0.0991030037,0.0947227702
0.1411249638,-0.0058248574,-0.037379168,0.1006493419,-0.0268558543,0.0801226571,0.0883370414
0.1512110233,-0.000173443,-0.0349263772,0.104111895,-0.014928354,0.0610925034,0.0830155164
0.1610850096,0.0083587831,-0.0345444903,0.1019279808,-0.005108959,0.0399199761,0.0776951835
0.1711950302,0.0254847482,-0.009995006,0.0530459732,0.0003949953,0.022962831,0.0734381154
0.181311965,0.0260105208,-0.005587243,0.0399341434,0.0016352832,0.0049165851,0.0702411234
0.1912930012,0.0237493888,-0.0053628315,0.0322513431,-0.0088517135,-0.0131721376,0.0766055509
0.2014479637,0.0218125358,-0.0058519472,0.0341737121,-0.0332732499,-0.0250665471,0.0755460784
0.2114360332,0.0200324431,-0.012611948,0.0331799835,-0.0523127168,-0.0422311537,0.0723569393
0.2215790749,0.0211535171,-0.0051742424,0.0290970672,-0.0467541404,-0.0644582286,0.073405765
0.2315779924,0.0198460594,0.0038313044,0.0257114042,-0.0517797954,-0.0952600837,0.0755152553
0.2416650057,0.020659931,0.0057903896,0.0201835502,-0.0590289943,-0.1176480129,0.0691351891
0.2517640591,0.0248809829,0.002501942,0.0128519405,-0.0571424179,-0.0968593806,0.0001281524
0.2617880106,0.0524109975,0.0118061081,0.0086644758,-0.0052730627,-0.0574635677,-0.0487085618
0.2718590498,0.2560068369,0.0569504872,0.0179507602,-0.0143405944,-0.0032607834,-0.0231960118
0.2819100618,0.180205375,0.051440455,0.0212136377,-0.0694052801,-0.1463198066,0.079742223
0.2919590473,0.01429928,0.0189140812,-0.0003783834,-0.0775295198,-0.1890076101,0.05317799
0.3024619818,0.0038455194,0.0192619935,-0.0084736478,-0.0656661242,-0.2004223913,0.076527454
0.3121310472,0.0200314298,0.0200310126,-0.0101940762,-0.0305211879,-0.193831861,0.0637802333
0.3222130537,0.015639551,0.0127055421,-0.0165211093,-0.007143694,-0.1841476858,0.0531618074
0.332226038,0.0149504608,0.0160171166,-0.0128953587,0.0044445181,-0.1692049503,0.0510427319
0.3423290253,0.019194968,0.0202948228,-0.0027756821,0.004350136,-0.1608061343,0.0372427665
0.3525019884,0.0136433905,0.0230673924,0.0070012677,-0.0053834515,-0.1481787562,0.0340661481
0.3624340296,0.0082367724,0.0280112997,0.0086561311,-0.0161175355,-0.1419561356,0.0266411193
0.372568965,0.0147760874,0.0287017599,0.0082145799,-0.0332054421,-0.1410858184,0.0202750992
0.3827600479,0.0137406355,0.0253437534,0.0038200486,-0.040759258,-0.1337634027,0.0139076803
0.3926349878,0.006253696,0.0348237529,-0.0043252837,-0.0342819169,-0.1411345005,0.013902355
0.40269804,0.0075066453,0.0442535654,-0.0094128978,-0.017196808,-0.142053619,0.0128360912
0.4127640724,0.008760429,0.0508119836,-0.0096502434,-0.0140327057,-0.1377123892,0.0234554466
0.4230619669,0.0030819839,0.0536965504,-0.0032436978,-0.0258059297,-0.1335167885,0.0319561921
0.4329999685,0.0071409708,0.0499461666,0.0021103488,-0.0321831331,-0.1356393248,0.0404511429
0.4429329634,0.0103053814,0.0557871237,-0.0012645853,-0.0311375521,-0.1323439926,0.0563803725
0.453091979,0.0024156636,0.0676164404,-0.0056388509,-0.0332755372,-0.1312116235,0.0701848641
0.4633049965,0.0012339121,0.0687819496,-0.0040168893,-0.0192979351,-0.1416714638,0.0744219571
0.4732170105,0.0079877442,0.0618064776,0.0018540489,-0.0074897464,-0.1478587836,0.0860956609
0.4832279682,0.0028976863,0.0633751526,0.0040277112,-0.0020816643,-0.1541171968,0.0956486762
0.4933340549,-0.0012779171,0.0647939816,0.000566827,0.0311181005,-0.1654785126,0.0988199711
0.5037400723,0.0024592048,0.0670961514,-0.005753411,0.0418738648,-0.1738232672,0.1062440723
0.5134780407,8.66717e-05,0.0657306686,-0.0101996791,0.0388045684,-0.186527878,0.1147328913
0.5234889984,-0.0033754641,0.0478197709,-0.0086453091,0.0356694683,-0.1929084659,0.1168545708
0.5336340666,0.0020892387,0.0453054681,-0.0060391556,0.0314915031,-0.201364547,0.1274694055
0.5438610315,-0.0022959346,0.0506643429,-0.0113278758,0.0230010264,-0.2056418508,0.1338404864
0.553779006,-0.005874061,0.0446244851,-0.0108947884,0.0262018777,-0.2056208104,0.1327778846
0.5637539625,0.0043775206,0.0326960459,-0.0094292294,0.032552585,-0.2002318352,0.1370258182
0.5738220215,0.0059071844,0.0362572446,-0.0089980494,0.0335573964,-0.1938357204,0.1402141452
0.584174037,0.0083317524,0.0329755917,-0.0094204079,0.0228684247,-0.1917797625,0.1444656253
0.5939570665,0.015662618,0.0258889571,-0.0069672,0.0057522897,-0.1876779646,0.145533815
0.6040380001,0.0160958543,0.0317017809,-0.0077442061,0.0078853751,-0.1876446754,0.1476560831
0.6141070127,0.0194124654,0.0375224128,-0.0123713147,0.0217676349,-0.1885983497,0.1455284804
0.6243970394,0.024782069,0.0353092328,-0.0177470576,0.0302825086,-0.18642281,0.1423422843
0.6342509985,0.0243520215,0.028233923,-0.0241596829,0.036713507,-0.1895983666,0.1349064708
0.6443110704,0.0256227925,0.0174297467,-0.0256348979,0.0506268442,-0.1937489659,0.130653739
0.6543300152,0.0308150128,0.0288722888,-0.0250635277,0.0623753816,-0.1947143674,0.1295884699
0.6647469997,0.0320683494,0.0335018411,-0.0215364825,0.0698153228,-0.1914525926,0.1317121387
0.6746430397,0.0350953117,0.0276043192,-0.0199588668,0.0708526224,-0.1882325709,0.1359606832
0.6845810413,0.0332757905,0.0294022337,-0.018336786,0.0814481974,-0.1807048023,0.1370229572
0.6946820021,0.0285007432,0.0232881084,-0.0155787598,0.0867204517,-0.1742852479,0.138086617
0.704949975,0.0236587301,0.0220188871,-0.0147025716,0.0994332954,-0.1646254957,0.1380893588
0.714854002,0.0187736526,0.0265735164,-0.0127967726,0.1111099273,-0.1581292599,0.1423368305
0.7248389721,0.0157322362,0.0273267999,-0.0079357754,0.1313999444,-0.1590145528,0.1423326433
0.7349870205,0.0137176281,0.0220294967,-0.0067554843,0.1367025524,-0.1557987928,0.1402093023
0.7451690435,0.0088659292,0.0167197362,-0.0085724723,0.1313097924,-0.1505532265,0.1380886883
0.7550990582,0.0029514199,0.0115806237,-0.0075538289,0.1270721704,-0.1537873745,0.1359645575
0.765114069,-0.0009578103,0.0132328644,-0.0016831291,0.1292580068,-0.1590731442,0.1359607428
0.7752560377,-0.0028821165,0.0188750401,0.0030994285,0.1260598153,-0.1590595692,0.1423323601
0.7854840755,-0.0086806351,0.0196326151,0.0049261916,0.1325196028,-0.1642673016,0.1486991197
0.7953339815,-0.0133935446,0.012528874,0.0038765538,0.1346842349,-0.1674524397,0.1455115825
0.8053849936,-0.0112344259,0.0102848187,0.0047955383,0.1412219703,-0.1800955534,0.1508142054
0.8155180216,-0.010121488,0.0051732431,-0.0011057985,0.1423870921,-0.1896075606,0.1550563425
0.8257499933,-0.0110404128,0.005948938,-0.0001635683,0.14353773,-0.1980714202,0.1571744233
0.8370499611,-0.011941337,0.0057514678,0.0017323362,0.1553720087,-0.2075179219,0.1571667045
0.845813036,-0.0098074907,0.0015955938,0.0007213223,0.1544108391,-0.2181370705,0.1571614444
0.8557620049,-0.0046963925,0.0032728089,0.0026241408,0.1565759927,-0.2213152796,0.1550357193
0.8660039902,-0.0004734033,-0.0067589511,0.0025595294,0.1491812021,-0.2288006246,0.1560956538
0.8759340048,0.0027538901,-0.0098923072,-0.0014908445,0.1438647211,-0.2309969366,0.1518487036
0.8859220743,0.0069127446,-0.0168786868,-0.0045430791,0.1439079791,-0.2352625281,0.1486619562
0.895999074,0.0099847084,-0.0189678892,-0.0085072648,0.1461263895,-0.2437457591,0.1465335637
0.9063149691,0.0159799829,-0.0201183185,-0.0133879315,0.140842244,-0.2491252124,0.1422851533
0.9161339998,0.0210338607,-0.0241767392,-0.0192765128,0.1355790496,-0.2566265464,0.1380355507
0.9261959791,0.0210841075,-0.0242489204,-0.0212677848,0.1377770156,-0.2629667222,0.1390933543
0.9362560511,0.0239946619,-0.0194611773,-0.0232068431,0.1356523335,-0.2640602291,0.1369697452
0.9465750456,0.0248487368,-0.0222612843,-0.0222975146,0.1260686368,-0.266287148,0.1337859482
0.95639503,0.0207531229,-0.0298680291,-0.0194405448,0.1174634248,-0.2600511014,0.1252968609
0.9666579962,0.0205546394,-0.0345214829,-0.0214808118,0.1120592877,-0.2537513971,0.1221149042
0.9764729738,0.02619908,-0.0245056376,-0.0186981093,0.1023800299,-0.246415168,0.1210592315
0.9868090153,0.0279450789,-0.0242400393,-0.0236945283,0.0991027951,-0.2390725762,0.112570405
0.9966629744,0.0276807919,-0.0317166671,-0.0247544181,0.0915769637,-0.2338674366,0.1072659194
1.0067460537,0.0255780593,-0.034355782,-0.0288250577,0.0850430056,-0.2212399244,0.0998414308
1.0168100595,0.0225987807,-0.0380167589,-0.0348836333,0.0732177719,-0.2128752023,0.0966632143
1.0271400213,0.0216403976,-0.035775505,-0.0371592194,0.0688260943,-0.2012819946,0.0902983248
1.0369349718,0.0168687478,-0.0334503278,-0.0367368609,0.051720608,-0.1982411891,0.0913659856
1.0469939709,0.0140555864,-0.0329673514,-0.0334973484,0.0410074294,-0.1941333413,0.0850013644
1.057139039,0.0142503148,-0.0393102989,-0.0263455044,0.0334688202,-0.1878948808,0.0754502043
1.0673960447,0.0115889078,-0.036018692,-0.0270396601,0.031267263,-0.1815889776,0.0690830499
1.077229023,0.0021227961,-0.0365870818,-0.0268169772,0.0279982351,-0.1752993912,0.0616544299
1.0872740746,0.0005981093,-0.033347033,-0.0373214632,0.0289872512,-0.1679115891,0.0542253442
1.0974119902,-0.0008511776,-0.031140767,-0.0399931818,0.0332174152,-0.1647743881,0.0414842479
1.1076530218,-0.0032215351,-0.0367672071,-0.0358475596,0.0203980505,-0.163873896,0.0340555571
1.1174809933,-0.005457663,-0.0346160159,-0.0318493992,0.005369301,-0.1555648297,0.0266309325
1.1275410652,-0.0095163221,-0.0353712067,-0.0319050699,-0.0053412942,-0.1525506675,0.0149548361
1.1375850439,-0.0125140185,-0.0360780582,-0.0311151873,-0.0128032053,-0.1537115425,0.0096471561
1.1478869915,-0.0085811848,-0.0310154781,-0.0293392073,-0.0170599204,-0.1559670419,-0.005218809
1.1577889919,-0.0113780731,-0.0357548818,-0.0305229556,-0.0213433485,-0.1549987197,-0.0137116304
1.16781497,-0.0190368518,-0.0298537835,-0.0326959044,-0.0245140828,-0.1582590193,-0.0211441796
1.1778709888,-0.0227576122,-0.0288776979,-0.0338205248,-0.0266179815,-0.1614814401,-0.0243306533
1.1882510185,-0.0244753584,-0.0278925523,-0.0369143635,-0.0308071598,-0.170075804,-0.0349520706
1.1980980635,-0.0212833509,-0.0298678502,-0.0360880047,-0.0307783969,-0.1733003557,-0.0413244814
1.2081170082,-0.0200125799,-0.0221125111,-0.0353025347,-0.033919543,-0.1797072589,-0.0434514172
1.2181999683,-0.02164682,-0.0202009901,-0.0355210453,-0.0413915738,-0.1798001975,-0.0476967618
1.2284229994,-0.0222960934,-0.019237183,-0.0347871929,-0.0478157848,-0.1777483076,-0.0498173684
1.2383110523,-0.0180164799,-0.0163420066,-0.0340774208,-0.0446490198,-0.1745719612,-0.055125583
1.2483229637,-0.0156634673,-0.0144642815,-0.0343222767,-0.0499492697,-0.1777743399,-0.0508781709
1.2584520578,-0.0113236541,-0.0086416826,-0.0356311947,-0.0660201162,-0.1715481281,-0.0508709811
1.2687710524,-0.0137796635,-0.0037991034,-0.0477575213,-0.0682179928,-0.1651795208,-0.0476823114
1.2786099911,-0.016269885,-0.0008380043,-0.0540578514,-0.0703730285,-0.1630692333,-0.0466189124
1.2886710167,-0.012859189,0.0031332148,-0.0545635372,-0.0736769438,-0.1524601132,-0.042364914
1.2987589836,-0.0094313854,0.0071149836,-0.0541091114,-0.0695106983,-0.1417574137,-0.0338662341
1.308842063,-0.0108756656,0.0101138726,-0.0527467877,-0.0610913746,-0.130018726,-0.0349243097
1.3186579943,-0.0151727432,0.0062271724,-0.0523276478,-0.0420231409,-0.1160786748,-0.0381075852
1.3287060261,-0.0096101994,0.0051446329,-0.0518082529,-0.0229559727,-0.1021524742,-0.0434144661
1.339163065,-0.0029359693,0.0029306782,-0.0483120829,-0.0050214743,-0.0818832293,-0.0508416891
1.3492339849,0.008786059,0.0063420902,-0.0525274426,0.0054530576,-0.0627470836,-0.0593294501
1.3590880632,0.0157869235,0.0106307045,-0.0548590571,-5.83548e-05,-0.0458868742,-0.0699376166
1.3691700697,0.0209767595,0.0090679303,-0.0544223934,-0.0152285462,-0.0238406286,-0.0858492777
1.3792769909,0.0283271447,0.0074684392,-0.0531820208,-0.0229290761,-0.0017148186,-0.0996396542
1.3895629644,0.0378570929,0.0135118142,-0.0549454838,-0.0092335297,0.0152780805,-0.1155611575
1.3993970156,0.0514470115,0.0223499313,-0.0547757298,0.0001644995,0.0354725644,-0.1229860559
1.4094600677,0.0543659106,0.0253129974,-0.0507608801,0.0074876049,0.0492626764,-0.133600086
1.4195330143,0.0572941676,0.0301798955,-0.0437956005,0.0180433095,0.0610476993,-0.1304114908
1.4298210144,0.0611173287,0.0447809473,-0.0387002379,0.0307598263,0.0707701668,-0.1208529323
1.4396699667,0.0590145364,0.049669303,-0.0316040665,0.0327401534,0.0867800266,-0.1091656461
1.4497309923,0.0489983335,0.0507460609,-0.0274720322,0.0412098318,0.0943928733,-0.0921756774
1.4597359896,0.0427346006,0.0538923517,-0.0223243367,0.0582306236,0.10104651,-0.0709406957
1.4700520039,0.0353627577,0.0590115562,-0.0180479418,0.0785177052,0.1013973206,-0.0444012992
1.4798740149,0.0248933211,0.0564469472,-0.0107758176,0.082840018,0.0973360017,-0.0221066475
1.4900070429,0.016233243,0.0511034504,0.0033188928,0.0797554925,0.0868223682,-0.0029984652
1.5000050068,0.0074527627,0.0537098423,0.0114703048,0.0607293323,0.0698308721,0.0203574561
1.5103560686,0.0004678732,0.0525918379,0.0176374782,0.0427398421,0.0559813678,0.0362839587
1.5201430321,-0.0027013654,0.0496842638,0.019818889,0.0268990956,0.040009588,0.0490215905
1.5301990509,-0.004005515,0.0488543287,0.020992266,0.0153222252,0.0240696389,0.060694892
1.5402960777,-0.005421483,0.0383350626,0.0271003116,0.022984406,0.0050437511,0.061745245
1.5505490303,-0.006905281,0.0316644683,0.0343553871,0.0296554901,-0.0214118902,0.0638542697
1.5604560375,-0.0006233091,0.0336738601,0.0368941873,0.0458658896,-0.0414172933,0.06596376
1.5705879927,0.0016907221,0.0288274661,0.0356423706,0.0513714664,-0.0583607852,0.0638305023
1.5805979967,0.0049624806,0.0220110789,0.0344737619,0.0483192168,-0.0732427984,0.0638238415
1.5908659697,0.0072223907,0.0239667669,0.0332944244,0.0452603661,-0.0870510191,0.0659423843
1.6006740332,0.0113288527,0.0279288068,0.0360421985,0.0369065627,-0.1051349491,0.0701826736
1.6107569933,0.0143543845,0.0212679878,0.0408037752,0.0285709202,-0.1253468841,0.0733591542
1.6207749844,0.0143413311,0.0176167861,0.0426378101,0.0222965125,-0.138127923,0.074416168
1.6311500072,0.0103947287,0.0139483586,0.0337439626,0.0319672488,-0.1443754286,0.0797195882
1.6409090757,0.0073161488,0.015134193,0.0269513,0.0417029671,-0.1569751054,0.0871434137
1.6510390043,0.0109610325,0.0144273415,0.0300234426,0.0460674092,-0.1665011048,0.0850143433
1.6610289812,0.0126434928,0.0049445401,0.0292419065,0.0450524762,-0.1718292981,0.0828883424
1.6713950634,0.0113352304,0.005192555,0.0304483045,0.043052949,-0.1856325269,0.0839422271
1.6812230349,0.0168433562,0.0025328172,0.031723842,0.0356954336,-0.1974311173,0.0743820071
1.691272974,0.0193645731,0.0047890316,0.0290833581,0.0209229868,-0.2134580314,0.07756529
1.7013369799,0.015962936,0.0139146224,0.0204936136,0.0092793796,-0.2231234312,0.0754398182
1.7116900682,0.012512303,0.0104644671,0.0158487428,-0.0034438176,-0.2317009568,0.0786225572
1.7214740515,0.0148414737,0.0041720043,0.0131944288,-0.017165754,-0.2466554046,0.08180397
1.7315560579,0.0141461855,0.0077286134,0.0114407409,-0.0266658906,-0.2562271953,0.0913589969
1.7415980101,0.0123193627,0.0104338899,0.0106735099,-0.0297543574,-0.266782105,0.1040960923
1.7518830299,0.0084538227,0.0092999712,0.0070366729,-0.0360681787,-0.2752775848,0.1115260497
1.7617529631,0.0015185839,0.0082856193,0.0024115909,-0.0402354971,-0.2847946584,0.1221403405
1.7718150616,-0.0035655135,0.0063901911,0.0017443764,-0.0465818606,-0.2900998294,0.1306332946
1.7818660736,-0.0028067464,-0.0023115503,-0.0017699135,-0.0496740602,-0.3007031977,0.1359377801
1.7921659946,-0.0060319537,-0.0012521374,-0.0042961966,-0.0528052375,-0.3070353866,0.1454921514
1.8020980358,-0.0083561772,-0.0001268017,-0.0058261286,-0.0559656173,-0.3113281429,0.1423054039
1.8120650053,-0.0086779231,-0.0029248821,-0.012185229,-0.058048714,-0.3166368306,0.1444257498
1.8221880198,-0.0129198069,-0.0057252874,-0.013676418,-0.0644232556,-0.3199242353,0.1369931251
1.8323800564,-0.0171082839,-0.0143556818,-0.01422037,-0.0761209726,-0.3243056536,0.1316851676
1.842269063,-0.0183359608,-0.0132884607,-0.0167315137,-0.0824939162,-0.3275722861,0.1274379641
1.8523110151,-0.0165532455,-0.0093470439,-0.021188749,-0.079292804,-0.3275726736,0.1231906265
1.862367034,-0.0176847801,-0.0092790946,-0.0285880696,-0.0804882944,-0.3148568869,0.1221354827
1.8725810051,-0.0206819996,-0.0102210268,-0.0331478268,-0.083789438,-0.3053913414,0.1136467904
1.8825390339,-0.0206905231,-0.0161083564,-0.0347184092,-0.070986025,-0.3053071797,0.1093963832
1.8925789595,-0.0158226714,-0.0122854337,-0.0274306666,-0.0560899861,-0.3009251654,0.1104559898
1.9026789665,-0.0167643651,-0.0046512713,-0.0289183985,-0.0509135984,-0.2849565744,0.1115244552
1.9129680395,-0.021562539,-0.0038256275,-0.0353591591,-0.0436015427,-0.2689485252,0.1157777235
1.9227930307,-0.0263352022,-0.0068453779,-0.0438064486,-0.0543990619,-0.2562889159,0.1189721823
1.9329040051,-0.0310630426,-0.0117466077,-0.0445782095,-0.0641521141,-0.2415330708,0.1168588921
1.9429030418,-0.0279237852,-0.0205326304,-0.0434228331,-0.0621259809,-0.2309251577,0.1136782765
1.9532830715,-0.0227127895,-0.0167484507,-0.0462322384,-0.0558968261,-0.2139418572,0.1062527895
1.9631750584,-0.0183791742,-0.020822309,-0.0500252396,-0.0432031378,-0.2032892257,0.0956368968
1.9732539654,-0.0129086012,-0.0211201534,-0.0509382635,-0.0369699523,-0.1874356866,0.0775923803
1.983453989,-0.0033595199,-0.0244989023,-0.0508841425,-0.0338734984,-0.1779763997,0.0595457405
1.9935109615,0.005413509,-0.0280295834,-0.0538026243,-0.035089951,-0.1643310934,0.0383168161
2.0033369064,0.0153328544,-0.0249077901,-0.0577417761,-0.0277052708,-0.1569773108,0.0170826353
2.0134148598,0.0234946385,-0.0229601488,-0.0636099726,-0.0054337317,-0.1441738904,-0.0020292744
2.0234560966,0.0327535048,-0.0134058818,-0.0704355389,0.010458149,-0.1335348338,-0.01901678
2.0337491035,0.0411709324,-0.0108291134,-0.0722683817,0.0316759273,-0.1217813715,-0.0349431485
2.0436048508,0.0507006422,-0.014211975,-0.0760826021,0.0378395468,-0.0984456912,-0.0444892496
2.0536780357,0.052504696,-0.0078903064,-0.0771128088,0.0366001651,-0.0814925358,-0.0466043316
2.0637290478,0.0474987403,-0.0034616219,-0.0724736601,0.0225144383,-0.0603936464,-0.0465902165
2.0740339756,0.0415394083,-0.0047455658,-0.0670620352,0.0031175455,-0.0414644964,-0.0465747043
2.0838770866,0.0395614877,-0.0039941301,-0.0608608872,-0.007819524,-0.0150256976,-0.045496922
2.0939569473,0.0366341844,-0.000269376,-0.0557752997,-0.0080198739,0.0051824357,-0.0380547866
2.1041049957,0.0376345888,0.007333375,-0.0507011563,-0.0028882287,0.0253673326,-0.041231405
2.1147851944,0.0387050286,0.0002828015,-0.0485179573,0.0108004184,0.0435123816,-0.0433500819
2.1243400574,0.0368098989,2.59054e-05,-0.0443434864,0.0181526076,0.0552417412,-0.0444078892
2.1342520714,0.0330356732,0.004564024,-0.0372952372,0.0212139636,0.0690277293,-0.0497103781
2.1442818642,0.028370358,0.0081490651,-0.0274524819,0.0040344447,0.0795024708,-0.0475771874
2.1545660496,0.0188391581,0.0176794901,-0.0178750884,-0.0194795877,0.0835892931,-0.0401359797
2.1645050049,0.0073961383,0.0157050863,-0.0134214293,-0.0494321585,0.0907761008,-0.03693939
2.1744799614,0.0037625199,0.0138433948,-0.0071253907,-0.0557871833,0.0865454674,-0.0263219625
2.1845619678,-0.0018699402,0.0159274712,-0.0057393443,-0.0589395687,0.0823565871,-0.013581668
2.1948318481,-0.0076050395,0.0171181932,-0.0082293879,-0.0471744165,0.0804276541,0.0002172352
2.2046980858,-0.0105414027,0.0163817778,-0.0037177932,-0.0214498788,0.0701313391,0.0140089467
2.2147350311,-0.0184356198,0.0224501863,0.0018561947,-0.0117482739,0.0618437827,0.0320540629
2.2248711586,-0.0235027894,0.0227827206,0.0074758399,-0.0159134567,0.0523544103,0.0469155647
2.235090971,-0.0344807133,0.0115007535,0.0179253686,-0.0264854077,0.0427820757,0.0575307906
2.2450079918,-0.0366984829,0.0080798045,0.0225047935,-0.0284652021,0.0279786289,0.0681418926
2.25502491,-0.0331073627,0.0085822716,0.0251957048,-0.0219469815,0.0163783655,0.0702570379
2.265141964,-0.0275253281,0.0021986736,0.0260617603,-0.0144280801,0.0110832024,0.0617580935
2.2753810883,-0.0219124183,-0.003403865,0.0212366451,0.0028361818,-0.0079505444,0.0490043499
2.2852091789,-0.012345993,-0.0023089277,0.0194762815,0.015752513,-0.0195928197,0.0362536646
2.2952690125,-0.0007255906,-0.0023289549,0.0168059934,0.0094135776,-0.0271430798,0.0256315805
2.3054008484,0.0060889488,-0.0053551425,0.0150874723,0.0030981572,-0.0368588232,0.0086395489
2.31564188,0.0149263507,-0.0034879076,0.0171290506,-0.0085855043,-0.042316705,0.0012090629
2.3255281448,0.0228132978,0.0042434703,0.0151558984,-0.0214016996,-0.0413675532,0.0012127913
2.3355369568,0.0248574391,0.0081105009,0.0121662486,-0.0139987245,-0.034977898,-0.0051566246
2.3458371162,0.0298423544,0.0100087896,0.007230388,-0.0044451673,-0.0295543727,0.0001526534
2.3560018539,0.0298573151,0.0226228014,0.0033166278,0.0083324146,-0.0262324791,0.0043989308
2.3658308983,0.0346632376,0.0206963792,0.0053796638,0.0179195274,-0.0239711888,0.0128920181
2.3758120537,0.0354651585,0.020762898,0.003599273,0.0200163126,-0.0196392238,0.0235115718
2.3858799934,0.032281138,0.0247537866,0.0008571016,0.0285245813,-0.0163400993,0.0298818536
2.3961730003,0.03000734,0.026857473,-0.0008472336,0.0381319076,-0.0161577407,0.0447431579
2.4060359001,0.028600134,0.0338510051,0.001408087,0.0445400067,-0.016032571,0.0553595833
2.4160871506,0.0271456018,0.0311645642,0.0007985699,0.0455998108,-0.014906521,0.0638539344
2.426197052,0.0246696249,0.0236344114,0.0022109617,0.0530611873,-0.0137525732,0.0680998117
2.4364361763,0.0202089325,0.0238562003,-0.0002514255,0.0520559251,-0.0190272965,0.0744701624
2.4463510513,0.0206029788,0.0240973607,-0.0046140086,0.0542668849,-0.0264079813,0.0787131116
2.456343174,0.0179758444,0.0234008208,-0.0059832465,0.0554191247,-0.0348581932,0.0829549953
2.4664700031,0.015294469,0.0197967663,-0.0034121408,0.056541115,-0.0401331149,0.0861374736
2.4767260551,0.0145479208,0.0132726207,-0.0036808383,0.0608847067,-0.047508806,0.0882560834
2.486620903,0.0147547489,0.0096404925,-0.0038813483,0.070533067,-0.0516481586,0.0914369598
2.4966211319,0.0129785305,0.0079471841,-0.0069430005,0.0737369061,-0.0515783802,0.097806707
2.5067429543,0.0072106486,0.0072670351,-0.0099871289,0.0770272464,-0.0599899739,0.1052342653
2.5169858932,-0.001539194,0.0017527712,-0.007170571,0.0770277753,-0.0599830523,0.1062960699
2.5268211365,-0.0054366821,-0.0027552473,-0.0032957923,0.0823879242,-0.0620169044,0.1126644835
2.5368950367,-0.0083952183,-0.000472747,-0.0013283623,0.0878039375,-0.0693567097,0.1190311685
2.5469460487,-0.0123479003,-0.0059352745,-0.001299156,0.0835157111,-0.0672512129,0.1222187057
2.5572481155,-0.01537224,-0.0123227462,-0.0032270085,0.0761294663,-0.0757825822,0.1254005879
2.5671401024,-0.0154935354,-0.022547029,-0.0031968486,0.0729376674,-0.0768854022,0.123277247
2.5772209167,-0.015569889,-0.0337514505,-0.002224816,0.0675852746,-0.0759328604,0.1137224287
2.5872249603,-0.0116455788,-0.0431257114,-0.0031722914,0.0623241961,-0.0846059769,0.0924834535
2.5975289345,-0.0007615322,-0.0544906482,-0.0012385977,0.04956422,-0.0901552662,0.0723106042
2.6073870659,0.0073122745,-0.0591421351,-0.0023403298,0.0272274874,-0.0989982933,0.0478904806
2.6174490452,0.0155578619,-0.0619694814,-0.0074046981,0.0059148497,-0.1036234051,0.0181640107
2.6275219917,0.0298177972,-0.0667989478,-0.0106438529,-0.0207042471,-0.1114842594,-0.0126253264
2.6377658844,0.0423044339,-0.0698663816,-0.0158691537,-0.0248635709,-0.124495931,-0.0497937351
2.6476430893,0.0500507727,-0.0731113777,-0.0181187522,-0.0194933042,-0.1299967021,-0.0869608074
2.6576969624,0.0609077588,-0.066891633,-0.0212870967,-0.0098555377,-0.1354384571,-0.1209444776
2.6677510738,0.0709212795,-0.0647562966,-0.0214464795,0.0039915685,-0.1344501674,-0.1506778598
2.6780650616,0.0703341737,-0.0618217215,-0.0255200993,0.0102803838,-0.1238882616,-0.1666009724
2.6878938675,0.0619526282,-0.0491597876,-0.0277606379,-0.0026423391,-0.1123290807,-0.1665919274
2.6979689598,0.0506411567,-0.0393011793,-0.0253038537,-0.0209305063,-0.0976627171,-0.1708256155
2.7080378532,0.0373903289,-0.0400391445,-0.0220389497,-0.0391872749,-0.0861293674,-0.1676298231
2.7183120251,0.0270191208,-0.0289712176,-0.01890756,-0.0456765443,-0.0776541233,-0.1612547487
2.7281579971,0.0185286775,-0.0129288062,-0.013868941,-0.0457228869,-0.0722590908,-0.1474486589
2.7381570339,0.0109385019,-0.0016054141,-0.0127991568,-0.067117922,-0.0659555197,-0.128327027
2.7483210564,-0.005549931,0.0031247509,-0.0138772856,-0.0917865187,-0.0533963218,-0.1219436973
2.7585811615,-0.0162210688,0.0012248529,-0.0190048348,-0.1206010655,-0.0524904467,-0.1070703417
2.7684988976,-0.0229850039,0.0159445778,-0.0213600527,-0.1356085092,-0.0451039039,-0.0932594538
2.7785220146,-0.0287961587,0.0240265504,-0.0180237424,-0.1548698694,-0.0387743711,-0.0730769485
2.7885890007,-0.0346890315,0.0352278128,-0.0090836417,-0.1816034764,-0.0325305909,-0.0560782626
2.7988810539,-0.0395908579,0.0397352949,-0.0021822585,-0.1816079617,-0.0313793048,-0.0422745645
2.8087301254,-0.0435399637,0.0413486138,-0.0011454952,-0.1805616021,-0.0280415639,-0.0199753847
2.8187890053,-0.0407039747,0.0507756844,-0.0049170386,-0.1677877307,-0.0235259756,0.0044445372
2.8288531303,-0.0418516025,0.0573568717,-0.0155484807,-0.1763439327,-0.0202513523,0.029931521
2.8391489983,-0.0450911149,0.0592537895,-0.0174216162,-0.171050936,-0.0147541221,0.0522305034
2.8489880562,-0.0454621539,0.0563469306,-0.0192676913,-0.1657243371,-0.0124262515,0.0766516924
2.8590559959,-0.0410279259,0.0622513667,-0.0200522076,-0.1443804055,-0.0110550579,0.0957602039
2.8690860271,-0.0385990962,0.0632546321,-0.0187897813,-0.1155929714,-0.0075303642,0.1095580459
2.8794009686,-0.0283535346,0.057414569,-0.0183448922,-0.0942983031,-0.0019768071,0.1191117913
2.8892650604,-0.0209908709,0.0543959513,-0.0237293374,-0.0783989653,0.0087591941,0.1169895232
2.8993091583,-0.0086981887,0.0512647405,-0.0221643578,-0.0624420792,0.0130887618,0.1084921136
2.9093790054,0.0076139336,0.0499226227,-0.0195406806,-0.0518730581,0.0226479117,0.0957526192
2.919699192,0.0289762989,0.0484211817,-0.0227484833,-0.0444972441,0.0310834069,0.0777044296
2.9295129776,0.0406797305,0.0506870523,-0.0240950715,-0.03496233,0.0374640785,0.0670872182
2.9395771027,0.0504819527,0.0597098842,-0.0244754683,-0.0234175269,0.0566155314,0.0596619211
2.9496541023,0.0594042316,0.0579560772,-0.0229346883,-0.0054377262,0.0726682693,0.0564799756
2.9599440098,0.0644157305,0.0581611767,-0.0194949042,0.0071799844,0.0919265822,0.0639190525
2.970195055,0.0615839139,0.0574190393,-0.02000059,0.0113361133,0.1036972255,0.0734800622
2.9801168442,0.0636112466,0.0548836365,-0.0215900075,0.0005417354,0.1164126247,0.0851685405
2.9901270866,0.067573823,0.0504408255,-0.0359003693,0.01855083,0.1304472089,0.0979125649
3.0002579689,0.063582398,0.0558044687,-0.0404170901,0.0504719019,0.1414956003,0.1223318949
3.0100941658,0.0613956824,0.0670696869,-0.0331254154,0.0738821551,0.1492315531,0.1382567883
3.0200970173,0.0582212582,0.052079536,-0.0228037965,0.0855573192,0.1557212025,0.141442135
3.0302438736,0.0520868078,0.0400213376,-0.0163818728,0.090854615,0.1600672156,0.1499373615
3.0404610634,0.0449557677,0.0396201983,-0.0138701331,0.0982740745,0.1654791534,0.1563088298
3.050358057,0.041766502,0.042147316,-0.0211612117,0.0896672681,0.1728939265,0.1658709198
3.0603489876,0.0297608748,0.0389535204,-0.0285769831,0.0799580216,0.183433786,0.1680023819
3.0704500675,0.0187096968,0.0290102735,-0.0282483231,0.0798754618,0.1919564456,0.1733156443
3.0807409286,0.020415701,0.0249222293,-0.0259965789,0.0829497129,0.2047304213,0.1754447073
3.0905828476,0.0152967935,0.0169386044,-0.0189263951,0.0892986879,0.2100844383,0.1743839681
3.1006288528,0.0121994382,0.0069696675,-0.0167546403,0.0988065451,0.2197317481,0.1765094399
3.1107668877,0.009181953,0.0076299082,-0.0253511798,0.1007906049,0.23459059,0.1743927598
3.1210069656,0.0003606445,0.0034150851,-0.0330734402,0.1049419865,0.2462846637,0.1722743511
3.131002903,-0.0074300403,-0.0056866636,-0.0339976698,0.1069382951,0.2601032853,0.1733425409
3.1409668922,-0.0102633471,-0.0051018228,-0.0310512912,0.113265112,0.2675582469,0.1690977365
3.1509451866,-0.0149924988,-0.012306653,-0.0301303994,0.1067361087,0.2802551389,0.1722911298
3.1612901688,-0.0206779465,-0.0165485963,-0.0293029677,0.0949125513,0.2886192799,0.1691135019
3.1711211205,-0.0223815665,-0.0285634026,-0.0256364476,0.0958997831,0.2959863842,0.1584989429
3.1812119484,-0.0269175395,-0.0338263139,-0.0308370721,0.091584295,0.3001662195,0.1542541385
3.1912479401,-0.0324111804,-0.034258686,-0.0302044284,0.0841745809,0.2936864793,0.1468202025
3.2016010284,-0.0329998955,-0.0366037115,-0.0256756674,0.0671632662,0.2871361673,0.1415127665
3.2113618851,-0.0384506807,-0.0379368886,-0.0212718379,0.0511829704,0.2837440968,0.1308971494
3.2214789391,-0.0448789224,-0.0373302326,-0.0168790948,0.0502962954,0.2656694651,0.1266416907
3.2315149307,-0.0444593057,-0.034825705,-0.0084608924,0.0631939843,0.2561838329,0.119201079
3.2418661118,-0.0381736979,-0.036306344,-0.0038045775,0.0654411316,0.2444831729,0.111761868
3.2516579628,-0.0348271355,-0.040749751,0.0038469899,0.0772083104,0.2413611561,0.1053865254
3.2617599964,-0.0304468498,-0.0413940176,0.0027702916,0.0782521367,0.2434789538,0.103263393
3.2717840672,-0.0250734314,-0.0371797904,-0.0041787755,0.0729500502,0.240270108,0.1064485386
3.282143116,-0.0275401697,-0.0396827683,-0.0053881537,0.0537529998,0.2390268892,0.1043297872
3.2919268608,-0.0260573253,-0.046036087,-0.0066616666,0.0366656259,0.2399041355,0.0990255699
3.302052021,-0.025542222,-0.0474711284,-0.0061065089,0.0249341875,0.2387276739,0.0969034284
3.3120529652,-0.0210677013,-0.0488625988,0.0031357873,0.0110663082,0.2374693304,0.0852265358
3.3224160671,-0.0048020715,-0.051226221,0.0094513763,0.0036246106,0.2341797352,0.0788557827
3.3321549892,0.0027188426,-0.0536155924,0.0136989225,-0.0145464027,0.2360325009,0.0618725419
3.3423218727,0.0133033162,-0.0599339232,0.0169325937,-0.0284280498,0.2357722372,0.040640559
3.3522920609,0.0278900638,-0.0614801869,0.0162174571,-0.0443918407,0.2301958501,0.0204676446
3.3626761436,0.0386883989,-0.0659740791,0.0143954623,-0.0784985945,0.2244402915,-0.0028862129
3.3724780083,0.054499425,-0.0675698742,0.0144389737,-0.0848832577,0.2210213244,-0.0304930713
3.3825740814,0.0665264502,-0.0674305782,0.0125880111,-0.0709385201,0.2124884129,-0.0559841841
3.3925771713,0.0747675672,-0.0606970415,0.009840833,-0.0601958632,0.2039135695,-0.0835979655
3.4028880596,0.0762517229,-0.0561392531,0.0082203019,-0.0377038941,0.1943659484,-0.1133383587
3.4127159119,0.0768272057,-0.0507939681,0.0067324508,-0.0280027948,0.1837151647,-0.132458508
3.4228100777,0.0666209236,-0.0377208218,0.0023587812,-0.0247003436,0.1730994731,-0.1377746463
3.4328460693,0.0435574427,-0.019714199,0.0009395945,-0.0299028307,0.1603900641,-0.1271616817
3.4431819916,0.0222674981,-0.0073645939,0.0103118289,-0.0393730551,0.1476359814,-0.1176090017
3.4529881477,0.0056871539,-0.0065508117,0.014927851,-0.0402740017,0.1317946911,-0.1048750952
3.4631109238,-0.0071877474,0.0070072184,0.0187042821,-0.0315520987,0.1150659248,-0.078340292
3.4731760025,-0.0212658867,0.0197120681,0.0226467717,-0.0218296945,0.1046921089,-0.0549883619
3.4834461212,-0.0375161991,0.0228037015,0.0277179349,-0.0163329318,0.0900653675,-0.0273909569
3.4932460785,-0.0480801687,0.0250196829,0.029995786,-0.0140617872,0.0774696842,-0.0093472414
3.5033068657,-0.0567856058,0.0194740668,0.0275363792,-0.0181834307,0.0637359619,0.0055124648
3.5133838654,-0.0655560717,0.0207989588,0.0231296886,-0.0393481031,0.046670422,0.0203745011
3.5236730576,-0.0626400337,0.0222366229,0.023584472,-0.0604669452,0.0241958071,0.0193070397
3.5334980488,-0.0646289811,0.0110216513,0.0260206331,-0.0603012964,0.0071574356,0.0097422972
3.5435519218,-0.0597396716,0.014243938,0.0276117194,-0.0494425222,-0.0119028091,0.0012356279
3.5536808968,-0.053794764,0.0191994682,0.0244970191,-0.0376045033,-0.022500325,-0.0125760576
3.563904047,-0.0487143025,0.0093742386,0.0195537675,-0.0204529501,-0.0309147164,-0.0242650714
3.5738601685,-0.0406937227,0.0130277053,0.0147214998,-0.0118424166,-0.0382810198,-0.0263945349
3.5838441849,-0.0307180509,0.0205847397,0.010887133,-0.0224563628,-0.0436735861,-0.0253314674
3.593998909,-0.029559575,0.018416442,0.0050700773,-0.0213359743,-0.04896928,-0.0253343973
3.6042108536,-0.0206160173,0.0181830898,-0.0055061709,-0.0063826432,-0.0498225614,-0.0136598982
3.6140971184,-0.0117694968,0.0296411887,-0.017005695,0.0107079269,-0.0506582633,-0.0019848663
3.6241190434,-0.0088735456,0.0284629837,-0.0225464236,0.0277658459,-0.0483249314,0.0075682923
3.634250164,-0.0040808553,0.0253756419,-0.026075853,0.0309001207,-0.0407730043,0.0224364549
3.6444659233,0.0035473472,0.0253317729,-0.0237840544,0.035078086,-0.0311174467,0.0330582075
3.6543450356,0.002366758,0.0204338208,-0.0244457852,0.0350386724,-0.0268318914,0.039431151
3.6643810272,0.0089823967,0.0214056745,-0.018278135,0.0402899459,-0.0182762183,0.0426192172
3.67456007,0.0136816269,0.0194578543,-0.0228605401,0.0380715355,-0.0097929854,0.0447476171
3.68475914,0.0154435402,0.0116417781,-0.0274273288,0.0390625745,-0.0023987852,0.038380865
3.6946229935,0.0211683288,0.0057464014,-0.0290753972,0.0347386673,0.0028412503,0.0341373831
3.7046189308,0.0240006223,0.0037308706,-0.0268865954,0.0314512365,0.0112731513,0.0298957024
3.7147810459,0.0307813063,0.000712849,-0.0207955968,0.0399616323,0.0134004839,0.0192766134
3.7250061035,0.0376264825,0.0014986766,-0.0146820676,0.0473526791,0.0208444856,0.0118456613
3.7349259853,0.0386796966,0.0041777859,-0.014510287,0.0472333692,0.0324878246,0.0076043112
3.7448420525,0.040760614,0.0029791368,-0.0133948456,0.0461017638,0.038844727,0.0076075736
3.7550029755,0.0418793932,0.0027851237,-0.0142994057,0.0396169685,0.0473183729,0.0139842462
3.7652730942,0.0380438939,0.0056055556,-0.0123586785,0.0331971757,0.049432721,0.0214197244
3.7751660347,0.0321636572,0.0075568329,-0.0036221873,0.0385487974,0.0484875664,0.0320358835
3.785187006,0.024251081,0.0085945502,0.0002874004,0.0396427177,0.0464511812,0.0437142439
3.7953238487,0.0172315612,0.0058057676,0.0051839221,0.0493044034,0.0412854478,0.0522036031
3.8055481911,0.0042742258,0.0010476483,0.013119923,0.069664292,0.0329819098,0.0532556213
3.8154580593,0.0010730391,-0.0037722217,0.012455808,0.0718848407,0.0245263726,0.0553744324
3.8254590034,-0.003127777,-0.0144520029,0.0128136743,0.0708239675,0.0233864728,0.0447564721
3.8355221748,-0.0033768052,-0.0271676406,0.0122723449,0.0709965378,0.005238628,0.0277585816
3.8458209038,0.0052171117,-0.0263809189,0.0157577861,0.07859914,-0.0085867066,0.0128851598
3.8557310104,0.0138731366,-0.0238039717,0.0193089116,0.0734089166,-0.0247353166,-0.0157901607
3.8657369614,0.0167958513,-0.0311187729,0.0170457233,0.0650072247,-0.0398084074,-0.0380942672
3.8758659363,0.0236679688,-0.0307075605,0.0157914031,0.0555655174,-0.0569722131,-0.054027427
3.8859019279,0.0355003253,-0.0254721865,0.0154688228,0.0428281538,-0.0645941794,-0.066769585
3.8957409859,0.0414628759,-0.0270183906,0.013159262,0.0236821547,-0.0711487532,-0.0699533969
3.9058198929,0.0405642167,-0.0197183117,0.0107107032,0.0098441038,-0.0744183138,-0.0646425188
3.9162800312,0.0395685807,-0.0141929612,0.0120739806,-0.00293345,-0.0765976459,-0.0561451092
3.926388979,0.0375042334,-0.010497652,0.0124480594,-0.0082317293,-0.0797295943,-0.0412808731
3.936207056,0.0304542556,-0.0086099133,0.0137178767,-0.017903531,-0.0722964406,-0.0274713188
3.9462590218,0.0203777924,-0.0094983801,0.0139319766,-0.0232193619,-0.0733148381,-0.0136662899
3.9563288689,0.0111848479,-0.0082659349,0.0180208553,-0.0381421186,-0.0744232386,-0.0009214659
3.9666090012,0.007756508,-0.0049634208,0.023026811,-0.0562340096,-0.0798710734,0.0012022052
3.9765710831,0.0013690358,-0.0132453069,0.0250701774,-0.0721999258,-0.0842756778,-0.0019813376
3.9865288734,0.0038295751,-0.0157240257,0.0232283939,-0.0838748515,-0.0907796472,-0.0072898166
3.9965910912,-0.0005276436,-0.0104121193,0.0212716926,-0.0967038348,-0.0887971893,-0.0115327649
4.0069050789,-0.0048411125,-0.0089683756,0.0173061956,-0.1148184091,-0.092200771,-0.0210862551
4.0167312622,-0.011086666,-0.0084744319,0.017154919,-0.1275110394,-0.1040390581,-0.0295833368
4.0267930031,-0.0172942504,-0.0060479273,0.0189330447,-0.1360283643,-0.106256403,-0.0327676795
4.0368571281,-0.0146735543,0.0012346876,0.0177959073,-0.1327662617,-0.1126360074,-0.0391424894
4.0472140312,-0.0120505923,-0.0003304111,0.0138492454,-0.1166408435,-0.1241677031,-0.0391518772
4.0569958687,-0.011469149,0.0087753907,0.0061151851,-0.0984272137,-0.130264461,-0.0221707616
4.0671319962,-0.010976457,0.0207593217,-0.0053248536,-0.0748818368,-0.1363701671,-0.0136852646
4.0772018433,-0.0145004028,0.0229812041,-0.0107627045,-0.0545994714,-0.1361030489,0.0001131055
4.0874547958,-0.0210405812,0.0242678896,-0.0102684628,-0.0417890772,-0.13589333,0.0149742104
4.0973548889,-0.0296393856,0.0236733928,-0.005836023,-0.0428471491,-0.1357849389,0.0330251157
4.1073827744,-0.0373398289,0.0232212916,-0.0005105865,-0.0578263365,-0.1304873228,0.0521454811
4.1174259186,-0.0402346477,0.0336737409,0.0066357721,-0.0866095126,-0.1327571273,0.0680786371
4.1277523041,-0.0353774652,0.0316610709,0.0069217551,-0.1004736945,-0.1339100748,0.0723272413
4.1376647949,-0.0265947804,0.0257659331,0.0052528251,-0.1047219709,-0.1360832155,0.070203647
4.1476759911,-0.0118976468,0.0226949826,0.0007510054,-0.0940440819,-0.137113601,0.0606444925
4.1577062607,0.0038382178,0.0252966657,-0.0036730899,-0.0769551098,-0.1391695589,0.04789754
4.1679668427,0.0176898018,0.0286966935,-0.0040639769,-0.0588003397,-0.141208604,0.0362114571
4.1778168678,0.0345803872,0.0319230333,-0.0053428542,-0.0470379516,-0.1443929374,0.0202798937
4.1878519058,0.0525406972,0.0321080461,-0.0046395194,-0.0353236645,-0.1422598809,0.0064760633
4.1979341507,0.0637331977,0.032153286,-0.0048648249,-0.0257621184,-0.1379319727,0.0064757969
4.208217144,0.0739401355,0.0379979983,-0.0080032479,-0.0151252411,-0.1346477717,0.0075354688
4.2180371284,0.0763165727,0.0428967848,-0.0091980826,-0.0088369846,-0.1228861809,0.0128487414
4.2287421227,0.0746969357,0.0527243987,-0.0065232646,-0.0099250199,-0.1196310669,0.0255938992
4.2384719849,0.0729560032,0.05882404,-0.0048637521,-0.0216554441,-0.1196297333,0.0415238626
4.249022007,0.0672328845,0.0524387732,-0.0042374264,-0.0227786601,-0.1131264269,0.0638239756
4.2589502335,0.0535390154,0.0569000021,-0.0046255719,-0.0185745955,-0.10553056,0.084000878
4.2689638138,0.0407308117,0.0624255911,-0.0079395901,-0.0058035916,-0.1010424048,0.1041733325
4.2787871361,0.0228876248,0.060318388,-0.0014571083,-0.0004455782,-0.1019044667,0.1275311112
4.2887783051,0.0049471026,0.0524615422,0.0070214141,0.0016873209,-0.1007214338,0.1434586197
4.2985129356,-0.0111714834,0.0466806069,0.0155171026,-0.0014315071,-0.1080725491,0.1593827307
4.3085422516,-0.020496808,0.0458510295,0.0162020791,-0.0131217716,-0.1123570427,0.1689400077
4.3186058998,-0.0289140567,0.0412053242,0.0140217412,-0.0140797114,-0.1229417771,0.1742439717
4.3289208412,-0.0344735608,0.0356256142,0.0128751863,-0.0139829852,-0.1324697584,0.1774243116
4.3387641907,-0.031262897,0.0300524607,0.0128240455,-0.0160000641,-0.1441594511,0.177418977
4.3488368988,-0.0300556049,0.0215379372,0.0138289798,-0.0158622451,-0.1579736024,0.1742269844
4.3588819504,-0.0327798352,0.0149443522,0.0158489812,-0.0146672847,-0.1706963181,0.1742203236
4.3691859245,-0.0326040611,0.0180636421,0.0140638221,-0.0124052214,-0.183402583,0.1752750129
4.3791370392,-0.0324605331,0.0162929073,0.0074794162,-0.0111777717,-0.1993013918,0.1763285547
4.3892679214,-0.0352940187,0.0135212913,0.0088215936,0.0006367574,-0.2066406757,0.1741992086
4.3992538452,-0.0332511291,0.007799543,0.0073400605,0.0028690184,-0.2161433697,0.1784410924
4.4096050262,-0.0331863984,0.0059223543,0.0039956439,0.015759971,-0.2245195955,0.1784337163
4.4194378853,-0.0341379866,-0.001804434,0.0046212543,0.0211286377,-0.2276421487,0.18055439
4.4294748306,-0.0311750397,-0.0017593729,-0.0005389584,0.0222587753,-0.2340056449,0.1794889867
4.4395861626,-0.0301839933,-0.0027073848,-0.0046759974,0.0340483226,-0.2392358184,0.1752361953
4.4498662949,-0.0271777734,-0.0105748996,-0.0097044837,0.040410988,-0.2360580117,0.1656787694
4.4596738815,-0.0211854205,-0.0117438063,-0.0195317399,0.0542692803,-0.2349243015,0.158243224
4.4698028564,-0.0229385123,-0.0130138621,-0.0293721091,0.0659338459,-0.2274377048,0.1518746018
4.4798841476,-0.0187802538,-0.0133344755,-0.033352986,0.0668065622,-0.2083649337,0.1465749145
4.4901037216,-0.0086467499,-0.0156075582,-0.0306217801,0.0634173751,-0.1904032379,0.1391510963
4.5000309944,-0.0072257156,-0.0198275074,-0.0251590144,0.0578761324,-0.1703323275,0.1327917278
4.5100069046,0.0002135998,-0.02114328,-0.0276525151,0.0576201752,-0.1448894739,0.1296195686
4.5201368332,0.0077892905,-0.0225100145,-0.0332180411,0.0627193302,-0.1215285063,0.1253827363
4.5303897858,0.0135231977,-0.0278105363,-0.0398801714,0.0635478124,-0.0982253775,0.1179613769
4.5402069092,0.0184351578,-0.0370944962,-0.0476176888,0.0729431808,-0.0780655146,0.1052274778
4.5503158569,0.0254081264,-0.0416506752,-0.0524773747,0.0855702087,-0.0610600971,0.0924905688
4.5603399277,0.0364827886,-0.0434397683,-0.0554218441,0.0971381813,-0.0451810025,0.071259588
4.5706849098,0.0438035503,-0.0503075942,-0.0603389889,0.1140654236,-0.0313994773,0.0468421951
4.5804872513,0.0542649999,-0.0524938926,-0.062396422,0.1160287112,-0.0156111922,0.0245518032
4.5906047821,0.0620068088,-0.0568257198,-0.0635870844,0.1158121079,0.0043608504,-0.0041066734
4.60060215,0.067961134,-0.0612677559,-0.0581120402,0.1070822626,0.0221710056,-0.0274551399
4.6109361649,0.0702051893,-0.05609449,-0.0538194329,0.098310262,0.0442534722,-0.0465548672
4.6207408905,0.0687210932,-0.0568465814,-0.0526236445,0.088494122,0.0642040074,-0.0656547844
4.6308727264,0.0693521872,-0.0537622198,-0.0574731976,0.0818527564,0.0874276385,-0.0751974955
4.6408720016,0.0642104521,-0.0477732643,-0.057640925,0.0816588774,0.106498003,-0.0794351175
4.6512241364,0.0542435423,-0.0427249297,-0.0530837923,0.0760986209,0.1287256777,-0.0804845318
4.6610131264,0.046273984,-0.0405300483,-0.043796435,0.0620453879,0.1466484964,-0.0794102103
4.671104908,0.0314963832,-0.0392125472,-0.0317865759,0.0555333756,0.1571822166,-0.0825890973
4.6811461449,0.017731227,-0.0359103307,-0.0237788092,0.0447784625,0.1655977964,-0.0793967694
4.6914310455,0.0088663464,-0.0315779671,-0.015865339,0.0298458301,0.1643933356,-0.0815180391
4.7013039589,0.002949453,-0.0301255211,-0.0079672467,0.0170919504,0.1589556932,-0.0847029164
4.7113380432,-0.0020124549,-0.0286352858,-0.0020330085,0.0043944772,0.1482190192,-0.0868277177
4.7214860916,-0.0079469914,-0.027169846,0.0019596682,-0.0040301671,0.1364111006,-0.0963876694
4.731675148,-0.0109541649,-0.024718605,0.0118459333,-0.0156306028,0.1225014701,-0.0985150635
4.7416238785,-0.0169336423,-0.0222525224,0.0246747602,-0.0292710494,0.0990105271,-0.1027705297
4.7516098022,-0.0220002159,-0.0217216238,0.0375599712,-0.0269332975,0.0788768306,-0.1017191783
4.7616829872,-0.0241517052,-0.0134530291,0.0369247049,-0.0257149003,0.0640598014,-0.0974796936
4.7719907761,-0.0312917456,-0.0042159189,0.0335386842,-0.0094793141,0.0419879183,-0.086876981
4.7818179131,-0.0405103788,-0.0037365186,0.0342161506,0.0034924112,0.0262678117,-0.074146539
4.7919421196,-0.0499025211,0.0075006257,0.0370199531,0.0175655391,0.0074016475,-0.0571706891
4.801940918,-0.0623771176,0.0139547959,0.0409345478,0.0209261831,-0.0072928765,-0.0370047018
4.812306881,-0.0740472302,0.0147102848,0.0430059284,0.014672921,-0.0210034959,-0.0157738477
4.8220682144,-0.0838983878,0.0098430887,0.0430843681,-0.0171939321,-0.034965381,0.0012160537
4.8321471214,-0.0860658512,0.0062072049,0.0450161546,-0.0480362661,-0.0446739346,0.0182078201
4.8422470093,-0.0795131549,0.010507144,0.0391245931,-0.0596431233,-0.0574600399,0.0256369747
4.8524918556,-0.0632093176,0.0089986101,0.0313277096,-0.0755919144,-0.0640136078,0.0182044245
4.8624229431,-0.0409810767,-0.000338875,0.022627579,-0.0669435635,-0.0756862462,0.0065166098
4.8724117279,-0.0285254344,0.001822151,0.0198924411,-0.0518466868,-0.0915409774,-0.0041121989
4.8825569153,-0.0111134881,0.0135375634,0.0162894595,-0.0422180295,-0.0947370306,-0.018981427
4.8927812576,0.0054271584,0.010499157,0.0030026303,-0.0357719287,-0.1000679582,-0.0317285806
4.9026961327,0.0191145912,0.0102616325,-0.0063454043,-0.0272503458,-0.0989947021,-0.0412863977
4.9126682281,0.0397052541,0.0177290812,-0.0176124703,-0.0208792407,-0.0957843289,-0.0455327444
4.9227848053,0.0505438223,0.0231600776,-0.0279084574,-0.0028136875,-0.0882126912,-0.047657147
4.9333229065,0.05256138,0.0256351009,-0.0342270285,0.0227074921,-0.0783922821,-0.040225327
4.9429321289,0.0525443926,0.0359120741,-0.0336854607,0.0374619365,-0.059080638,-0.0274778418
4.9529471397,0.0485716835,0.0375327244,-0.0292927157,0.0426762737,-0.0462047234,-0.0126078827
4.9630451202,0.0426004305,0.0324203745,-0.0259077679,0.046780739,-0.0291082934,0.0001412018
4.9733071327,0.0405230299,0.025448896,-0.0244959723,0.0477306321,-0.0173638854,0.0097012846
4.9833168983,0.036459066,0.0253135934,-0.0251040589,0.0507871434,-0.0024264818,0.0182023607
4.9932179451,0.0333573595,0.027229704,-0.0208954941,0.046418786,0.0082007954,0.0267040357
5.0032830238,0.0273344889,0.0252502337,-0.0196641814,0.0453069173,0.0124077909,0.0224592239
5.0135769844,0.0252653733,0.0106085911,-0.0164672267,0.0495196395,0.017729653,0.0192750804
5.0234069824,0.026165165,0.0124702826,-0.0054967534,0.0516517647,0.0177205969,0.0150273405
5.0334658623,0.0241642371,0.0113389865,0.0025582183,0.0601839982,0.0177328475,0.0054689888
5.0435218811,0.0202656761,0.0072064768,0.004815327,0.0612814873,0.0145383868,0.0022817175
5.053850174,0.0193055049,0.0078958645,0.0031967033,0.0645066053,0.0124434773,0.0022807189
5.0636940002,0.0173516646,0.0056620608,0.0025944579,0.0688608736,0.0039996593,0.0033371951
5.0737681389,0.0133589869,0.0044549475,0.0049726833,0.0678940341,-0.0054962412,0.0128887547
5.0838451385,0.009317196,0.0042171846,0.0074282754,0.0743740425,-0.012832718,0.0181924403
5.094080925,0.0012417799,0.0001516712,0.0099910367,0.076638788,-0.0255114958,0.0234945286
5.1040201187,-0.0039397711,-0.0029497372,0.0077546705,0.0852317438,-0.0307073221,0.0287987459
5.1140241623,-0.0033099288,-0.0050419797,0.0104876626,0.0895866528,-0.039122913,0.034101896
5.1241021156,0.000170148,-0.0070718755,0.0142282117,0.0768908337,-0.0498032533,0.0404705815
5.1343708038,-0.0002973312,-0.0187649354,0.0160122979,0.059920162,-0.0606182143,0.0319754966
5.1442961693,-0.0007677311,-0.0294800028,0.0138988364,0.0515200198,-0.0745066032,0.0287852958
5.1542868614,0.0007279282,-0.0256455168,0.0088813175,0.045249097,-0.0884243473,0.0181614812
5.1644201279,0.0061430102,-0.0306077227,0.006858455,0.037898507,-0.1013324186,0.0011681168
5.1746468544,0.01358316,-0.0395590886,0.0068576206,0.0347851403,-0.1110488921,-0.0200709254
5.1845269203,0.0171991363,-0.0418583974,0.0049139131,0.0348405354,-0.1175257042,-0.0370629579
5.1945490837,0.025792636,-0.0393950567,0.0030008424,0.0284496397,-0.1198212206,-0.0551131964
5.2046818733,0.0325076953,-0.0370041355,-0.000931753,0.0124650802,-0.1232686788,-0.0742232502
5.2148828506,0.0393300429,-0.0385236964,-0.0049710404,-0.0078718299,-0.1181876361,-0.0816497356
5.2247972488,0.0364163294,-0.0273279771,-0.0131365191,-0.0302948467,-0.1173569933,-0.0869526193
5.2348222733,0.0285829678,-0.0160371885,-0.0126820933,-0.0463594869,-0.1110974327,-0.0816351548
5.2449641228,0.0226859823,-0.0036896097,-0.0171579253,-0.0453839675,-0.1014836878,-0.073136203
5.2551698685,0.0137778288,0.0039636861,-0.0158985984,-0.0518847778,-0.0908116698,-0.0550788417
5.2650899887,0.0018918281,0.0010037196,-0.0146776568,-0.0444638766,-0.0853860155,-0.0465836264
5.2750988007,-0.0051682824,0.0010655297,-0.0105195176,-0.0445568189,-0.0746243075,-0.0232179835
5.2852311134,-0.0103377933,0.0070441137,-0.0112831723,-0.0403687321,-0.0660366789,-0.0136585664
5.2954483032,-0.0194495544,0.0004638804,-0.0110997092,-0.0500132367,-0.0618346855,-0.0072835581
5.3052921295,-0.0207427964,0.003656782,-0.0099972617,-0.061738871,-0.0629705191,-0.0030339519
5.3153729439,-0.017124854,0.0097968355,-0.0108991992,-0.0756241158,-0.0620655753,-0.0083387019
5.325422287,-0.0173576698,0.0003206504,-0.0108429324,-0.0841467604,-0.0643521696,-0.0221410673
5.3357162476,-0.0125997299,-0.0043988456,-0.0137134921,-0.0787856579,-0.0675431639,-0.0306392163
5.3455681801,-0.0048471326,0.0014631522,-0.0126202237,-0.0616982803,-0.0696199015,-0.0465715751
5.3556232452,0.0069433814,0.0022389067,-0.0133624207,-0.0435624495,-0.0695733577,-0.0635638088
5.3657569885,0.0149330264,-0.0030011761,-0.0169499051,-0.0297382474,-0.0652843416,-0.0752449632
5.3759832382,0.0171028748,-0.000524305,-0.0147296321,-0.0414847024,-0.0654266849,-0.0816145763
5.3859071732,0.0212835446,0.0078513399,-0.0166037213,-0.071493201,-0.0529694855,-0.0837243348
5.3958740234,0.0157196298,0.0056153904,-0.0167435538,-0.0949696302,-0.0531818047,-0.084779948
5.4060130119,0.0179477111,0.0141809359,-0.0140338074,-0.0949765593,-0.0520723313,-0.0773468018
5.4162569046,0.0259794369,0.0354261771,-0.0132066142,-0.0725681335,-0.0507335588,-0.06460917
5.4261288643,0.0163312927,0.0429947749,-0.0141747128,-0.0405281745,-0.052513618,-0.0550619997
5.4361371994,-0.0022319788,0.0398585573,-0.0130018126,-0.0116678728,-0.0564082265,-0.0402068868
5.4462270737,-0.0190057382,0.0406505242,-0.0057785641,0.0129506551,-0.0624213777,-0.0189801622
5.4565153122,-0.0417946205,0.0483310595,0.0025206674,0.0183634236,-0.0685889944,0.004375495
5.4664268494,-0.0510323271,0.0552032962,0.0089464057,0.0119723687,-0.0684925839,0.027736742
5.4764127731,-0.0584515557,0.0544999018,0.008502828,-0.0103846025,-0.0727509782,0.0553457364
5.4865250587,-0.0581616387,0.0530935302,0.0050252546,-0.0316952169,-0.0749209225,0.0765860453
5.4967889786,-0.0491406545,0.0469627753,0.0005644428,-0.0402365886,-0.0738798231,0.0850838572
5.5066862106,-0.035213612,0.0398453847,-0.0038839709,-0.0317427032,-0.0695681646,0.0840220526
5.5166449547,-0.0192867145,0.0375519171,-0.0083627831,-0.0296491869,-0.0653061792,0.0840243176
5.5268182755,-0.0062629813,0.0361841694,-0.0070140492,-0.0200397037,-0.0663525388,0.0734033659
5.5370492935,0.0029649502,0.0346557274,-0.0066037308,-0.0072720321,-0.0631195903,0.0638451502
5.5468859673,0.0123348003,0.0378311053,-0.0130306613,0.0001286259,-0.0567575619,0.0532284565
5.5569601059,0.0237024203,0.0350704566,-0.0174399745,0.009741066,-0.0577978641,0.04367017
5.5670347214,0.0302268639,0.0302858725,-0.0149947535,0.0214544479,-0.0556217954,0.0362356901
5.5773820877,0.034793891,0.0332150832,-0.0163886677,0.0363964289,-0.0554778501,0.0383559652
5.5872297287,0.037342526,0.0429405943,-0.0167366397,0.0481561534,-0.0574973263,0.0383519679
5.5972261429,0.0320326462,0.0438940898,-0.0189230572,0.0609852411,-0.0594584756,0.0457797907
5.6073608398,0.0256659761,0.048773922,-0.017185105,0.0695265308,-0.0593285151,0.054272078
5.6176042557,0.0221512094,0.0527599826,-0.0163262021,0.0801959187,-0.0580778271,0.069135651
5.6274461746,0.0146414405,0.0519181862,-0.0134339463,0.0983754545,-0.0610192865,0.0818711519
5.6375060081,0.0109219914,0.0501874462,-0.0104307067,0.1026308239,-0.058749076,0.098859854
5.6474428177,0.0071189767,0.0437065735,-0.0054855477,0.1037352383,-0.0618535206,0.109476015
5.6577482224,0.0042361384,0.0363064185,-0.0043894183,0.0994800851,-0.0628816336,0.1200936362
5.6675758362,-0.0006952519,0.0358372107,-0.0023793112,0.08782316,-0.0703211799,0.1338962615
5.6777000427,-0.0066914195,0.028708972,0.0044826139,0.0750546381,-0.0735751614,0.1402693391
5.6877331734,-0.0078168148,0.0225953236,0.0074523557,0.0719097108,-0.0788665935,0.1466382891
5.6980428696,-0.0070501203,0.0194630995,0.0133720506,0.0698184893,-0.0830938295,0.1519449055
5.7078771591,-0.0033762092,0.0143779889,0.0154690612,0.073125869,-0.0936828256,0.150876984
5.7180500031,0.0022579795,0.0053742896,0.0137151349,0.0710333437,-0.0979593992,0.1487518549
5.7281160355,0.0059415465,-0.0016686546,0.0090519059,0.0647456199,-0.1097140536,0.1445003748
5.7383880615,0.0105813509,-0.0077609648,0.007351147,0.0595039353,-0.1193445772,0.1391881704
5.7482481003,0.0142062074,-0.0089451298,0.0124924053,0.0489487648,-0.1311226636,0.1370613724
5.7582988739,0.0139339333,-0.0091978535,0.013726579,0.0447582267,-0.1397023201,0.1285626888
5.7683930397,0.0136595136,-0.0104370341,0.0140260328,0.0437443592,-0.1450166553,0.1285602897
5.7786960602,0.0114205843,-0.0097261295,0.0172972549,0.0470636189,-0.1566955447,0.1232458204
5.7885408401,0.0101135736,-0.0129043683,0.0216058362,0.0513449162,-0.1576915681,0.1274914443
5.798593998,0.0068503385,-0.0131498799,0.0190806258,0.0449549295,-0.1587807983,0.1317397058
5.8086361885,-0.001359784,-0.0133266672,0.020442592,0.0417961515,-0.1630527675,0.1317383796
5.8189558983,-0.0027208561,-0.0183499083,0.0169656146,0.0396583788,-0.1630772799,0.1306760311
5.8288002014,-0.0031262869,-0.020447515,0.0144709218,0.0364990681,-0.1673561782,0.1296129078
5.838845253,-0.005478763,-0.0225190744,0.0158662666,0.0258824322,-0.1727762371,0.1264285743
5.8489441872,-0.0038999552,-0.0255605802,0.015292393,0.0184828397,-0.1803238988,0.1179322824
5.8592300415,-0.0071867937,-0.0276949033,0.0137708057,0.0163988899,-0.1857034415,0.1094361991
5.8690662384,-0.0055381292,-0.0269754156,0.0083719362,0.017504368,-0.1899935156,0.1009393856
5.8790750504,-0.0038644904,-0.0233627781,0.0107864011,0.0089923982,-0.1932984442,0.0935061723
5.8892111778,-0.0050909156,-0.0217232332,0.0122002233,-0.0005297344,-0.2019118965,0.0871334895
5.8994951248,-0.0043518776,-0.0221008882,0.010759579,0.0090723997,-0.2018841952,0.0786374733
5.9093298912,-0.0015915269,-0.0196268782,0.006457435,0.0165508222,-0.2029076517,0.0743878633
5.9193959236,0.0002275473,-0.0172385201,-0.0007513893,0.0186904855,-0.2039908171,0.068015255
5.9294662476,-0.0008681649,-0.0216745958,-0.0030681028,0.0272355042,-0.2050118744,0.0627035871
5.9397392273,0.0009866124,-0.0164899454,-0.0072419774,0.0422148816,-0.2091598809,0.0573885776
5.9496130943,0.0008769995,-0.007439517,-0.0074441563,0.0496954322,-0.2101556361,0.0573861822
5.9596672058,0.0007965928,-0.006210648,-0.0095552336,0.0475180894,-0.2059514374,0.0542038381
5.9697299004,-0.0022003287,-0.0088899359,-0.0126642119,0.0496294424,-0.2038315684,0.0510189645
5.9799928665,-0.0061296457,-0.0067425598,-0.0157967936,0.0570561178,-0.1995078623,0.0531422347
5.9900007248,-0.0041841501,-0.0036359655,-0.0150249135,0.0675883889,-0.1856285334,0.0520846955
5.9999027252,-0.0021921629,-0.0025172459,-0.0083775651,0.0878308043,-0.182282269,0.0499576293
6.0099687576,-0.0031029815,-0.0014873969,-0.0065677296,0.1004781574,-0.1662345976,0.0531478301
6.0203499794,-0.0020101899,0.002435304,-0.0096696746,0.1057294831,-0.1576931775,0.0542126894
6.0301070213,-0.006761753,0.0015095843,-0.0108783375,0.1056320146,-0.1481649131,0.0510320812
6.0401268005,-0.0045959586,-0.0053145518,-0.013078345,0.1087485552,-0.1396490633,0.0510356724
6.0501289368,-0.005345487,-0.0004366266,-0.0163526665,0.1128705963,-0.1247230992,0.0563510768
6.0604529381,-0.0041149491,0.0054003368,-0.0186807048,0.120244354,-0.1150873825,0.0595387518
6.0702867508,-0.0048340792,0.0024919284,-0.0200619828,0.1329241991,-0.1022157967,0.0637891591
6.0803318024,-0.0064808363,-0.0023763406,-0.0205447804,0.1476863921,-0.084035255,0.0659189522
6.0903978348,-0.008091473,-0.0033517706,-0.0152189862,0.1624589413,-0.0668871626,0.0722945556
6.1007652283,-0.0038102502,-0.0052939882,-0.0109106433,0.1687116623,-0.0519768596,0.0723000839
6.1105422974,0.0005326038,-0.0140971169,-0.008605374,0.172840625,-0.03816038,0.0701823384
6.120631218,0.0078887707,-0.025858067,-0.0083230864,0.1737561822,-0.0233459454,0.0627573803
6.1306629181,0.0192647353,-0.0308923945,-0.0100808274,0.1715207249,-0.0138847996,0.0521446839
6.1410312653,0.0307059661,-0.0388880596,-0.0089985263,0.1565612704,-0.0130364494,0.0394063815
6.1507997513,0.0471207276,-0.0508144721,-0.0089473855,0.1383705437,-0.0090409089,0.0256096106
6.160861969,0.063631691,-0.0579000935,-0.01201321,0.1031175107,-0.0062487838,0.0128785688
6.1709289551,0.079251565,-0.0610830411,-0.0124002825,0.0731873065,-0.0023696236,-0.0030388786
6.1812992096,0.095948495,-0.0711074695,-0.0129246842,0.0465254709,-0.0048509571,-0.0221440624
6.1910738945,0.1117414609,-0.0743400082,-0.0116419923,0.025205804,-0.0083380993,-0.0401909724
6.2012000084,0.1256416142,-0.0815437064,-0.0074823033,0.0209903382,-0.0148726981,-0.0603676178
6.2111649513,0.1367006004,-0.0869487748,-0.0071814191,0.0231453702,-0.0181824751,-0.0826675966
6.221570015,0.1351307333,-0.090565525,-0.0088528525,0.0210236814,-0.0204267204,-0.0985954329
6.2313351631,0.1228779927,-0.0864594802,-0.0116135012,0.001778082,-0.017480731,-0.1092070639
6.2414679527,0.100879468,-0.0774594173,-0.0145833623,-0.0324265733,-0.0124941636,-0.112381883
6.2514772415,0.077893354,-0.069270514,-0.0158717763,-0.0709774271,0.0010187161,-0.1038709506
6.261824131,0.0607196465,-0.0637502894,-0.0125322472,-0.0977107733,0.0072410591,-0.0900570005
6.2716093063,0.0317482129,-0.05997058,-0.0065295827,-0.1149478182,0.0241649151,-0.0751789883
6.2817368507,0.0027791625,-0.0589829907,-0.0104639661,-0.1141300723,0.0497499034,-0.0581784323
6.2917442322,-0.0321097001,-0.0568422303,-0.0126558673,-0.119679831,0.0721090063,-0.0390534736
6.3020448685,-0.0631607398,-0.050599359,-0.0101946723,-0.1401261389,0.0900720209,-0.0231115241
6.3119049072,-0.0883590803,-0.0529009923,-0.0030688178,-0.1690744311,0.1036480218,-0.0177883971
6.3219442368,-0.1095640883,-0.0561195835,0.0028049815,-0.2022527605,0.1129015088,-0.0188374817
6.3321461678,-0.1159727797,-0.0554644689,0.0036545862,-0.2310705632,0.1125805974,-0.0294483155
6.3423881531,-0.1125307903,-0.0547799692,0.0034131873,-0.2694307268,0.1057820767,-0.0443071574
6.3522381783,-0.1129071936,-0.052196227,0.0039720405,-0.3055655658,0.0893908516,-0.0687275454
6.3623709679,-0.1063195691,-0.0467912778,-0.0003546608,-0.3214574158,0.0763883665,-0.088905111
6.3723669052,-0.0957138762,-0.0396049246,-0.0114668738,-0.3298474252,0.0602325723,-0.1143942252
6.3827190399,-0.0811097249,-0.0316550359,-0.0204142462,-0.3146966398,0.0379015654,-0.1420156062
6.3924970627,-0.0605445728,-0.0230236873,-0.0310427081,-0.2814787626,0.023177214,-0.1664527655
6.4026231766,-0.0467370972,-0.0127566084,-0.0472582728,-0.2450891882,0.0116985915,-0.1855802536
6.4125757217,-0.0367419347,-0.0066787233,-0.0583121926,-0.1886059195,0.0184201431,-0.2068272233
6.4229931831,-0.0207788572,0.0039910446,-0.0652223974,-0.1417270154,0.0262075588,-0.2142665535
6.4327611923,-0.0047720307,0.0173719302,-0.060240522,-0.092728585,0.035068959,-0.2227689624
6.4428601265,0.0084167486,0.0266876593,-0.0610420853,-0.0695629939,0.0660652891,-0.2195753753
6.4529061317,0.0139165884,0.0408186093,-0.0815738589,-0.0720562488,0.102162309,-0.2131859213
6.4630670547,0.0185456648,0.0452974215,-0.0994662195,-0.0820502937,0.1413909495,-0.204669401
6.472826004,0.0232594982,0.0479596034,-0.1147929579,-0.0941785946,0.1806009263,-0.1961523443
6.4830102921,0.0250911489,0.0614660755,-0.1236698776,-0.0956958011,0.2263186127,-0.1802021414
6.4933872223,0.0269745961,0.0673626438,-0.12308456,-0.0982766449,0.2720399797,-0.1621271968
6.5035161972,0.0259830728,0.0743641034,-0.1160226017,-0.0933426842,0.3124676049,-0.1525526643
6.5133090019,0.0231380835,0.0755479112,-0.1072248369,-0.0809584484,0.3550819159,-0.1429783255
6.5232748985,0.0144924289,0.0826141015,-0.094708696,-0.0599507689,0.389310807,-0.1291635334
6.53332901,0.0098101264,0.0867730752,-0.0822308213,-0.0389389619,0.4235808849,-0.1089775562
6.5435962677,0.0090720421,0.0860849395,-0.0688084513,-0.024244599,0.4492287338,-0.1004719585
6.55352211,0.0034487611,0.0786574259,-0.058413282,-0.0265104175,0.4630931616,-0.086661078
6.5635480881,0.0007483726,0.0790772811,-0.0480172783,-0.0243863054,0.4642366469,-0.077106379
6.5736818314,-1.4686e-05,0.0766294971,-0.0425043255,-0.0233436786,0.4675258994,-0.0622398183
6.5839500427,-0.0047398442,0.0811045542,-0.0419142395,-0.0200815983,0.4623529315,-0.0463164449
6.593791008,-0.009586894,0.0759410635,-0.0372750908,-0.0039308565,0.4487689435,-0.0357093401
6.6038122177,-0.0135466689,0.0698132887,-0.026616944,0.014347164,0.4362774789,-0.0229776986
6.6138820648,-0.0185953006,0.0646900311,-0.0138237607,0.0294845719,0.4173860848,-0.0113111893
6.6242260933,-0.0267170295,0.0595646277,0.0021464692,0.0521233827,0.395398438,0.0035365326
6.6340079308,-0.0340473875,0.0651841536,0.0183743108,0.0726624802,0.3702153265,0.0194457248
6.6440711021,-0.0385860428,0.0610993877,0.0290238727,0.0835966766,0.3448987901,0.0279257614
6.65417099,-0.0413028821,0.0482603088,0.0331185907,0.084912546,0.3205534816,0.0353458598
6.6644611359,-0.0402300581,0.0403285399,0.0383673757,0.0883720368,0.2951591909,0.0417028256
6.6743431091,-0.040292941,0.0314407125,0.0419002622,0.0887139887,0.261220932,0.0438093841
6.6843137741,-0.0404609069,0.0264348164,0.046578154,0.0900567546,0.2336517572,0.0448564105
6.694589138,-0.0358121619,0.0214004293,0.0456464142,0.0934813172,0.2113917321,0.0437826253
6.7047977448,-0.0312590823,0.0163894668,0.0448047966,0.0873354822,0.1858783811,0.0448335037
6.714673996,-0.0258167014,0.010450162,0.0489636511,0.0747216865,0.1666684598,0.0448271148
6.7246899605,-0.0184830651,0.0084352866,0.0502158254,0.0705820993,0.1539058685,0.0458837897
6.7347869873,-0.0170712098,0.0035153402,0.0505622476,0.0749896318,0.140157029,0.0469376035
6.7450628281,-0.0137512321,-0.0023818838,0.0490671247,0.0793830231,0.127456218,0.0458674766
6.7549629211,-0.0055762166,-0.0102495775,0.047682628,0.0848454311,0.1147569343,0.0437361486
6.7649850845,-0.0013388032,-0.0152393803,0.0415419191,0.0934694931,0.1063570604,0.0458536297
6.7750191689,0.0038117534,-0.0163530931,0.0335165113,0.0935850739,0.0946652442,0.0426623635
6.7853488922,0.0138390427,-0.0242676362,0.0284968484,0.0861657485,0.0892674848,0.0384141542
6.7952318192,0.0150499707,-0.026312314,0.0224130023,0.0744502321,0.0870637223,0.0416014269
6.8052082062,0.0132785803,-0.0292513594,0.0192202199,0.0680899918,0.0827353448,0.0373544171
6.8153829575,0.0134565001,-0.0302435979,0.0169932712,0.0669935718,0.0859436542,0.0426652953
6.8256082535,0.0116534,-0.0302109346,0.0166894067,0.0648811758,0.0838028118,0.04266496
6.8355250359,0.0127762323,-0.0330707058,0.0193279851,0.0648790449,0.083775118,0.0384177491
6.8455228806,0.0109713441,-0.0456970558,0.0200588573,0.0606475212,0.0794531405,0.0320450068
6.8556208611,0.0150510436,-0.0476372465,0.0178466905,0.0457780287,0.0718402267,0.0235505868
6.8658752441,0.0220807567,-0.0485905036,0.015602218,0.0266101658,0.0673580617,0.0129363593
6.8757572174,0.0291381255,-0.0504806265,0.0103707183,0.0053261835,0.0607363768,0.0023204666
6.8857812881,0.0352493897,-0.0514096245,0.0060462821,-0.0170190409,0.0530247241,-0.0114822313
6.8957328796,0.0512068644,-0.0571959242,0.0055764783,-0.0372406915,0.046350047,-0.0316546112
6.9060559273,0.065263547,-0.0591687784,0.0118882526,-0.0413904041,0.0334558859,-0.0507721789
6.9159240723,0.0823452249,-0.0525324568,0.0134091247,-0.0359796584,0.0248829033,-0.0709520131
6.9258909225,0.0916816369,-0.0460798964,0.0120682586,-0.0305776745,0.0173631348,-0.092192255
6.9360551834,0.0932833329,-0.0465862975,0.0059039462,-0.0294668712,0.0119428039,-0.1113076285
6.946313858,0.0949538723,-0.0433221683,-0.0021811856,-0.0390188023,0.0053832377,-0.1282984018
6.9562101364,0.0936983004,-0.0381022319,0.0033649076,-0.0517119616,-0.00646197,-0.1378572881
6.9662561417,0.0816581026,-0.0250554308,0.0097914804,-0.0761874542,-0.013015544,-0.1336062849
6.9763288498,0.0665803924,-0.0060237874,0.0151504148,-0.0942189172,-0.0237424895,-0.127236262
6.9865951538,0.0474970117,0.0014666689,0.0185702909,-0.1122361943,-0.0354819037,-0.1134342328
6.9965353012,0.0282773152,0.0091146603,0.0190701354,-0.1195697412,-0.0481684022,-0.096449919
7.006480217,0.0030365949,0.0139785185,0.0157213081,-0.1183867082,-0.0586372912,-0.0762815326
7.0165472031,-0.0175234303,0.0160742179,0.0164044965,-0.109719716,-0.0700675771,-0.050806269
7.0269041061,-0.0333354697,0.0212138072,0.0123046506,-0.112845391,-0.0763305947,-0.0306338221
7.0366568565,-0.0531906709,0.0148575678,0.0101706851,-0.1234767288,-0.0795029551,-0.0147057213
7.0467472076,-0.069248639,0.012567021,0.0128202308,-0.1415979862,-0.0806118995,0.0022873767
7.0568151474,-0.0745426044,0.0181427971,0.0105395187,-0.1576256901,-0.0786227807,0.003354239
7.0671720505,-0.0808186159,0.0150495544,0.0100990403,-0.1715448052,-0.0744701177,0.0076049105
7.0769400597,-0.0821592435,0.0149076357,0.0105448831,-0.1801153868,-0.0713824481,0.0044232318
7.0870199203,-0.0873133764,0.0098365918,0.0050685275,-0.1770333946,-0.0597395748,-0.0040653939
7.0972180367,-0.0864715204,0.006581224,0.0044575799,-0.1674595922,-0.0576513894,-0.0221173652
7.1075539589,-0.0767163858,0.0031090749,0.0030155051,-0.1461035311,-0.0596909001,-0.0380507261
7.117454052,-0.0570477471,0.0101408735,-0.0022250544,-0.1226330847,-0.0595689341,-0.0507982112
7.1277480125,-0.046102725,0.0198762193,-0.0103002917,-0.1056041941,-0.0552388988,-0.0603557639
7.137650013,-0.0360931382,0.0275493041,-0.0143890511,-0.0895599872,-0.0594123378,-0.0709799156
7.1478939056,-0.0221291408,0.0341325179,-0.0144785773,-0.0757660866,-0.0518839806,-0.074165985
7.1576690674,-0.0052510733,0.0406956449,-0.0106145274,-0.06508255,-0.0528310016,-0.070983775
7.1677079201,0.0077298051,0.0471941605,-0.0115435254,-0.0405873805,-0.047263395,-0.063554354
7.1777939796,0.0138200289,0.0614171997,-0.0143449437,-0.0096742036,-0.0426313579,-0.0455093049
7.1880888939,0.0207932964,0.075707294,-0.0209827553,-0.0075926771,-0.0361012891,-0.0232087951
7.197947979,0.0198289528,0.0746081248,-0.0218172204,-0.0119597288,-0.0254246742,-0.0072753686
7.2079238892,0.0168008581,0.0688302293,-0.0188036095,-0.0151480911,-0.025300771,0.0160855465
7.2179980278,0.0224454179,0.0787594691,-0.011900438,-0.0130234221,-0.0230077915,0.0394457318
7.2283477783,0.0338644162,0.0839202777,-0.0107835662,-0.0013833838,-0.0121843051,0.0564368293
7.2381839752,0.0462526456,0.0852127448,-0.0135272872,0.0241355579,-0.0023630988,0.0638678521
7.248208046,0.0595712438,0.0777111426,-0.0132535826,0.0422062501,0.0052778432,0.0723614022
7.2582678795,0.0679949299,0.0770320669,-0.009066714,0.0527843237,0.0149547048,0.0776725486
7.268614769,0.0685951486,0.078304626,-0.0030206572,0.0569412299,0.0267179534,0.0861722231
7.2784252167,0.0632838979,0.0816189423,0.0048702825,0.0473029837,0.0309888646,0.1031655893
7.2884092331,0.0549617782,0.0821750537,0.0165923703,0.0461998209,0.0353065804,0.1159096807
7.2984380722,0.045557417,0.0760403648,0.0273653138,0.0558636338,0.0301685464,0.1286462396
7.3087720871,0.0429131165,0.0727969185,0.0334286541,0.0837051496,0.0209329035,0.1392507553
7.318652153,0.0401668921,0.0685550943,0.0407057852,0.1063119248,0.0020998265,0.1498535872
7.3286318779,0.0401850715,0.0711016431,0.0443456024,0.1225761101,-0.0220539793,0.1668275297
7.3386769295,0.0390690938,0.0668856874,0.0462881178,0.1292052567,-0.0442445055,0.1721237451
7.3507242203,0.0388067141,0.0558535233,0.0464907736,0.1358557194,-0.0685641617,0.176357314
7.3586621284,0.043298997,0.0497304574,0.0478741974,0.1371390969,-0.0897333622,0.1827172041
7.3687520027,0.0447503701,0.0504143611,0.04647623,0.1384192109,-0.1109227315,0.1858910918
7.3787651062,0.0431550518,0.0394581929,0.0500964969,0.148143217,-0.122475259,0.1911918521
7.389122963,0.0414829627,0.0333819762,0.0509153455,0.1398444176,-0.1458861679,0.1922452599
7.3989772797,0.0348078385,0.0293359533,0.0537437052,0.1304032505,-0.1618435681,0.1986104846
7.4090242386,0.028998889,0.0253644958,0.0566698164,0.1220792979,-0.1830955297,0.2049716413
7.4190888405,0.0240556374,0.0204940811,0.0558320135,0.118058458,-0.2075012624,0.210269466
7.429377079,0.0141236549,0.0137287751,0.0511964411,0.1150224805,-0.2234036028,0.2166339606
7.4392271042,0.0070215231,0.0070211063,0.0467203707,0.1163175702,-0.2456199527,0.2251169384
7.4492912292,0.0056302315,0.0023810042,0.0443429798,0.1079880297,-0.2657700181,0.2378500998
7.4593729973,0.0040994054,-0.0001844394,0.0449644178,0.0964349732,-0.2838542163,0.2463383824
7.4696621895,-0.0063249106,-0.0074780812,0.0426483005,0.0773915052,-0.2998463809,0.2601379752
7.4794692993,-0.0109822387,-0.0117237791,0.0394265503,0.0658027679,-0.3147960305,0.2611952424
7.4895319939,-0.0156947598,-0.0226986036,0.0342933983,0.0531207398,-0.3265313804,0.2686261237
7.4996337891,-0.0233770236,-0.0267936215,0.0311126579,0.0457680188,-0.3382676542,0.2686221302
7.5102157593,-0.0272032842,-0.0366420373,0.0299270023,0.0330693461,-0.3489825726,0.2696817219
7.5197691917,-0.0290704593,-0.0454543456,0.0277243722,0.014959584,-0.3523309529,0.2686228752
7.5297980309,-0.0328686461,-0.0542142019,0.0205670465,-0.0148486178,-0.3600676358,0.2611941695
7.5399360657,-0.0336929783,-0.0619024858,0.0113315452,-0.0458177179,-0.3582297862,0.2590793669
7.5501527786,-0.029539071,-0.0656817183,0.0009640324,-0.0629019216,-0.358453542,0.2474022508
7.5600771904,-0.030218266,-0.0674961433,-0.0095006358,-0.0789557248,-0.3544047475,0.2389139533
7.5700659752,-0.0347070917,-0.069368206,-0.0171462428,-0.0843810141,-0.3460755944,0.2219321877
7.580201149,-0.0342135653,-0.0752005801,-0.0238741767,-0.0962435305,-0.3345971107,0.208137542
7.5904312134,-0.0355070457,-0.081118606,-0.030721439,-0.0942388326,-0.3230310678,0.1890294403
7.6004962921,-0.0356694087,-0.0842730626,-0.0405832678,-0.0965637788,-0.3051372766,0.1699265838
7.6104998589,-0.0336981639,-0.083667241,-0.0486403853,-0.1031476706,-0.288348496,0.149762243
7.620598793,-0.0324966535,-0.0841649398,-0.0588351637,-0.1087922379,-0.2588255107,0.1285424531
7.630833149,-0.0349997506,-0.0867747292,-0.0731482655,-0.1048088968,-0.231348604,0.1062584445
7.6406989098,-0.0323763117,-0.0856572017,-0.0788647085,-0.1041146144,-0.1954036504,0.0850402415
7.6508140564,-0.028512679,-0.0808566436,-0.0868060738,-0.100231804,-0.1583760679,0.0627593771
7.6607861519,-0.0292800292,-0.0791540369,-0.0969884545,-0.0953009576,-0.1192108244,0.0415417068
7.671169281,-0.0219471082,-0.0756781325,-0.1084190756,-0.0947036669,-0.0737164468,0.0203278959
7.6809668541,-0.020181261,-0.0713920221,-0.1153938919,-0.0974041075,-0.0187221654,-0.0040653278
7.6910448074,-0.0269274339,-0.0682438836,-0.1208293587,-0.1010506675,0.0246117264,-0.0252779387
7.7011852264,-0.022667788,-0.0584176406,-0.1207295805,-0.0961826816,0.0701568425,-0.0443688072
7.7115430832,-0.0191012248,-0.0575312003,-0.1199537665,-0.0870028883,0.111466527,-0.0677090809
7.7213411331,-0.0142961973,-0.0538867339,-0.1194660813,-0.0735760331,0.1549711227,-0.0857413486
7.7314319611,-0.0121259922,-0.0466066226,-0.1260473877,-0.0601216629,0.1952871978,-0.1048384085
7.7414770126,-0.0126859779,-0.0404523835,-0.1280076653,-0.0477182604,0.2345523089,-0.1207489297
7.7518100739,-0.0061490769,-0.0354359373,-0.1252615601,-0.0299083143,0.2664240897,-0.1387890577
7.7615919113,-0.001399898,-0.0315638408,-0.1129093319,-0.0078128669,0.2973196805,-0.1493972242
7.7716698647,0.002546466,-0.0200442895,-0.1006665379,0.0111256167,0.323956877,-0.1578828543
7.7817540169,0.0017458564,-0.0086269006,-0.0954028517,0.0119376145,0.349437207,-0.1568085253
7.7919130325,-0.0038455958,-0.0049945344,-0.0893427283,0.0127530219,0.3749020994,-0.157856226
7.8018321991,-0.0103028053,-0.0032717215,-0.0873794705,0.0050620791,0.3971525431,-0.152534157
7.8118190765,-0.0147757763,0.0034566296,-0.0768512636,-0.0079017906,0.4130121171,-0.1440295577
7.8218989372,-0.0202202424,0.0005521548,-0.0625298172,-0.001654014,0.429045409,-0.1344669461
7.8321609497,-0.0197527036,0.0054492126,-0.0482454449,0.0099727884,0.4408739209,-0.1259691268
7.8420991898,-0.0261643752,0.0132695213,-0.0387698561,0.0291198529,0.4474423528,-0.1206617132
7.8521180153,-0.0286362991,0.0044208537,-0.0320276171,0.061155282,0.4455785155,-0.1238555163
7.8621997833,-0.0232737884,0.0012930406,-0.0240630042,0.0836289003,0.4394082427,-0.1238642931
7.8724761009,-0.0110413665,0.0010016335,-0.0111116301,0.0911739022,0.430903703,-0.1366133839
7.882311821,-0.0026969546,-0.0130117759,-0.0029149186,0.0848835111,0.4191144407,-0.1461738646
7.8923649788,0.0125441914,-0.0134614334,0.0111483205,0.0742373914,0.4157623649,-0.1578529626
7.9024720192,0.0376474038,-0.0129600987,0.0154701341,0.0572320446,0.4081100523,-0.1695322543
7.9126820564,0.0579004064,-0.0183335766,0.0197861064,0.0508902892,0.4016180038,-0.1801510155
7.9225797653,0.0772180334,-0.0189202055,0.0221865047,0.0488263369,0.3941169381,-0.1886486262
7.9326691628,0.0917014852,-0.019564949,0.0148380864,0.0467107482,0.3919345438,-0.1950197667
7.9426717758,0.0954564586,-0.021222733,0.0084724296,0.054211542,0.3888029158,-0.1971468329
7.9530601501,0.1011612788,-0.0180139765,0.0060428251,0.0499450266,0.3887791634,-0.1950218379
7.9628458023,0.0960868374,-0.012705408,0.0034286845,0.027443178,0.398180902,-0.1875788271
7.9729309082,0.0802288428,-0.0140224919,0.0064651836,0.0007428043,0.4000986516,-0.1833249629
7.983066082,0.0692818537,-0.0151592121,0.0132181514,-0.0292401277,0.4104892612,-0.176941365
7.9934439659,0.0593094602,-0.014177762,0.0090621579,-0.0591451861,0.4134658575,-0.1684370935
8.0033550262,0.041510202,-0.0091682896,0.0037567485,-0.067731224,0.4187517166,-0.1599378884
8.0132656097,0.0266071931,-0.0040269722,-0.0064487588,-0.0805214271,0.4176696837,-0.1461325735
8.0233793259,0.0145558482,0.0022559536,-0.0137713086,-0.0975869596,0.4176313281,-0.129139483
8.0336151123,-0.0132372612,0.0009689701,-0.0153865945,-0.1061064154,0.4165857732,-0.1153344586
8.0435190201,-0.0401509628,-0.0030846226,-0.0120854508,-0.1039630994,0.4167221189,-0.0972843543
8.0535116196,-0.0573560819,0.0026667488,-0.0068081748,-0.092244789,0.420124352,-0.0792340487
8.0636558533,-0.0785673484,0.0056002508,0.0014463532,-0.0868798494,0.4181528091,-0.0633094087
8.0739002228,-0.0969213471,-0.0030641186,0.0107759107,-0.0867962316,0.4096938372,-0.0590677932
8.0837278366,-0.1006112322,-0.0127165541,0.021228658,-0.0887424722,0.3905286491,-0.0665094703
8.0937700272,-0.0945263132,-0.0127427801,0.0279434789,-0.0906529129,0.3681506515,-0.0781978145
8.1038856506,-0.0835860595,-0.0050426354,0.0299421418,-0.1042129323,0.33610937,-0.0920137614
8.1141738892,-0.0697319135,-0.0032228457,0.0291381944,-0.1242045611,0.3061083853,-0.1100761816
8.1240158081,-0.0519446954,-0.0024804699,0.0246046651,-0.1334688962,0.2708590329,-0.1334510148
8.1340808868,-0.0332292542,0.003040768,0.0182760824,-0.1374219954,0.2389077693,-0.1462067664
8.1442022324,-0.0096623534,0.01133845,0.0160900224,-0.1190411299,0.2145939171,-0.1568415612
8.1544342041,0.0089506274,0.0165483132,0.012242185,-0.0814709216,0.1925974786,-0.1632328033
8.1643400192,0.0226064101,0.024507083,0.0096467603,-0.0418257751,0.1770480722,-0.1600652486
8.1743326187,0.035211958,0.0332864299,0.0053673852,-0.0225327164,0.1687564552,-0.1558280289
8.1844482422,0.0438268557,0.0352523103,0.0051264632,-0.0085924007,0.1625600755,-0.148402065
8.1947126389,0.0494542494,0.0420768633,0.0020030604,-0.0001222445,0.1701442897,-0.1356583834
8.2045946121,0.053095676,0.0489886776,-0.0021429195,-0.0044802418,0.1797391325,-0.122910887
8.2145519257,0.0566749945,0.0472537056,0.0005061495,-0.0045521455,0.1872007698,-0.1175981462
8.224694252,0.0592919365,0.0523817912,0.0040615667,-0.0099895215,0.1978265196,-0.1080352664
8.2349681854,0.0579715744,0.0624770299,0.0055519212,-0.0111582763,0.2084610462,-0.1027198657
8.2448921204,0.0566449538,0.0618960634,0.0060731042,-0.0122323297,0.2095611989,-0.0952864513
8.2549133301,0.054289259,0.0681962743,0.0065904725,-0.0143159619,0.2053952962,-0.0804226175
8.2650213242,0.0479154959,0.0755700245,0.0090499986,-0.0163937584,0.2001131773,-0.0740539357
8.2752389908,0.0375496522,0.0752145424,0.0096113551,-0.0152666289,0.1949075609,-0.0602534972
8.2851581573,0.0300088897,0.0778249279,0.014177667,0.0019187499,0.1845089793,-0.0507068671
8.2951250076,0.0252712145,0.0775028244,0.0199047197,0.0233750939,0.1741894931,-0.0347907469
8.3052549362,0.0292495862,0.0849579349,0.0189832319,0.0330831148,0.1648282111,-0.018870905
8.3154993057,0.0281788483,0.0818006173,0.0210704673,0.0385114886,0.1564694792,-0.0061344709
8.3254261017,0.0230935588,0.0747760907,0.021313535,0.0503319278,0.1492419392,0.0087241037
8.3353996277,0.0129672056,0.0813829675,0.0226282943,0.0654132217,0.135670796,0.0225154832
8.3455467224,0.004659391,0.0792568699,0.0299901832,0.0836252496,0.1295532584,0.0363111869
8.355755806,-0.0037892694,0.0732615367,0.0326180309,0.0933861881,0.1148799732,0.051166635
8.3656806946,-0.0162833557,0.0672893897,0.0363696665,0.107434094,0.0980874076,0.0607108697
8.3756923676,-0.0181658491,0.0622684732,0.0354578346,0.1171925589,0.08337944,0.0702573732
8.3858032227,-0.022101365,0.0601354614,0.0366877168,0.137609154,0.0697981119,0.0755544007
8.3960180283,-0.0212329254,0.0501222387,0.0322974771,0.1548446417,0.0540387221,0.0766043514
8.4059238434,-0.015547418,0.0468135849,0.0271229614,0.177351281,0.0446992852,0.0787175745
8.4159460068,-0.0108480686,0.0394980088,0.0260157455,0.1966215819,0.0384732783,0.0744624436
8.4260187149,-0.0022362107,0.0320740119,0.0279871095,0.2083983421,0.0342764035,0.0659629628
8.4363002777,-0.0004605287,0.0274922624,0.026086675,0.2094993144,0.0310949255,0.0649001598
8.4462251663,-0.0016117925,0.0277614966,0.0231790412,0.2105451375,0.0332262553,0.064900957
8.4562129974,-0.0066941613,0.0261180177,0.0231909622,0.2063348889,0.0279390793,0.0733940452
8.4663562775,-0.0079547996,0.0304050818,0.0251471866,0.1999667436,0.0247347653,0.0787030607
8.4765872955,-0.0082988376,0.0269798413,0.0271359552,0.2021566927,0.0195471253,0.0935632959
8.4864797592,-0.009721362,0.0285123363,0.0242545474,0.1978966892,0.019620629,0.1105531976
8.4964876175,-0.0093110437,0.0262998119,0.0204311479,0.1947895437,0.011186799,0.1232922897
8.5066308975,-0.0099965567,0.0183354989,0.0156788696,0.1969855875,0.0060112113,0.1402779371
8.5168733597,-0.0020092363,0.0202401653,0.0099640954,0.1863543987,0.0028459113,0.1572677046
8.5267629623,1.27917e-05,0.0164584294,0.009073602,0.1789319068,-0.0014010316,0.1668236703
8.5367336273,0.0029346114,0.0049740444,0.0091810096,0.1768651307,-0.0077442816,0.1731919497
8.546880722,0.0107374554,0.0003512276,0.0063387025,0.1640393436,-0.0057202792,0.1753198206
8.5571203232,0.0107036596,-0.0051731099,0.0024335254,0.1565904915,-0.007886095,0.1785053462
8.5669603348,0.0067479378,-0.0135817751,0.0033641923,0.1565798372,-0.0068250918,0.1785058826
8.5770072937,0.0096118813,-0.0132333264,0.0111424793,0.1640297323,-0.0046383035,0.1785055399
8.5871334076,0.0075983172,-0.0197323188,0.0170134176,0.1683589667,-0.0110085849,0.1721304655
8.5974531174,0.0085252887,-0.030178152,0.0210212339,0.1694952846,-0.0184812807,0.1636316478
8.6072444916,0.0133883124,-0.0377507433,0.0240813363,0.1620211154,-0.0186019242,0.1551391035
8.6173620224,0.0124033457,-0.037541829,0.0222159494,0.1514316946,-0.027231764,0.1477050185
8.6273889542,0.0163211003,-0.0460787639,0.0252500642,0.1387470663,-0.0401656702,0.1338983923
8.6376771927,0.0261187926,-0.0565904006,0.0302519668,0.1292193979,-0.0488411859,0.1179692373
8.6475553513,0.0330313817,-0.0584131703,0.0313768238,0.1271735579,-0.0585057959,0.103099741
8.6575870514,0.0409848467,-0.0613113865,0.030568229,0.1229808852,-0.067162931,0.0829225704
8.6676139832,0.0451071039,-0.0653076991,0.026894914,0.1199291646,-0.0832375064,0.0627411306
8.6779384613,0.0541534796,-0.0684116706,0.0281499494,0.1125534624,-0.0940506756,0.0415010266
8.6877737045,0.0603218451,-0.0725061521,0.0303350557,0.0891842246,-0.1060514152,0.0223885849
8.6978378296,0.0596803799,-0.0698275194,0.0353522152,0.0689873993,-0.114842236,0.0032780061
8.7079200745,0.0551829711,-0.0690949783,0.0344762653,0.0541583858,-0.1267268509,-0.0094657522
8.7182044983,0.0535968319,-0.0654638633,0.0375330299,0.0447351895,-0.1460116804,-0.0254009776
8.7280473709,0.0520006791,-0.0628273115,0.0338308662,0.0321197957,-0.165242359,-0.0285927746
8.7380619049,0.0513384715,-0.0552649125,0.0271944869,0.0023345221,-0.1750874072,-0.0338987224
8.74817276,0.037891306,-0.0485751256,0.0224034656,-0.0135648167,-0.1858234107,-0.0317764506
8.7584838867,0.0233545676,-0.038783811,0.0214732755,-0.0390101746,-0.2019073665,-0.0232830308
8.7683315277,0.01062671,-0.0307438597,0.025367843,-0.060197752,-0.2168716639,-0.0116053354
8.7783880234,-0.0071228379,-0.030306004,0.0243704189,-0.0813945383,-0.2307612449,0.0021966295
8.7884130478,-0.0249580964,-0.023953639,0.0175431836,-0.0770035237,-0.242325753,0.0128077287
8.7987623215,-0.040957652,-0.0205034837,0.0060014594,-0.061950136,-0.2527011037,0.0287253745
8.8086080551,-0.0541558489,-0.0111569986,0.0023995505,-0.0511994846,-0.2599725723,0.0382752046
8.8186597824,-0.0684268102,-0.0154065713,0.0018454659,-0.0468833037,-0.2641384602,0.0446434878
8.8287277222,-0.0787956342,-0.0147433504,0.0012763607,-0.0692455992,-0.2685158849,0.0542031713
8.8389911652,-0.0882117376,-0.0207606182,0.0006253588,-0.090599522,-0.2676552832,0.0520855598
8.8488616943,-0.0897504911,-0.0286284313,0.00177549,-0.1173320711,-0.2625971437,0.0499712788
8.8589353561,-0.0843817815,-0.0199682936,-0.0049619805,-0.1195211858,-0.2573315501,0.046789065
8.8689937592,-0.0740068182,-0.0240388736,-0.0107220542,-0.118486017,-0.2553386986,0.0255538169
8.8792629242,-0.053705655,-0.0351352319,-0.0115124118,-0.1046697199,-0.251174897,-0.0052391826
8.8891382217,-0.0400215015,-0.0348369703,-0.0191140305,-0.0887501389,-0.2437742651,-0.0307227056
8.8991641998,-0.0261703357,-0.024090074,-0.0267218482,-0.083450295,-0.2417640984,-0.0551452227
8.9092931747,-0.0062962407,-0.0183596835,-0.0245440137,-0.0792691335,-0.2344659716,-0.0806258172
8.9195947647,0.0117828017,-0.0118436441,-0.0272795092,-0.0792989284,-0.2324618697,-0.0986751914
8.9294395447,0.0221777931,-0.0063989987,-0.0320521742,-0.0847181976,-0.225199163,-0.1167207658
8.9394397736,0.030732967,0.0027947796,-0.0388041884,-0.0708950609,-0.22092399,-0.1305255294
8.9495029449,0.0393595472,0.0157307163,-0.0454844385,-0.04435426,-0.2068840712,-0.128401652
8.9598445892,0.0460323468,0.0266694203,-0.0442953259,-0.0156279653,-0.1981369406,-0.1273433268
8.9696331024,0.0507741347,0.0336276665,-0.0430412441,0.0087514091,-0.1808703244,-0.1156610996
8.9797325134,0.0496439114,0.0464044586,-0.0388348252,0.0310153812,-0.1657363772,-0.1029186696
8.9897613525,0.0504297391,0.0572914258,-0.0366205126,0.0351027995,-0.1464625448,-0.0816741064
9.0001192093,0.0413685217,0.0576516762,-0.0335458666,0.0253719576,-0.1326224208,-0.061489936
9.010011673,0.0361864343,0.0552659407,-0.0325335413,0.0177827477,-0.1198448539,-0.0444928482
9.0200014114,0.0338644758,0.0578816906,-0.0306508671,0.0059947981,-0.1145440936,-0.029623352
9.0300617218,0.0266311541,0.0635190383,-0.030820502,0.0037710583,-0.1049306169,-0.0168763977
9.0401906967,0.0193206444,0.0653583184,-0.0270959269,0.0123043591,-0.1037050337,-0.0030745654
9.049943924,0.0158870593,0.0643049851,-0.0213605296,0.0261498671,-0.1003385261,0.0064797914
9.0601243973,0.0065325266,0.0642522946,-0.020477308,0.0347050056,-0.1012280285,0.0213423613
9.070473671,-0.0058243508,0.0574170724,-0.0175954234,0.0400383063,-0.1000522375,0.0319606513
9.0806159973,-0.0153503055,0.054597117,-0.01370777,0.0421724021,-0.098841168,0.0521350279
9.0904397964,-0.0278900489,0.0528536215,-0.0078991782,0.0464797989,-0.1018968821,0.065935798
9.1005706787,-0.0444194302,0.0443722978,-0.0049758088,0.0486343503,-0.1028288528,0.0829239637
9.1105699539,-0.0561799631,0.0446963087,-0.0048861634,0.0593439862,-0.1058355644,0.0956613272
9.1208982468,-0.0679943189,0.0402039662,-0.0037331712,0.0743501261,-0.112022154,0.103086561
9.1307106018,-0.0779267177,0.0327927247,-0.0005308521,0.0786671117,-0.1161527112,0.1147631854
9.140832901,-0.0790818557,0.0273519531,-0.0001766813,0.088247411,-0.1139103323,0.1200690046
9.1508378983,-0.0792698488,0.0160692707,0.0021700726,0.0861451104,-0.1171119884,0.1200679392
9.1610879898,-0.0784890875,0.0048013697,0.0064616073,0.0829438567,-0.1171755716,0.1147607267
9.171002388,-0.0756576881,0.0022392047,0.0058200229,0.0850237831,-0.1118657589,0.1126392558
9.1810340881,-0.0698678717,0.0044896374,0.0022662748,0.089338854,-0.1160810068,0.1115758494
9.1911582947,-0.0670016631,0.0018684042,-0.0003126991,0.080789566,-0.1151153445,0.1083931029
9.201423645,-0.0631430969,-0.0007040726,-0.0029759537,0.0732655004,-0.1098823696,0.1073356941
9.2112350464,-0.0572735295,-0.0120327696,-0.0046577584,0.0807332695,-0.1098448187,0.1030866206
9.2236747742,-0.0465334281,-0.0156468377,-0.0062894952,0.0924517438,-0.1076349989,0.1009620279
9.2318401337,-0.0328057632,-0.0144725665,-0.0059194695,0.1159014106,-0.1053840891,0.089277409
9.2419700623,-0.01605656,-0.0212251768,-0.0044469964,0.1286559701,-0.1010821536,0.080780454
9.2521371841,0.0075871712,-0.0232261047,-0.0048720967,0.1297065914,-0.1000879928,0.069100894
9.2622566223,0.0234869495,-0.0321059451,-0.0092265736,0.1169048026,-0.101357989,0.0542385243
9.2722949982,0.0414162055,-0.038103722,-0.0136599671,0.1030576974,-0.1047452614,0.0414987616
9.2823047638,0.0643105879,-0.0353847966,-0.0152135026,0.0860288814,-0.1102961525,0.0266349278
9.2917518616,0.0862819329,-0.0404765233,-0.0158623587,0.0742819533,-0.1105094776,0.0096490197
9.3016710281,0.1014714018,-0.0427063331,-0.0175231826,0.0743002146,-0.1127157733,-0.003092475
9.3118114471,0.1147851124,-0.0382317528,-0.0182356965,0.0785431713,-0.1106118783,-0.0115868933
9.3220539093,0.1271415651,-0.0386789665,-0.0159878861,0.0849248171,-0.1095836908,-0.0253926534
9.3319187164,0.1366748512,-0.043144308,-0.0176051985,0.0923148245,-0.1021606624,-0.0360088125
9.3419151306,0.1354624331,-0.0349686369,-0.0193497073,0.0793930069,-0.0905946866,-0.0349378213
9.35206604,0.1303668916,-0.0228210315,-0.0212959182,0.0590126365,-0.0801409855,-0.0317420289
9.3622941971,0.1145272627,-0.0231372938,-0.0215283763,0.0258271974,-0.0697779581,-0.0253580324
9.3722047806,0.0996231809,-0.0203245506,-0.0142403971,-0.0094578229,-0.0625962093,-0.0157892946
9.3821697235,0.0797756091,-0.0182867274,-0.0101034772,-0.0340421572,-0.0574176982,-0.0019749459
9.3923196793,0.0501057282,-0.01219102,-0.0032186639,-0.0436724126,-0.0542424098,0.0097088749
9.4025783539,0.0262433663,-0.0166821703,-0.0002440346,-0.0501274616,-0.0489082932,0.0224528313
9.4124593735,0.0052674776,-0.0210805759,-0.0012316835,-0.0597364157,-0.0478550196,0.0341355875
9.4224624634,-0.0206223354,-0.02730795,0.0035276283,-0.0768230185,-0.0469851643,0.0277700331
9.432598114,-0.0347381458,-0.0325537547,0.0063091386,-0.0864175856,-0.0481439047,0.0256482922
9.4428129196,-0.0429805145,-0.0300114378,0.009059893,-0.0938368589,-0.0535559133,0.0192768797
9.4528694153,-0.045273684,-0.0285090432,0.0128261913,-0.0980510488,-0.0600838549,0.0001623074
9.4628791809,-0.045510672,-0.0378930792,0.0108232368,-0.0926672518,-0.0665683895,-0.0253265407
9.4729804993,-0.0456289873,-0.0474845991,0.0049987901,-0.0904685482,-0.0741083249,-0.0455050468
9.4832725525,-0.0475837216,-0.0446020588,0.0011455881,-0.092505224,-0.084883213,-0.0678068846
9.4931354523,-0.0494774804,-0.037924014,-0.0026949777,-0.0988286361,-0.0935033262,-0.0794893727
9.5031442642,-0.0523024425,-0.0322616324,-0.0085395705,-0.116963245,-0.0947782546,-0.0879797339
9.5132675171,-0.0521444902,-0.0285150036,-0.0124974381,-0.1287123114,-0.0938197821,-0.0879762694
9.5235347748,-0.0519677028,-0.0257312879,-0.0155245196,-0.1266043931,-0.0917271301,-0.0954088196
9.5334358215,-0.0449624881,-0.0239274129,-0.0107262265,-0.1181067824,-0.0873670056,-0.089038007
9.5434322357,-0.0379444584,-0.0152954087,-0.0108231436,-0.1181788445,-0.0799124166,-0.0847869366
9.5535211563,-0.0357741937,-0.0115658864,-0.017811073,-0.1150642782,-0.0714171976,-0.0879688859
9.5637645721,-0.0364873633,-0.0136358961,-0.0268468987,-0.1269288808,-0.0587811656,-0.0868973583
9.5737228394,-0.0283508524,-0.0079184994,-0.0262348782,-0.1259922385,-0.0460744239,-0.092200242
9.5837135315,-0.0182461962,0.0007673276,-0.02281381,-0.1431415379,-0.0387678444,-0.0879460424
9.5937900543,-0.0100339884,0.0123662129,-0.0223977696,-0.1368048191,-0.0323735923,-0.0921916515
9.6040697098,-0.0017500753,0.0151530281,-0.0268563163,-0.1177720949,-0.01414226,-0.0879389942
9.6140003204,-0.0041952962,0.0237204805,-0.0313612372,-0.098739557,0.0041318187,-0.0773167089
9.6239843369,-0.0115687484,0.0274637118,-0.0310309064,-0.0775662214,0.0213721246,-0.0656353459
9.6341075897,-0.0199183449,0.0292898789,-0.0228948724,-0.0638251081,0.0353763588,-0.0518284552
9.64432621,-0.0273606405,0.0302651897,-0.011905564,-0.063970387,0.0514427423,-0.0284598172
9.6542482376,-0.0329054222,0.03720323,-0.0019821061,-0.0640699863,0.0621427931,-0.0146510601
9.6642456055,-0.029631637,0.0345197693,0.0029920207,-0.0748560578,0.0737766773,-0.0061487854
9.6743774414,-0.0165506229,0.0337970629,0.0059914459,-0.0737921223,0.0737444535,-0.0125198653
9.6846170425,-0.0005263919,0.0349324718,0.0071368087,-0.0588628426,0.0749003291,-0.0178310741
9.6944761276,0.0175472274,0.0427037254,0.0122761596,-0.037497364,0.0717860311,-0.0358886383
9.7044906616,0.0366560593,0.0453932658,0.0176238883,-0.0170838647,0.0569849797,-0.0550141297
9.7146644592,0.0597598925,0.0526861325,0.0183281768,0.0075916559,0.0433163047,-0.0688306093
9.7248773575,0.0740855113,0.063713707,0.0123591293,0.0237230882,0.0306683537,-0.077335082
9.7347917557,0.0834902897,0.0688125268,0.0075076688,0.0344918445,0.0212333072,-0.0741571262
9.744764328,0.0849633589,0.0788137689,0.004691707,0.05269631,0.0161970034,-0.0571749508
9.7549152374,0.0794077292,0.0850044861,0.0117748845,0.0815934688,0.0091532087,-0.0370116234
9.7653036118,0.0736719742,0.0902935639,0.021048056,0.1136965156,0.0022282572,-0.0030465354
9.7750062943,0.0667360201,0.0986317769,0.0217274297,0.1287183464,-0.0037718443,0.0330478176
9.7850294113,0.0517384186,0.0916283503,0.0234703887,0.1319931895,-0.008821331,0.0680847615
9.7951145172,0.0414122716,0.0878182426,0.0252245534,0.1097059846,-0.0194193814,0.0999391004
9.8054170609,0.0289081708,0.080424346,0.0278841127,0.0905616358,-0.0247181393,0.1264853626
9.8153247833,0.0191519037,0.0694231167,0.0285585988,0.0693165362,-0.0332333297,0.150907889
9.825302124,0.011217392,0.0615610853,0.0311127771,0.0534228459,-0.0438859724,0.1657715142
9.8354406357,0.0070962077,0.0489191189,0.0327632278,0.0545661412,-0.051282905,0.168952927
9.8456573486,0.0068450337,0.0362955704,0.0296567548,0.0621674433,-0.0639082789,0.1753156185
9.8555822372,0.0036082631,0.0304374471,0.0276085008,0.0665190518,-0.0723867267,0.1710630804
9.8655576706,0.0003614789,0.0187400952,0.0226859916,0.0570022166,-0.0809736177,0.1689387411
9.8756952286,0.0019670492,0.0109749213,0.0246240962,0.0485914201,-0.0938009992,0.165749073
9.885928154,-0.0003244513,0.0060988436,0.0236242879,0.0411467925,-0.0971037894,0.15725407
9.8958673477,-0.0016378993,0.0012292636,0.019734012,0.036973618,-0.1066970229,0.1561885327
9.9058504105,-0.0009853477,-0.0065936078,0.0197487939,0.0423207432,-0.1077330634,0.153002128
9.9159917831,0.0026033288,-0.0144422278,0.0150135625,0.0509339385,-0.1150647402,0.1561816782
9.926194191,0.0022642976,-0.0194281563,0.0073894132,0.0531093106,-0.1193393916,0.1487471908
9.936126709,-0.0009784335,-0.0322318897,-0.0002060068,0.0467459559,-0.1236808747,0.1423758417
9.9461240768,-0.0002643699,-0.0382814631,-0.0077830683,0.0446753986,-0.1312080324,0.1296294183
9.9562454224,0.0014678603,-0.0336559638,-0.0134524237,0.0361559503,-0.133453086,0.1221978664
9.9664888382,0.0012724763,-0.0300100073,-0.0211413037,0.0105508268,-0.1347787976,0.1158323735
9.9763889313,-0.0067172283,-0.0389258489,-0.02218665,-0.0151385572,-0.1276239455,0.1084098816
9.9863834381,-0.0106904143,-0.0449092016,-0.0311876666,-0.0205435194,-0.1213524044,0.1009811983
9.9965219498,-0.0106976265,-0.0441156253,-0.0382893234,-0.0153287863,-0.1096832305,0.0935531035
10.0067510605,-0.0096456045,-0.0424258932,-0.047392264,-0.0102028409,-0.0884177536,0.0935636312
10.0167989731,-0.0094814533,-0.0465610251,-0.0517606884,-0.0051356452,-0.0618737638,0.0893284008
10.0266551971,-0.0111282701,-0.050792776,-0.0582405478,-9.24701e-05,-0.0332281366,0.0819084346
10.0367736816,-0.0106424326,-0.0512060151,-0.0668783337,-0.0089016743,-0.0068537872,0.0702440515
10.0469818115,-0.0109868282,-0.0526188836,-0.0708983094,-0.0251786485,0.0194332097,0.0553974658
10.0568618774,-0.0150833959,-0.0540544018,-0.0674079806,-0.0403261743,0.0393925384,0.0447932929
10.0669202805,-0.0170770511,-0.0477432236,-0.0631661564,-0.0543713719,0.0550557859,0.0246295668
10.0768871307,-0.0149389142,-0.0503136143,-0.0658843666,-0.059930183,0.0760976896,0.0044673071
10.0873842239,-0.0214356408,-0.0549866781,-0.0697508007,-0.0505047813,0.0930396542,-0.0135769406
10.0973110199,-0.0258658752,-0.0509968624,-0.0649362952,-0.0496006384,0.1089224815,-0.0199400298
10.1072120667,-0.0301797017,-0.0412451848,-0.0582564026,-0.0465109684,0.1195054203,-0.0284302551
10.117357254,-0.0364161953,-0.0383442864,-0.0496605784,-0.0391060486,0.1259228289,-0.0305525288
10.1275339127,-0.0396806821,-0.0296077952,-0.0440063626,-0.039167434,0.1323092878,-0.0273635928
10.1374549866,-0.0468472466,-0.0266862735,-0.0403764397,-0.040263854,0.1355175972,-0.0220527165
10.1474704742,-0.0520776138,-0.0266542658,-0.0377071053,-0.0370526165,0.1344990879,-0.0199311096
10.1575164795,-0.0524180159,-0.0266223773,-0.0320884138,-0.0359849557,0.1345153302,-0.0188695733
10.1677999496,-0.0488270149,-0.0256787166,-0.0283174645,-0.0209707469,0.127161935,-0.0273699835
10.1776580811,-0.0452232584,-0.0238472447,-0.0225325953,-0.0209622234,0.1260732263,-0.0316177271
10.1877765656,-0.0337769017,-0.0162210092,-0.0147342812,-0.0230014063,0.1153703928,-0.0433043428
10.1978225708,-0.026196979,-0.0193559751,-0.0059493911,-0.0357840471,0.1119578183,-0.0613533854
10.2080821991,-0.0146051878,-0.0216081962,-0.0069420468,-0.0518132932,0.1138621122,-0.0730264187
10.2179393768,0.005871213,-0.0170764551,-0.0060618054,-0.064592734,0.1104910821,-0.084704645
10.2279148102,0.0205396786,-0.0203739628,-0.0023049247,-0.0678050444,0.1103460714,-0.1027551517
10.2379665375,0.0382315293,-0.0160325989,-0.0014608038,-0.0614283755,0.1124616861,-0.1123119071
10.2482566833,0.0560040846,-0.0001256096,-0.0035177602,-0.0454040542,0.1104310974,-0.1197496504
10.2581005096,0.0630097762,0.0079102889,-0.0015880001,-0.0346816331,0.1051915884,-0.1240021884
10.2681646347,0.0709894672,0.0149407759,-0.0005384815,-0.0218329988,0.1010806039,-0.1208225042
10.2782354355,0.0720828548,0.0229293481,-0.0062849652,-0.0165239871,0.1043794602,-0.1102042124
10.2885446548,0.0642854944,0.0300512686,-0.0062024724,-0.0165663846,0.1098157689,-0.0900270417
10.2983970642,0.0495028868,0.0374130979,0.002569424,-0.0176851787,0.1163317263,-0.0656021237
10.3083963394,0.0384897366,0.0430332795,0.0142184366,-0.0198595971,0.1217984036,-0.0379923359
10.3185129166,0.0253675357,0.0459369794,0.0239109863,-0.0251595527,0.1198167428,-0.009323406
10.3288526535,0.0179921761,0.0490212813,0.0306721795,-0.040035516,0.1144912839,0.0076672286
10.3387041092,0.0154151088,0.0415331498,0.0306631196,-0.0367020369,0.1018425971,0.0161544569
10.3488121033,0.0127822524,0.0330720916,0.0259238351,-0.0365656316,0.0880574062,0.017208403
10.3588314056,0.0149591332,0.0333299413,0.0222598184,-0.0321176201,0.0700368658,0.014012875
10.3691110611,0.0180521384,0.0325754657,0.0295225251,-0.0254726075,0.0456337892,0.0055051413
10.3789424896,0.019132413,0.0375587121,0.0359977335,-0.0145387342,0.019153446,-0.001943454
10.3890218735,0.0191823617,0.0424921289,0.0407155603,-0.0196584482,-0.0020857975,0.0022947006
10.3990898132,0.0162257925,0.0455075279,0.0386384577,-0.0344927907,-0.0128401741,0.0001694979
10.4093866348,0.0063268309,0.0427520052,0.0327303261,-0.0321789272,-0.0297083706,0.0139646716
10.4192361832,-0.0017734403,0.0488570705,0.0308413375,-0.028797511,-0.0465318225,0.0330677927
10.4292993546,-0.0090456838,0.0501939431,0.0310363639,-0.018017035,-0.0569642261,0.0458000973
10.4393558502,-0.0174325928,0.0428228155,0.0294734109,0.002352153,-0.0651643649,0.0627796128
10.449587822,-0.0210503563,0.0452205911,0.0231852401,0.0216376204,-0.0712179318,0.0850702003
10.4594707489,-0.0228356943,0.0427997485,0.0199774373,0.0291852839,-0.0785381645,0.091435425
10.4695224762,-0.0295730457,0.0336151496,0.0197470058,0.0292734616,-0.0869703293,0.0999251232
10.4795770645,-0.030532442,0.0352036133,0.019577371,0.0293624103,-0.095409885,0.1073534787
10.4898481369,-0.0305368528,0.0309628621,0.0087438691,0.0230078436,-0.0996620208,0.1147862226
10.4999170303,-0.0354967937,0.0287487283,-0.0011577738,0.0092012165,-0.1061215177,0.1190337017
10.5098791122,-0.039491199,0.0207959786,-0.0072080027,0.0006713243,-0.1072629541,0.1179724261
10.5198097229,-0.0444845185,0.0128645077,-0.0093622338,0.0028295508,-0.1093316972,0.1232798398
10.5302505493,-0.0455879793,0.011741139,-0.008571757,0.0092257448,-0.1082091033,0.1243418455
10.5400590897,-0.0398170575,0.0027844084,-0.0037806164,0.0198501591,-0.1039272696,0.1158468947
10.5501899719,-0.0310474858,-0.0043354859,-0.0038452279,0.0379770175,-0.10272073,0.1137183607
10.5601701736,-0.0222312436,-0.0047437777,-0.0087030064,0.0454325378,-0.1016429439,0.1062844172
10.570520401,-0.0133455629,-0.0091610178,-0.0164630543,0.0464835316,-0.1006489247,0.0946049914
10.5803375244,-0.007352137,-0.0117008314,-0.0251855981,0.0454339758,-0.1028287187,0.0871715769
10.5904388428,-0.0003417367,-0.0123294219,-0.0280543696,0.05393444,-0.0996335223,0.0776148885
10.6004400253,0.0047495728,-0.0169185027,-0.0299518239,0.0570905507,-0.0953961685,0.0723072067
10.6108283997,0.0118508702,-0.0196219906,-0.0308625828,0.0634163022,-0.0879550353,0.0659387931
10.6205806732,0.0150982505,-0.0243289098,-0.0298726689,0.0697738007,-0.083689712,0.0606303103
10.6306829453,0.0193629041,-0.029058598,-0.0259821545,0.0622292794,-0.076363489,0.0553278252
10.6406021118,0.0275975242,-0.0308629498,-0.0212193858,0.0567615442,-0.0637334511,0.0468411297
10.6510248184,0.0329997316,-0.0317572579,-0.0224274527,0.0492085516,-0.0564326569,0.0372891687
10.6608877182,0.0414166823,-0.031720601,-0.0256399047,0.0406124033,-0.0512783751,0.0256141387
10.6708145142,0.0489195362,-0.0346080288,-0.0240676533,0.0267034322,-0.0483003631,0.0128783025
10.6809520721,0.0555270091,-0.0385468826,-0.0225873124,0.0138669955,-0.0464148447,-0.0062298784
10.6911945343,0.061249949,-0.0386528,-0.0182302129,0.0128044477,-0.0475541465,-0.0168484338
10.701048851,0.0640947595,-0.0330322012,-0.017795695,0.0127772829,-0.0455083027,-0.0285271946
10.7110834122,0.0620986596,-0.0264796242,-0.0174058806,0.0085187014,-0.0466632508,-0.0370198153
10.7211713791,0.0581586137,-0.025786005,-0.0160268676,0.0053247726,-0.0477937646,-0.0433903597
10.7314453125,0.0513192788,-0.0289744362,-0.0156905781,-0.0022233184,-0.0404093489,-0.0402012281
10.7413473129,0.0405530706,-0.0213790759,-0.01647879,-0.0183000229,-0.033059828,-0.0306372829
10.7512989044,0.0277688876,-0.0155483112,-0.011533631,-0.0385605805,-0.0342354104,-0.0210767351
10.7614707947,0.015901424,-0.0173450932,-0.0047450196,-0.052430056,-0.0343150385,-0.0147024598
10.7717103958,0.0079073077,-0.0141588077,-0.0038691889,-0.0737761706,-0.0333505087,-0.0008931032
10.7816133499,-0.0020854706,-0.0127881989,-0.0089308154,-0.0876131579,-0.0366062261,0.0065413769
10.7916297913,-0.0130997533,-0.0152136907,-0.0159971844,-0.1014506519,-0.0398759842,0.0118524525
10.8017187119,-0.0251431093,-0.0136509761,-0.020213021,-0.1153190657,-0.0399417654,0.0203503333
10.8119945526,-0.0352969989,-0.0148400292,-0.0167011153,-0.1334355026,-0.0421949998,0.0246014707
10.8218860626,-0.0454697832,-0.0178923234,-0.0074221026,-0.1536864489,-0.0444525592,0.0309762787
10.831864357,-0.0556454286,-0.0150552019,-0.004085077,-0.1611575484,-0.0445458405,0.0267312676
10.8419761658,-0.0648000464,-0.0161248669,-0.0095327031,-0.1632806212,-0.0456185602,0.0277930703
10.8522958755,-0.0720021948,-0.0172067508,-0.0139755141,-0.1558320075,-0.0434384272,0.0267306678
10.8621139526,-0.0723011121,-0.0212747678,-0.0164166819,-0.1462411582,-0.0423281565,0.0214197915
10.8722515106,-0.0676821098,-0.0234694108,-0.014934076,-0.1398788244,-0.0391573347,0.0108006373
10.8822088242,-0.0659176335,-0.0238572583,-0.0114790332,-0.1292144656,-0.0391541384,-0.0030054562
10.8925323486,-0.0572087988,-0.0263112411,-0.0108914506,-0.1260503083,-0.0360266529,-0.0157458857
10.9024038315,-0.0454712734,-0.0162294134,-0.0093809497,-0.132501021,-0.031907808,-0.0263601802
10.9124298096,-0.0375887379,-0.0129875764,-0.0128109585,-0.1400297582,-0.0267229676,-0.0348505378
10.9225816727,-0.0266921148,-0.0136870965,-0.0172422063,-0.1421784014,-0.0257290751,-0.0422820896
10.932888031,-0.0128402347,-0.0095467195,-0.0207411181,-0.1507372111,-0.0237028096,-0.0454638973
10.942817688,-0.00093373,-0.0034327137,-0.0203683507,-0.1475267708,-0.0247566216,-0.0486506373
10.9528074265,0.010993517,-0.0051197042,-0.016107453,-0.1443474442,-0.0226063859,-0.0486506373
10.9629507065,0.0238999501,0.0028999818,-0.0177047383,-0.1454555839,-0.0183509197,-0.0454628356
10.9730043411,0.0388054624,0.011885561,-0.0222828519,-0.1498218775,-0.0088740615,-0.0507657193
10.982919693,0.0537669435,0.0120921507,-0.0288425814,-0.1498778164,-0.0036036661,-0.0560720675
10.9929838181,0.0667972937,0.0171836391,-0.0237875115,-0.1552755833,0.0026866542,-0.0603133515
11.0030317307,0.0808582678,0.0193313733,-0.0207392108,-0.1596026868,0.007885145,-0.0709276497
11.0133495331,0.093055822,0.0213825479,-0.0235782992,-0.1586304158,0.016321905,-0.0804816037
11.0232963562,0.1003841534,0.0234069005,-0.02256204,-0.1607359052,0.0130787082,-0.0868534818
11.033246994,0.1008946076,0.0360732451,-0.0205928218,-0.1564984769,0.0163129177,-0.0847294182
11.0432882309,0.0935572758,0.043930687,-0.0196482074,-0.1533231884,0.0196000561,-0.0730487928
11.0536289215,0.0822286382,0.0499652997,-0.0157982241,-0.1629400998,0.0217418373,-0.0571180917
11.0634212494,0.0659044161,0.0542465225,-0.0130049121,-0.1714664847,0.0218057539,-0.0358799174
11.0734901428,0.0494789258,0.0518677607,-0.0092624556,-0.1682556421,0.0219441727,-0.018891545
11.0836038589,0.0348982587,0.0515696183,-0.0073890816,-0.1628635377,0.0179267935,0.0087118531
11.0939064026,0.0172122493,0.0543539301,-0.0084296595,-0.1585634947,0.0159949362,0.0320688412
11.1037139893,-0.0015772218,0.0495188609,-0.0055132043,-0.1627590358,0.0097093433,0.0501173474
11.1137695312,-0.0165536627,0.0448041931,-0.0015877617,-0.1616610289,0.0076714926,0.0617971756
11.123916626,-0.0306166634,0.0430863872,-0.0005602968,-0.1647819877,0.0002926721,0.0734740719
11.1341238022,-0.0428038463,0.0424142256,0.0014949905,-0.1636339724,-0.0081702545,0.0755912215
11.1440382004,-0.0471688136,0.0368272439,-0.0011905563,-0.1550335586,-0.0144686308,0.0745240897
11.154042244,-0.04960116,0.0341312066,-0.005756868,-0.1496411264,-0.0197211839,0.0755829662
11.1641759872,-0.0490753278,0.0323142186,-0.0121817719,-0.1410769373,-0.0228919443,0.0660230145
11.1743898392,-0.0485217795,0.0265208259,-0.0165544879,-0.1260718852,-0.0291350577,0.0649549514
11.1843156815,-0.044067882,0.0294082537,-0.0159957539,-0.1196813732,-0.0280389003,0.0617684796
11.194311142,-0.043482624,0.0264237896,-0.0134892594,-0.1165165007,-0.0248547606,0.0575212054
11.2044010162,-0.0419211015,0.0263246074,-0.0089980494,-0.1090039909,-0.0290335231,0.0575172082
11.2146368027,-0.0403456315,0.0349276438,-0.0083664786,-0.099379532,-0.031049937,0.0606982224
11.2245426178,-0.0387743339,0.0347187892,-0.0135091674,-0.086552687,-0.0330600925,0.0606939606
11.2345724106,-0.036260508,0.0315627828,-0.0214694869,-0.0822885111,-0.0319071449,0.0691885799
11.2446918488,-0.0318238363,0.0371848121,-0.023534907,-0.0662496239,-0.0349503383,0.0691829845
11.2549247742,-0.0303420052,0.0320604816,-0.0196778905,-0.0523545817,-0.0369373225,0.0713020638
11.2648553848,-0.028876923,0.0366139784,-0.0157225262,-0.0289192982,-0.0324743986,0.0734219402
11.2748336792,-0.0264535174,0.0372133031,-0.0116847884,-0.0161541551,-0.0281122047,0.0744832829
11.2850837708,-0.0210269913,0.0358283892,-0.0154556166,-0.0129948454,-0.0238333046,0.0755464137
11.2953138351,-0.0224347934,0.0334317461,-0.0202297103,-0.0098815849,-0.0153376199,0.0723640025
11.3051767349,-0.0159776434,0.0310710445,-0.0231143367,-0.016345609,-0.0089929048,0.0776778013
11.3152122498,-0.0095152492,0.0326074734,-0.0231182706,-0.012172861,0.0005649138,0.0734351203
11.3252458572,-0.0059334869,0.0292123333,-0.0182424914,0.0059022801,0.0070616952,0.0691865832
11.3354606628,0.0045562154,0.031556882,-0.0172473323,0.0250240956,0.0157108437,0.0681239739
11.3454055786,0.0072892075,0.0357159749,-0.0191775691,0.0451711752,0.0286130607,0.067063503
11.3553829193,0.0081062084,0.0320297256,-0.0191166531,0.0674533918,0.0415478349,0.0681260452
11.3654947281,0.0099593764,0.0273114219,-0.0210358035,0.076909475,0.056499619,0.0702547133
11.3757343292,0.0108726388,0.0245107785,-0.0230189692,0.0853087381,0.0703740865,0.0713213682
11.3856496811,0.0108591681,0.0206991807,-0.0220804345,0.1054467633,0.0843580812,0.07344684
11.3956441879,0.0147732859,0.0216645971,-0.0172231328,0.1288385391,0.0930582285,0.0745069161
11.4057445526,0.0138597852,0.0245122686,-0.0133420359,0.1393702775,0.1069306359,0.0723875687
11.416012764,0.0100551015,0.0175947919,-0.0104744565,0.1467749774,0.1133552417,0.0713268295
11.4258966446,0.0033519035,0.0155091658,-0.0125370156,0.1413455904,0.1228853688,0.0755801648
11.435921669,0.000583387,0.0173725858,-0.0156519543,0.1370067149,0.1302949488,0.0787713006
11.4460468292,0.0007362133,0.0144657865,-0.0149445664,0.128408432,0.1366210133,0.0840856358
11.4562520981,0.0018455153,0.0126142874,-0.007483257,0.124131158,0.1376867443,0.090457581
11.4661798477,0.0009658104,0.0098514929,-0.0020169152,0.1187550351,0.1419118494,0.094708249
11.4762077332,0.0020752316,0.0041924487,-0.0004573,0.1251138896,0.14621225,0.0947083235
11.4862995148,0.0061298972,-0.0015243518,0.0001656878,0.1336514503,0.1462937444,0.0957679898
11.4965362549,0.0101884371,-0.0014332759,0.0047012437,0.1421989948,0.1452931315,0.0936420634
11.5064105988,0.0103136664,-0.0033118951,0.0082996953,0.1422533244,0.1400019675,0.0957630053
11.516450882,0.0133608347,-0.0080764517,0.0109420884,0.132649526,0.1399250776,0.0968271345
11.5265827179,0.0154172545,-0.0166910514,0.0116073955,0.1284033805,0.1377796382,0.0989507362
11.536772728,0.0154719716,-0.0174306259,0.0161133874,0.1145767197,0.1334487945,0.1042613462
11.5467176437,0.0164981261,-0.0181210265,0.0225211252,0.1028153971,0.1354475021,0.1010799333
11.5567131042,0.0155376559,-0.0352855548,0.0309043992,0.099707678,0.1258641779,0.1000135392
11.5668487549,0.0175099745,-0.0388652906,0.0383149236,0.0987231061,0.1173322126,0.0947005302
11.5771303177,0.0224104896,-0.0376470909,0.0379996151,0.0988360271,0.1056057811,0.0862002522
11.5869112015,0.0234269276,-0.0423473939,0.0358571857,0.1053607687,0.0928535014,0.074512437
11.5969772339,0.024429597,-0.0471460447,0.033794865,0.100125663,0.0821065083,0.0607053451
11.6070766449,0.0274159089,-0.0491090044,0.0356982797,0.0959876403,0.0681723207,0.0447724499
11.6172103882,0.0294100419,-0.0481732711,0.0366543382,0.0832966119,0.0563548058,0.0394607782
11.6269874573,0.0294657126,-0.0433675274,0.0385718197,0.0705603138,0.0487466902,0.0288422219
11.6371297836,0.0265537873,-0.0424095616,0.0433901399,0.0556940138,0.0411753207,0.0267186165
11.647526741,0.0265498534,-0.0404151902,0.0472314209,0.0419133306,0.0314993933,0.0256542843
11.6576128006,0.0245628729,-0.0422595367,0.0471606106,0.0249326155,0.0228806715,0.0288420226
11.6674404144,0.0235308185,-0.0362615213,0.0392508358,0.0142927542,0.0195975266,0.0277812853
11.6775426865,0.022450842,-0.0340894088,0.0333133787,0.0122348499,0.0122223683,0.038394846
11.6875944138,0.0261668935,-0.0279380903,0.0351928324,0.0026972713,0.0058070794,0.0437030569
11.6979122162,0.0288614407,-0.0216789469,0.036103949,-0.0025911275,0.0015717214,0.0521968119
11.7077255249,0.0246290341,-0.0211631283,0.0350316614,-0.0153593868,-0.0016538994,0.0628164336
11.717792511,0.025246121,-0.0185924396,0.0349223465,-0.0259550642,-0.0091531612,0.0660005808
11.7278680801,0.0278008357,-0.0227565393,0.0308825839,-0.0419912934,-0.0060753459,0.0713151842
11.738240242,0.0283779278,-0.0200504884,0.021892773,-0.0473240577,-0.0060945204,0.0755639896
11.7480163574,0.0260069147,-0.0133702978,0.018687712,-0.0611738227,-0.0083169285,0.078751795
11.7580499649,0.0255709663,-0.0134479627,0.0183812249,-0.0697464868,-0.0052214032,0.0766309798
11.7681179047,0.025157012,-0.016408585,0.0199493039,-0.0740602762,-0.0010492948,0.0713251606
11.7784070969,0.0238408223,-0.0145766959,0.0185421575,-0.0741360188,0.006342575,0.0660204142
11.7882642746,0.0274522677,-0.0137097463,0.0209903587,-0.0816618428,0.0115477229,0.0607159324
11.7983455658,0.0272239819,-0.0148335323,0.0233722795,-0.0838823393,0.0199890118,0.0564739145
11.8083744049,0.0260582343,-0.0159837231,0.0217974056,-0.079617016,0.0199847501,0.0501020364
11.8187141418,0.0278608575,-0.0220794901,0.0241792072,-0.0742978901,0.0210161936,0.0384214111
11.8285293579,0.0277827159,-0.0185716972,0.0197713245,-0.0646974593,0.0210516136,0.0309863985
11.8385877609,0.0237996355,-0.0161585435,0.0212586988,-0.057137914,0.0114917969,0.0192997828
11.8486566544,0.0266591087,-0.0187114105,0.0287884343,-0.0388763472,-0.0011787247,0.0044236314
11.85896492,0.0207656994,-0.0146920308,0.0296213496,-0.0153407715,-0.0074018659,-0.0051417775
11.8687791824,0.0099744564,-0.0137319788,0.0316037983,0.0061472105,-0.0221179612,-0.0125871766
11.8788251877,0.0099369651,-0.0188172087,0.0358103365,0.0329423919,-0.0347482711,-0.0327747352
11.8889369965,0.0118924147,-0.0290248021,0.0344350189,0.0565715544,-0.0505551919,-0.0476538166
11.8992490768,0.0089756018,-0.0238674507,0.0331890434,0.0747819841,-0.0578930005,-0.0582800955
11.9090862274,0.0051099425,-0.0266326293,0.0311146844,0.0791399777,-0.0674878359,-0.0710275844
11.9191513062,0.0032130843,-0.0275297388,0.0320294946,0.0738915801,-0.0771657676,-0.0837734714
11.9292173386,-0.0035229558,-0.0294376835,0.0290080179,0.0610689968,-0.0762997046,-0.0965113714
11.9395103455,-0.0121564502,-0.0294407234,0.0317449421,0.0525498614,-0.0785804391,-0.1092508659
11.9493513107,-0.0138792032,-0.026586853,0.0393516868,0.0493538007,-0.0797386467,-0.1198686212
11.9594116211,-0.007752263,-0.0208682641,0.0479755253,0.0504970439,-0.0872209296,-0.1294265836
11.9694576263,-0.0015911097,-0.0142765269,0.0459633917,0.0558923446,-0.0935957432,-0.1379255354
11.9797821045,0.0036034351,-0.015568994,0.0401583761,0.0623858236,-0.1031012237,-0.1400569826
11.9895849228,0.0126920706,-0.010064207,0.0315009207,0.0592590049,-0.110556215,-0.1400599182
11.9997215271,0.0246311203,-0.0064117541,0.0287196506,0.0487080663,-0.1222717911,-0.1326306909
12.0097618103,0.0344918147,-0.0016636478,0.0308920015,0.0371571407,-0.1403282881,-0.11989519
12.0200653076,0.0432548895,0.0071386467,0.0291502345,0.021276921,-0.1520002484,-0.0986614078
12.0299444199,0.0469806567,0.0180861726,0.0235084165,0.013913014,-0.1614829749,-0.0784900934
12.0399522781,0.0544705763,0.0146553293,0.0169665683,-0.0009303531,-0.1699632108,-0.0572543778
12.0499858856,0.0530055538,0.0114289895,0.0113546718,-0.0073102219,-0.1709208935,-0.0328318626
12.0602846146,0.0474999323,0.0151920691,0.0086481441,-0.0051130084,-0.1760613173,-0.0105377417
12.0701599121,0.0477435961,0.0152427927,0.0069540609,-0.0221774802,-0.1760858148,0.0085789617
12.0801877975,0.0410617962,0.0116169229,0.0051209796,-0.0446044393,-0.1740969718,0.0181415752
12.0902872086,0.0353184715,0.0051977406,0.0002753603,-0.0595389158,-0.1741582304,0.0287633259
12.1005506516,0.0305098072,0.0057159434,-0.0007399452,-0.0702575222,-0.1688916236,0.0372636691
12.1104564667,0.0227449313,0.0063408981,-0.0028294455,-0.0883763433,-0.1711582392,0.0393907353
12.1204481125,0.0179357305,-0.0056437482,-0.0068985354,-0.0937587246,-0.1670020521,0.0330230519
12.1306877136,0.0092497235,-0.0108862147,-0.0178260934,-0.0863239765,-0.1637953371,0.0266519729
12.1409683228,0.0025932556,-0.0055242409,-0.0258276593,-0.0714332834,-0.1594754159,0.0181551576
12.1507768631,-8.34698e-05,-0.0042114486,-0.030818833,-0.0511951223,-0.1561845392,0.0075336709
12.1607503891,-0.0036810273,-0.0040151705,-0.0337896496,-0.0427133255,-0.1508754045,-0.0030826209
12.170791626,-0.0061936015,-0.0048720469,-0.0348584801,-0.0459956713,-0.143559441,-0.0158197228
12.1811323166,-0.0086204642,-0.0126132593,-0.0399034172,-0.0546464175,-0.1330925524,-0.0264309533
12.1909332275,-0.0148861045,-0.0097145662,-0.0392091423,-0.0440534316,-0.1256207824,-0.0338625051
12.2010650635,-0.0191195235,-0.0039766659,-0.0375591666,-0.0377463959,-0.1160514429,-0.0391673222
12.2110309601,-0.0193755254,-0.0031717049,-0.0398304611,-0.0335982591,-0.1043846682,-0.0455333441
12.2214221954,-0.0234475359,-0.0092591271,-0.0440669209,-0.0251307636,-0.097984761,-0.0519039556
12.2312088013,-0.0294128284,-0.0115551576,-0.048349157,-0.0156762749,-0.0830537453,-0.0529606976
12.2412919998,-0.0314238891,-0.0080203041,-0.0507439524,-0.0125402184,-0.0766806081,-0.0561436415
12.2513608932,-0.0324045047,-0.0035702812,-0.0512260348,-0.0104826605,-0.0692626387,-0.0603876561
12.2616882324,-0.0382215604,-0.0030368792,-0.0498157889,-0.0137616498,-0.0618980639,-0.0656922758
12.2714662552,-0.0371586904,0.0004294885,-0.0406916291,-0.0213189013,-0.0535029843,-0.0699333549
12.2815990448,-0.0399250016,0.0009631289,-0.0424024016,-0.0246333927,-0.0418542475,-0.0688636303
12.2915964127,-0.0455973968,-0.0014084207,-0.0441992432,-0.0268736444,-0.0312559307,-0.0677959695
12.3019647598,-0.0531637296,0.0010666025,-0.0441422611,-0.0162943974,-0.0226936042,-0.0709816441
12.3117437363,-0.0538815483,0.0035040749,-0.0362686068,-0.0014494043,-0.0130002303,-0.0688569695
12.3218517303,-0.0525897369,0.0097905174,-0.034232989,0.0069954535,-0.0033708392,-0.0677913725
12.3318481445,-0.0561515912,0.0072774659,-0.028300656,0.0122970082,-0.0001689205,-0.0720383152
12.3422222137,-0.0548247918,0.0027711166,-0.0204008948,0.0176602416,-0.0033322233,-0.0762892589
12.3520145416,-0.0504967198,0.0001578701,-0.0153991114,0.0144226365,-0.0002325701,-0.0847812817
12.3621368408,-0.0490519628,-0.0015569555,-0.0162938964,0.0133412872,0.0007777001,-0.0911514312
12.3721342087,-0.0485487208,0.0044958959,-0.0142984521,0.0143961655,0.0018272519,-0.0943365693
12.3824310303,-0.0480299816,0.0094887987,-0.0093355309,0.0250942707,-0.0013318562,-0.1049587876
12.3923358917,-0.0387006029,0.010509707,-0.0042326581,0.0294464082,-0.0098033715,-0.1081495211
12.4023323059,-0.02935078,0.012449421,-0.0019763841,0.0337876789,-0.0172564927,-0.1177094728
12.4124183655,-0.018995963,0.0104209557,-0.0035524499,0.0380865559,-0.0204229914,-0.120897539
12.4226951599,-0.0027690167,0.0239137188,-0.0090069901,0.0444910824,-0.0203392357,-0.1166520566
12.4326124191,0.0173870102,0.0286116377,-0.0173274409,0.0593872108,-0.0159785766,-0.1187772602
12.4425916672,0.0355553403,0.0294066444,-0.0158114564,0.0711810738,-0.0211676117,-0.1166588515
12.4527320862,0.0644753352,0.0350385085,-0.0151586663,0.086091578,-0.0178194866,-0.1113519743
12.4629459381,0.0836152807,0.0377363935,-0.0193873774,0.0882084966,-0.0155948829,-0.0986106768
12.4728460312,0.0889831558,0.0395805612,-0.0237332713,0.0785361603,-0.0081686564,-0.0858629197
12.4828605652,0.0844957009,0.0436002389,-0.0263085496,0.0570998192,0.0024282609,-0.0593074113
12.4929389954,0.0681256428,0.0527963415,-0.02035488,0.0367748402,0.008804135,-0.0306304935
12.503282547,0.0476360694,0.0545832291,-0.0018446577,0.0186135732,0.0131377634,0.0076022474
12.5130710602,0.0338417068,0.0605687872,0.0117021669,0.0111266291,0.0164494049,0.0373361744
12.5232028961,0.0209029093,0.0511718765,0.0194258559,0.0143798403,0.0123581234,0.0564455539
12.5332069397,0.0176385418,0.0428266898,0.020463692,0.0283638332,0.0019315815,0.0659929812
12.5435533524,0.0192034617,0.0305384174,0.0188208688,0.0413515866,-0.0159940235,0.0659811348
12.5533123016,0.0216735378,0.0288994089,0.0173331369,0.0436546914,-0.0329722092,0.062786676
12.5633659363,0.0231435075,0.030119516,0.0149936546,0.0448736474,-0.0489391237,0.0532210656
12.5734462738,0.0236154571,0.0225213543,0.0147348512,0.0354686938,-0.06922362,0.0468425304
12.5837640762,0.0201418772,0.0227293745,0.0134969819,0.0195742287,-0.0810683668,0.0415309183
12.5936346054,0.012749291,0.0161139742,0.0123039354,0.0207473505,-0.0916760042,0.0404635221
12.6036653519,0.0043045646,0.0163243189,0.0131413806,0.0304437876,-0.1000257432,0.0489522815
12.6138019562,-0.0032276744,0.0194790736,0.0130839217,0.0411608815,-0.1041349992,0.0553183034
12.6240272522,-0.0127575034,0.007065333,0.0111971963,0.0518972538,-0.1103726551,0.0606209226
12.6339673996,-0.0155261392,0.0054011117,0.0181989539,0.0583575517,-0.1155663505,0.069111079
12.6439313889,-0.020309411,0.0057221423,0.0183813442,0.0402870439,-0.1220576763,0.0744228885
12.6541166306,-0.0319376811,-0.0045758118,0.0146214832,0.0296903253,-0.1295779049,0.074421823
12.6644983292,-0.0397214517,-0.0060627689,0.012822615,0.0233897939,-0.1402423382,0.0744165629
12.6741781235,-0.0426286086,-0.0046215286,0.0130412448,0.0223748628,-0.1455705166,0.0722905621
12.6841812134,-0.0425626263,-0.0158627853,0.0113341678,0.0160233304,-0.1509876698,0.063795872
12.6943244934,-0.047373198,-0.0252253637,0.0106036533,0.0107052643,-0.1532047391,0.0563635305
12.7045688629,-0.0501823649,-0.0297704563,0.0050091613,0.008632686,-0.1596384197,0.0489287823
12.7144517899,-0.0490454659,-0.0275610313,0.0004042255,0.0097376313,-0.1639354229,0.0393701643
12.7244729996,-0.042977117,-0.0254108533,-0.0031819474,0.0086866152,-0.1661217958,0.0308746137
12.7346134186,-0.0358960852,-0.0272034034,-0.0057839286,0.0076343999,-0.1683362275,0.0181321874
12.7448186874,-0.0287287459,-0.0320653543,-0.0102819335,0.0097382432,-0.1662990302,0.0022052848
12.7547397614,-0.0234345421,-0.0360380635,-0.0158059727,0.0075448635,-0.1610888243,-0.0094713448
12.7647390366,-0.0171156153,-0.0332724676,-0.0194196831,0.0075011873,-0.1569084674,-0.0190241039
12.7747898102,-0.0077581042,-0.0296108946,-0.0211502444,0.0031628981,-0.1506558955,-0.0306996685
12.7851696014,-0.0032170648,-0.0259782299,-0.0268756282,-0.0118455309,-0.1444542706,-0.0360024869
12.7949504852,0.0014028912,-0.0262809023,-0.0346684605,-0.0183079578,-0.1392882615,-0.0487398542
12.8050050735,0.0060724383,-0.0256217346,-0.0376329571,-0.0205091164,-0.1329398155,-0.0487371907
12.8151435852,0.0117375618,-0.0123204216,-0.0435890108,-0.0174041353,-0.1233697385,-0.049794998
12.8253765106,0.0125460392,-0.0126631483,-0.0505777746,-0.0185790695,-0.1127756983,-0.0508514717
12.8352851868,0.011447764,-0.0149269924,-0.0527774245,-0.0133909639,-0.0978542715,-0.047659941
12.8452749252,0.0152568584,-0.0074174632,-0.0512355715,-0.019982582,-0.078791827,-0.044462882
12.8554191589,0.0112876063,-0.0086089596,-0.0459461361,-0.0223064553,-0.0596847124,-0.0402055532
12.8656082153,0.0083482033,-0.0049168696,-0.0427769572,-0.0257082712,-0.0395329706,-0.0370090976
12.8755435944,0.0113443499,0.0017381085,-0.0446214825,-0.0290987398,-0.0204282533,-0.0316896997
12.885594368,0.0104799634,0.003542043,-0.0466127545,-0.0282147303,-0.0023882659,-0.0327432454
12.8956098557,0.0097039109,-0.0024803507,-0.0496826321,-0.0198843628,0.0177899729,-0.0412296727
12.905919075,0.0100124842,-0.0036984312,-0.0518890768,-0.0125800855,0.0348366685,-0.0401596799
12.9157428741,0.0132763153,0.0009306443,-0.044440642,-0.0137872957,0.0485996157,-0.0433378965
12.925786972,0.0146426326,0.0045376192,-0.035111919,-0.0053817471,0.0613861866,-0.0465197749
12.9358720779,0.0092100268,0.0081236735,-0.0287926327,-0.0043971753,0.0699181557,-0.0412067696
12.9462270737,0.0047831899,0.0136809126,-0.0264389645,-0.0076658865,0.0762716606,-0.0390807688
12.955991745,-0.002570712,0.0066166888,-0.0270425212,-0.0108976336,0.0794474781,-0.0358929671
12.9660711288,-0.0050357217,0.0044646035,-0.0267121922,-0.0141115356,0.081581071,-0.0295182914
12.9761962891,-0.008537435,0.0052698622,-0.0234515797,-0.0066501573,0.0827350169,-0.0252724122
12.9864902496,-0.013032102,0.0061123143,-0.0182346236,-0.000256734,0.0839012861,-0.0178417265
12.9962701797,-0.0126619572,0.0088937655,-0.0100466143,0.009326119,0.0861071795,-0.0178430583
13.0064249039,-0.0083553428,0.0106808916,-0.0037542712,0.0136168711,0.0840221196,-0.0178448558
13.0164012909,-0.0069833631,0.0095216408,-0.0003864897,0.0114911357,0.0829147771,-0.0220920667
13.0267076492,-0.0075260038,0.0034538282,0.0010404455,0.0115400581,0.0775757432,-0.0274043381
13.0367956161,-0.0061087245,0.0041756402,-0.0004520548,0.0072821965,0.0764774606,-0.0274038054
13.046872139,-0.007634961,0.0077913175,0.002950059,0.0105110137,0.0732884556,-0.0327158794
13.0567455292,-0.0033064717,0.0026777161,0.0103070606,0.0020570755,0.0646981597,-0.0369652174
13.0670509338,0.002029038,0.00432793,0.0156986583,-8.37073e-05,0.0657319352,-0.0380242951
13.0768918991,0.0015190011,0.005954958,0.0132627357,0.0020516152,0.0657644272,-0.0359012224
13.0869178772,0.0058753854,0.0124609843,0.0137952436,0.0085043209,0.060509406,-0.0369682834
13.0969190598,0.0072988635,0.0111436024,0.0153478254,0.0149060274,0.0605514832,-0.039093487
13.1071996689,0.0067749387,0.0088131204,0.0159864295,0.0320027247,0.0585710257,-0.0401599482
13.1170110703,0.0101208454,0.0103428736,0.0167398322,0.0352493823,0.054389596,-0.0348538682
13.1272172928,0.0115033751,0.0108731166,0.0146250594,0.042799551,0.0459472425,-0.0380465984
13.1373357773,0.008927024,0.0094877258,0.0154380668,0.0279167406,0.0405602008,-0.0306129139
13.1473636627,0.0112063652,0.0179092661,0.0162488092,0.0215696562,0.0351983905,-0.0306131151
13.1572322845,0.006586588,0.0186117664,0.0180126298,0.0088615846,0.0255582817,-0.0274293069
13.1673698425,0.0146494275,0.0193842426,0.0178700555,0.0024845907,0.0234285519,-0.0199958924
13.1773509979,0.0109343296,0.0270396248,0.0137468446,-0.0038926136,0.0213060118,-0.0115009397
13.1876468658,0.0169262066,0.0240672007,0.00774418,-0.0060206121,0.021356279,-0.0008820512
13.1974639893,0.021919705,0.0221312419,0.00368868,0.0035638371,0.0235829465,0.002302024
13.2075042725,0.0229305997,0.018260099,0.0065158475,0.0153601505,0.0184357241,0.0107909832
13.2175741196,0.0288045183,0.0280310288,0.0084202159,0.0238694828,0.0217486955,0.0192848705
13.2279176712,0.0248759165,0.026113309,0.0074374545,0.0270998441,0.018594712,0.0192814078
13.2377414703,0.0218729153,0.0115651265,0.0104162563,0.0335990228,0.0091085341,0.020336818
13.2478113174,0.0276849642,0.0086611286,0.0125061143,0.0304171816,0.006930734,0.0160894748
13.2578678131,0.0236765519,0.0086920038,0.011639582,0.0252131,-0.0057994425,0.0235170312
13.26816082,0.0108189946,0.0087689534,0.0117721427,0.0188645236,-0.0111607183,0.0235162992
13.2780580521,0.0027749902,0.0040347944,0.0149121154,0.0136487223,-0.0228437409,0.0288207829
13.2880716324,-0.0063095326,0.001316644,0.0161292423,0.0137241166,-0.0302425995,0.0330637954
13.2981090546,-0.0223251209,-0.0003682005,0.0271047223,0.0127145126,-0.0355015472,0.0415558182
13.3084802628,-0.0207619295,0.0008588803,0.033350572,0.0213698931,-0.0471126586,0.0394250266
13.3183002472,-0.0143141383,-0.0028431045,0.0339259952,0.0342686474,-0.0565844588,0.0341080241
13.3283786774,-0.0029488439,-0.0066611995,0.0248725284,0.0258535631,-0.0694601089,0.0234855395
13.3384580612,0.0113963252,-0.0105698928,0.0158945192,0.0227693561,-0.0823585987,0.0022439007
13.3487434387,0.0267448798,-0.0116680488,0.0118465293,0.0165082924,-0.0973726362,-0.0136887934
13.3585987091,0.0362553373,-0.0030889141,0.0107180942,-0.0005167639,-0.1028821841,-0.0221816134
13.3686676025,0.0408978835,-0.0042615165,0.0125125516,-0.0046861293,-0.1135980114,-0.0328046307
13.3786220551,0.0455187932,0.0013523472,0.0152886976,-0.0014378717,-0.1177586615,-0.0243131425
13.3890209198,0.0481586233,0.0109023228,0.0093083251,0.0028470475,-0.1187275276,-0.0158197898
13.3987998962,0.0380003825,0.0107956901,0.002370225,0.0081704399,-0.1164412051,0.0022305849
13.4089031219,0.0345842019,0.0128069296,-0.0055276286,0.0028217472,-0.1142335683,0.0224065594
13.4190940857,0.0300551429,0.0121202841,-0.0037627351,-0.0121915564,-0.1057237089,0.0457741991
13.4293994904,0.0254372731,0.0097263828,-0.0011693371,-0.0282324143,-0.1015016735,0.0638308302
13.4392681122,0.0207434073,0.010466136,0.0071542133,-0.04429527,-0.0951716006,0.0797650516
13.4493179321,0.0189316645,0.0084092394,0.0124728549,-0.0539380983,-0.0909701958,0.0861406624
13.459394455,0.0112482673,0.0024951471,0.0089553464,-0.0656434894,-0.0942418873,0.0882655978
13.4696722031,0.0075179106,-0.0034304487,0.0044642556,-0.0571092591,-0.0942161232,0.0808311924
13.4795265198,-0.0020763511,-0.006521367,0.0029373039,-0.0570794344,-0.0974268317,0.0765823796
13.4895849228,-0.0057841176,-0.0077014794,0.0033942331,-0.0517353676,-0.0984902307,0.0691484287
13.4996604919,-0.0133819813,-0.0118613467,0.0039082635,-0.050617639,-0.1038205475,0.0638364926
13.5099506378,-0.0150784487,-0.0102175698,0.0044145454,-0.0559337623,-0.1060098708,0.0606512837
13.519744873,-0.02066084,-0.0066301455,0.0029207338,-0.0644617379,-0.1071662158,0.0574674755
13.5298995972,-0.0223283395,-0.0050027003,0.002413379,-0.0665804967,-0.1093474701,0.0510951951
13.5398931503,-0.0210576281,-0.0072818627,0.0029275287,-0.0612123609,-0.1124769524,0.0521540716
13.5502386093,-0.0187982544,0.0030578149,0.0014893877,-0.0601640604,-0.1103607342,0.05003253
13.5600223541,-0.0184896812,0.0055734287,0.002046691,-0.0462929867,-0.1102603376,0.0468436591
13.5701570511,-0.017167829,-0.0007636773,-0.002155198,-0.0355493985,-0.1176360324,0.0404667854
13.5801544189,-0.0138894552,-0.0023154842,-0.0042908322,-0.0184662826,-0.1185686663,0.0372765847
13.5905237198,-0.0144703025,-0.001083337,-0.0102776419,-0.0088796504,-0.1174782366,0.0287793707
13.6003103256,-0.0120638246,0.0030079854,-0.0133186709,-0.0035466701,-0.117466256,0.0234690271
13.6104316711,-0.0076744193,0.0021763218,-0.0153589379,0.0017439127,-0.1132174432,0.017099278
13.6204185486,-0.0071560973,0.0032596958,-0.0155246388,-0.004736091,-0.1058809757,0.0117955944
13.6307430267,-0.0085393423,0.0043155919,-0.0148172509,-0.0176214762,-0.0985994861,0.0064925747
13.6405677795,-0.0118176574,0.0034123433,-0.017115606,-0.0187882073,-0.0891082436,-0.0009349815
13.6506853104,-0.0072210664,0.0053866277,-0.0184685122,-0.0103050005,-0.0837284625,-0.0009346486
13.6606836319,-0.0055237049,0.0102470294,-0.0159623753,-0.0050886665,-0.0720385164,-0.0051773307
13.671049118,-0.0047488445,0.0111451522,-0.0154194962,0.0055416329,-0.0677374452,-0.0104853436
13.6808328629,-0.0019846195,0.01297573,-0.0148788821,0.0086705815,-0.0602547601,-0.0062352046
13.6909513474,0.0007769829,0.0157583728,-0.016266359,0.0203722995,-0.0569959842,-0.0104846777
13.7009296417,0.0035620695,0.0165499821,-0.0176147353,0.0331682563,-0.055809278,-0.0083637359
13.7112865448,0.0073208576,0.0231511369,-0.0169676673,0.0406483822,-0.0567906536,-0.0062430608
13.7210941315,0.0022331839,0.0268811956,-0.0173320901,0.0321257338,-0.0578777567,0.0011911531
13.7312278748,-0.0028903121,0.0248273388,-0.0157159697,0.0396225601,-0.0598938353,0.0075599034
13.7412433624,-0.0070739621,0.0237941518,-0.0150498282,0.0449006781,-0.0533981174,0.0203033946
13.7515497208,-0.0054564113,0.0277026668,-0.0104446542,0.0471004508,-0.0596749224,0.0309163574
13.7613668442,-0.0078370208,0.0209960118,-0.0009119642,0.0577962361,-0.0616621748,0.0372834466
13.7714319229,-0.0141591066,0.0201426521,0.0008463728,0.0557220876,-0.0669242442,0.0468382649
13.7814941406,-0.0166068897,0.0183333531,-0.0031792056,0.0568440743,-0.0721991658,0.0500207432
13.7918643951,-0.020047687,0.0155985132,-0.0062250029,0.0504602641,-0.074347809,0.0542668886
13.8016290665,-0.016662024,0.0167824402,-0.0082804095,0.0440782681,-0.0765326694,0.0532056168
13.8117609024,-0.0142876143,0.0092554465,-0.0054814946,0.041929841,-0.0744460821,0.0510865413
13.8217477798,-0.0030607814,0.0007190478,0.0012795794,0.0547843874,-0.0796946362,0.0425862633
13.8320360184,0.0111456281,-0.0001970755,0.0032389034,0.0643574148,-0.0775492638,0.0330269113
13.8419103622,0.0214982405,-0.0001744854,0.0012545454,0.0525758564,-0.0734147057,0.0319701731
13.8519935608,0.0299348012,0.0027580631,-0.0086286198,0.0397702046,-0.0735478625,0.0287884921
13.8620204926,0.0334496871,0.0009050143,-0.0088180434,0.0237861779,-0.0757889077,0.0319768302
13.872382164,0.0379051939,0.003038801,-0.0090623032,0.0153463809,-0.085377425,0.0372827128
13.8821640015,0.0403366461,0.0032995713,-0.005409969,0.0099947592,-0.0832327828,0.0479031317
13.8922300339,0.0417533889,0.0046385895,-0.0105850827,0.0120518636,-0.0746436194,0.0606490858
13.902338028,0.0411402956,0.00219921,-0.0128594767,0.0184322651,-0.0712800473,0.0797615275
13.9125776291,0.0316316262,0.0038030518,-0.0132492911,0.0119557511,-0.0627311021,0.0978188887
13.9224472046,0.0113358861,0.0007408631,-0.0109434258,-0.007395843,-0.0479686633,0.1095109656
13.9325561523,-0.0061026448,-0.0128378496,-0.0048599374,-0.0330567583,-0.0428103246,0.121198982
13.9425678253,-0.0137722129,-0.0185034499,0.0069461931,-0.0437413603,-0.0418771505,0.1158931702
13.9528617859,-0.0135188336,-0.026215516,0.0099781621,-0.0490836352,-0.041992534,0.1052760035
13.9626989365,-0.0102575058,-0.027280055,0.0042891372,-0.0415290445,-0.0516217239,0.0829714984
13.9727706909,-0.0098228091,-0.0324273929,0.0006342995,-0.0383091792,-0.0549569353,0.055362381
13.9828233719,-0.0092606777,-0.0387791023,-0.0068735015,-0.0372005031,-0.0604049675,0.0319997966
13.9931964874,-0.0115424031,-0.0345983133,-0.0085344445,-0.0414761789,-0.0605677478,0.0128892874
14.0029306412,-0.0157232508,-0.0305130109,-0.0053339135,-0.0445880853,-0.0702278391,0.0001436652
14.0130996704,-0.022794567,-0.0284344181,-0.0011346472,-0.0371018574,-0.0723468438,-0.0094155511
14.0230989456,-0.0278689489,-0.0245302543,-0.0027058255,-0.0242664889,-0.0754457042,-0.0136675546
14.0334529877,-0.0309700593,-0.0236078724,-0.006158961,-0.0189251713,-0.0764725432,-0.0157944225
14.0434265137,-0.0301648602,-0.022722207,-0.0095437896,-0.0103572495,-0.0795948356,-0.0179217551
14.0532798767,-0.0332860574,-0.0179478154,-0.0119274985,-0.0082305837,-0.0784878284,-0.0136742126
14.063375473,-0.0344578847,-0.0141271576,-0.0123452079,-0.0125017613,-0.0785597339,-0.018982159
14.0736227036,-0.0287764892,-0.0132165775,-0.009863032,-0.0178786032,-0.0743414834,-0.015793357
14.0834941864,-0.0221048221,-0.0103537068,-0.0093513858,-0.0210277922,-0.0796883181,-0.0179188251
14.0935277939,-0.0173620805,-0.0084730014,-0.0137199294,-0.0253158826,-0.0776184425,-0.0200393014
14.103635788,-0.0106210345,-0.007643484,-0.0229922663,-0.0295678843,-0.0798400491,-0.0295955222
14.1139602661,-0.0038297409,-0.0068198671,-0.0303522479,-0.0275307503,-0.0702861547,-0.0317149311
14.1237735748,0.0029678708,-0.0050477614,-0.0328716189,-0.0254401695,-0.0660373494,-0.0338369384
14.1338272095,0.0137152439,-0.004285418,-0.0295585524,-0.0234167799,-0.0554426946,-0.0391417518
14.1439113617,0.0205856934,0.001331724,-0.0253834855,-0.0235020034,-0.0469546691,-0.0391374975
14.1542167664,0.0235941187,0.0040330659,-0.0222857129,-0.0258257687,-0.0278760493,-0.039126575
14.1640510559,0.026691474,0.0018536819,-0.028110398,-0.0355582908,-0.0152348215,-0.0401795879
14.1741008759,0.0288156047,0.0036217344,-0.0292021167,-0.0388918519,-0.0025149654,-0.0380507223
14.1841840744,0.0270600691,0.0063635479,-0.0284369122,-0.0368316248,0.0049376246,-0.0369857252
14.1942586899,0.0291952863,0.0159502402,-0.0228407513,-0.0358145684,0.0102935079,-0.0306125153
14.204167366,0.0303591862,0.020734109,-0.0221731793,-0.0423307866,0.0219570883,-0.0231724437
14.2141857147,0.0217230096,0.0158730522,-0.0187128913,-0.0477601737,0.0314872116,-0.0189191084
14.2246408463,0.0120733744,0.0159855261,-0.0153437983,-0.0520726591,0.0368583389,-0.0029878793
14.2377033234,0.0063033467,0.0220093504,-0.0090729129,-0.0488541238,0.0358798914,0.0055060065
14.245306015,-0.0024644965,0.0212686434,-0.0008150471,-0.034967605,0.0349816084,0.0118728261
14.2552957535,-0.0044093961,0.0214896575,-0.0011725557,-0.0221281834,0.0319453403,0.0171767771
14.2653884888,-0.009330296,0.016871728,-0.0024697911,-0.016766442,0.0299322568,0.0267306007
14.275434494,-0.0054846639,0.019061543,-0.0007461441,-0.0156061547,0.0203721728,0.023539735
14.2846603394,-0.0045760507,0.0115469471,0.0029713977,-0.0198208727,0.0150367972,0.0245999396
14.294834137,-0.0046889419,0.0147308484,0.0047246087,-0.0240134634,0.0075577754,0.0224745385
14.3048725128,-0.0028035874,0.0120374337,0.0045955051,-0.02183979,0.0032908586,0.0161010604
14.3150997162,-0.0009215111,0.010244824,0.0006247627,-0.0100587653,-0.0008506232,0.0160959996
14.325006485,0.0039070016,0.0151976719,-0.000328554,0.0038442677,-0.0039332323,0.0129055325
14.3350028992,0.001890338,0.0132902637,-0.0012048614,0.0145644769,-0.0091790594,0.0075905961
14.3451318741,0.000857628,0.0054885517,-0.002005948,0.0251931529,-0.0048418362,0.0075900634
14.3553562164,0.0017809635,0.0112742558,-0.0057112109,0.0305002462,-0.0015778658,0.0128996074
14.3652544022,0.0037006503,0.0112498775,-0.0104520451,0.0272024535,0.0079362765,0.0118433982
14.3752603531,0.003673709,0.0015298498,-0.0103744399,0.0207920391,0.0089331651,0.0107849911
14.3853940964,-0.0002393359,0.0015318168,-0.0113378894,0.0207483638,0.01316333,0.0086635174
14.3956346512,0.000755108,0.0044415961,-0.0113874804,0.0143244993,0.0152222198,0.0076046446
14.4055376053,-0.0031382674,0.0015129817,-0.0104543101,0.0175035149,0.0173583422,0.0054813055
14.4155187607,-0.0069902176,0.0004868878,-0.0114967953,0.0302491896,0.0227491111,0.0012319661
14.425614357,-0.0088540548,-0.0025661218,-0.013445748,0.0462225638,0.0260511655,-0.0019558377
14.4358901978,-0.0067661637,-0.0086332187,-0.014364494,0.0525147356,0.0366616659,-0.0104464609
14.4458112717,-0.0055923099,-0.0118548498,-0.013376845,0.0567587465,0.0387794115,-0.0168172754
14.4557800293,-0.0053627724,-0.0082798824,-0.0134264361,0.0470970646,0.0439949483,-0.0178753491
14.4659090042,-0.0070484513,-0.010548912,-0.0116368663,0.0395786949,0.0480975471,-0.0295511801
14.4761619568,-0.0076816911,-0.0148298368,-0.0108585488,0.0373617485,0.0565375686,-0.0337919295
14.4860601425,-0.0063154334,-0.0084184632,-0.0091959368,0.0362397581,0.061812494,-0.0369744077
14.4960651398,-0.0039271349,-0.00984063,-0.0056251418,0.0329455361,0.0702183619,-0.0454649664
14.5062828064,-0.0034296149,-0.0083598122,-0.0060725342,0.0274714082,0.0839648023,-0.0454567112
14.5166082382,-0.0048617357,-0.0019709098,-0.0027341973,0.0199851822,0.0860340074,-0.0433287807
14.5264911652,-0.0043618912,0.0005984677,0.0034640897,0.0103613166,0.0880929008,-0.0401399098
14.5364646912,0.0010201698,0.0070623527,0.005772816,0.0135947661,0.0849591568,-0.0369574279
14.5466222763,0.0034382707,0.010609664,0.001354562,0.0222500395,0.0733765364,-0.0348418131
14.5568742752,0.0165679231,0.015079774,0.0020111667,0.0437214822,0.0608020872,-0.0390996113
14.5667304993,0.030672349,0.0175147429,-4.71008e-05,0.0598365366,0.0503526405,-0.0359235257
14.5767345428,0.0417757407,0.0248042718,-0.0029723775,0.0663263202,0.0419412479,-0.0327439122
14.5868492126,0.0449799672,0.02437637,-2.68352e-05,0.0620934851,0.038769424,-0.0253118277
14.5971736908,0.041282095,0.0230974331,0.0038405526,0.0418438204,0.0365683213,-0.0104436651
14.6069793701,0.0394809619,0.0278069749,0.0066352952,0.030102212,0.0376237296,0.0044250297
14.6171159744,0.0336354151,0.0269098654,0.0171451438,0.0130499108,0.0365305729,0.0224801302
14.6271266937,0.035545148,0.0232521668,0.0217597354,0.000251824,0.0365156569,0.0373485573
14.6374139786,0.033474125,0.0177587643,0.0215322841,-0.0007363688,0.0291560106,0.0490243882
14.6473417282,0.0322901383,0.0172057524,0.0203820337,0.0004724395,0.0154138338,0.055388011
14.6573829651,0.0300705209,0.0127661601,0.0183828939,0.0059134103,0.0048721773,0.0585657619
14.6673736572,0.0267963782,0.0142103806,0.023311602,0.0060439054,-0.0078252424,0.0638683811
14.6776771545,0.0214937106,0.018630065,0.0263270009,-0.0034297304,-0.0206136741,0.0681117997
14.6875696182,0.012204445,0.007538117,0.0323539823,-0.011817622,-0.0355422907,0.0681064725
14.6976156235,0.0018946296,0.0071752439,0.0345500559,-0.0137795731,-0.0524878502,0.0755304322
14.7076797485,-0.0026486153,0.0127060786,0.0378619283,-0.012539871,-0.0694268942,0.0797688514
14.7179603577,-0.0072393054,0.0114112273,0.0335457176,-0.0048851473,-0.0874000266,0.0797592625
14.727809906,-0.0138291353,0.0061924825,0.030341493,0.0026603863,-0.0947479531,0.0818772763
14.7378606796,-0.0106722945,0.0029005182,0.0253367294,0.0070538302,-0.1074630246,0.0786839426
14.7479324341,-0.0055802697,0.001560725,0.0262621511,0.0007463992,-0.1170748994,0.0776189417
14.7582178116,-0.0053677196,0.0011400355,0.0262065995,-0.0056147482,-0.1214598641,0.0648787245
14.7680673599,-0.0011793608,-0.0032375681,0.0232825149,-0.0066344719,-0.1268503666,0.0531964973
14.7781362534,0.003044582,-0.0038109052,0.0203620065,-0.0119244419,-0.1322633028,0.0436379462
14.7882080078,0.004369176,-0.0025186765,0.0154933799,-0.0203810427,-0.1408882141,0.0340795927
14.7985115051,0.0027939444,-0.0031995403,0.0125899184,-0.0214094482,-0.1451970786,0.0255834442
14.8083515167,0.0022228127,-0.0078370795,0.0048119891,-0.0224781744,-0.145227164,0.0223983042
14.8183851242,-0.0012722844,-0.0056691994,0.0009240973,-0.0182397552,-0.1420075446,0.0223995019
14.8284645081,-0.0008902783,-0.0025008547,0.0019513237,-0.0022189766,-0.14288719,0.0287657883
14.838766098,-0.0005330676,-0.0003403055,0.0011439192,0.0137611348,-0.1405949444,0.0330073386
14.8486232758,-0.0050907368,-0.0049522151,0.0003521311,0.0180221926,-0.1394551098,0.0393776223
14.8586730957,-0.0027854079,-0.0047036042,-0.0053149592,0.0147747602,-0.1341664046,0.0415068865
14.8687648773,-0.0073476071,-0.0092452392,-0.0130386483,-0.0023498973,-0.128975898,0.0468228199
14.8790216446,-0.0128865475,-0.0049449434,-0.0131213795,-0.0194756202,-0.1237992495,0.0500151515
14.8888931274,-0.0145361656,-0.0024676549,-0.010368837,-0.0333770551,-0.1206958741,0.0563910268
14.8989486694,-0.0122727985,-0.0067489971,-0.0076720845,-0.0430488847,-0.1144052818,0.057456892
14.9090137482,-0.0139008993,-0.0080948696,-0.0099464785,-0.0463344269,-0.1059313715,0.0595855564
14.9193201065,-0.0125732059,-0.0055219759,-0.0132646691,-0.0474541001,-0.1006288156,0.0606503487
14.9291496277,-0.0102395648,-0.0088308677,-0.0156157147,-0.0347146019,-0.0941786394,0.0564031452
14.9391870499,-0.005922162,-0.0112226829,-0.0198686253,-0.0208839029,-0.0898350254,0.0532172024
14.9492940903,-0.0045034522,-0.0097884163,-0.0212077033,-0.0166500062,-0.0866493508,0.0479087234
14.9595689774,-8.46023e-05,-0.0162364468,-0.023467673,-0.0049627796,-0.0823993459,0.033042293
14.9694280624,0.0034306413,-0.0179549679,-0.0257294308,0.0014032414,-0.0792227313,0.0234860741
14.9795036316,0.0050469404,-0.0110267624,-0.025100125,0.0013863575,-0.0782377571,0.0118066464
14.9895467758,0.0018395549,-0.0109724626,-0.0244933497,-0.0008261967,-0.0708778501,0.0043782908
14.9998521805,0.0035876399,-0.0109940395,-0.0269006621,-0.0052016107,-0.0603547655,-0.003046735
15.0096673965,-0.000448429,-0.0130120739,-0.0303404462,0.0033093188,-0.0582205057,-0.0126040215
15.0197210312,0.0004103547,-0.0131185278,-0.0259837043,0.0095696393,-0.0443558916,-0.0104768872
15.0298147202,-0.0035808915,-0.0054644574,-0.0246203076,0.0148514863,-0.0390111879,-0.0115373582
15.0400695801,-0.0114559168,-0.005623125,-0.030133618,0.0137134902,-0.0315876938,-0.0104704294
15.050078392,-0.014425003,-0.0106125101,-0.0337302834,0.0125701949,-0.0241907667,-0.0136518423
15.0599842072,-0.0173683986,-0.0156334266,-0.0334884077,0.0177746527,-0.0114109218,-0.0136479801
15.0700588226,-0.0202727541,-0.0099539384,-0.0274887215,0.0272813383,-0.001798775,-0.0168309901
15.0803775787,-0.0182296261,-0.0062693586,-0.0234941375,0.0271021333,0.0162304938,-0.0178828724
15.0901861191,-0.0210138783,-0.0103966817,-0.0235200059,0.0206125416,0.0246418212,-0.0210624207
15.1003170013,-0.0198047981,-0.01160606,-0.0197780263,0.0130082052,0.0372327119,-0.0327342562
15.1103162766,-0.0185392722,-0.0167630538,-0.0141964089,0.0022298591,0.0477426127,-0.0337880701
15.1206455231,-0.018215321,-0.0092644915,-0.0126721989,-0.0052947141,0.0529615432,-0.0369688831
15.1304502487,-0.0149188871,-0.0046741595,-0.0072643887,-0.0063943341,0.0561283082,-0.0380288213
15.1405191422,-0.0067211026,-0.0020649063,-0.0076880585,-0.0031654118,0.0529606082,-0.0401560217
15.150680542,0.0024606353,0.0044166814,-0.0100137126,0.0001206631,0.0444936194,-0.0412228853
15.1608829498,0.0175021663,0.0030780805,-0.0141699445,0.005487998,0.0413288549,-0.0454723574
15.1707839966,0.0325568691,0.0026518477,-0.0202099215,0.0162221361,0.0350421965,-0.047601819
15.1807832718,0.0475983992,0.0119495168,-0.0232846867,0.0151285352,0.0382423848,-0.0433515459
15.1908836365,0.0586787239,0.0193829313,-0.0215624701,0.0012707766,0.0371156,-0.0348541997
15.2011699677,0.06188903,0.0240552798,-0.020971192,-0.0116546098,0.0498396531,-0.0189175773
15.2109928131,0.0601529852,0.026920177,-0.0185684096,-0.0128106885,0.0594693758,-0.0051090871
15.2210531235,0.0593610182,0.0172380581,-0.0142012965,-0.0021673646,0.0628224313,0.0065690074
15.2311439514,0.0545864478,0.0125120059,-0.0098312031,0.0106142107,0.0662211552,0.0224944446
15.2416772842,0.0399471894,0.0126767531,-0.0054073464,0.0319882631,0.0643530786,0.0331078097
15.2512989044,0.0183923617,0.0119479075,0.0010150539,0.0415471457,0.0698458478,0.0490351096
15.2613277435,-0.0071133012,0.0103270784,0.0005673039,0.0181166008,0.0654594973,0.0585946552
15.2714557648,-0.0356637463,-0.00372424,0.016589867,-0.0181726962,0.0662520528,0.0660368577
15.2816886902,-0.0613420829,-0.0058754315,0.0353228897,-0.0575460941,0.0553669073,0.0766588822
15.2916097641,-0.07628306,-0.0069973101,0.0482523292,-0.0637837499,0.0382656865,0.066033937
15.3015918732,-0.0716261491,-0.0189678296,0.0526655763,-0.0528909191,0.0148577662,0.041597899
15.3116636276,-0.0590109453,-0.0254465565,0.0428020805,-0.01744451,-0.0094177462,0.0139699979
15.3219547272,-0.0473165736,-0.0245126113,0.0303348172,0.0147889815,-0.0326741338,-0.015780108
15.3317680359,-0.0316121802,-0.0210307464,0.0192153323,0.0416935682,-0.0570865311,-0.0529620945
15.3418865204,-0.0109250182,-0.023676239,0.0181373227,0.0472547524,-0.0816637129,-0.0869542137
15.35197258,0.0050024157,-0.0256615505,0.0172037948,0.0580597296,-0.0966253504,-0.1177566051
15.3622808456,0.0219774619,-0.0190986022,0.0173587669,0.0677670315,-0.1072427779,-0.1315664947
15.3720731735,0.0311865583,-0.0048473706,0.0116571058,0.0571271703,-0.110525921,-0.1326272339
15.3821315765,0.0335141793,-0.0022062289,0.0059004892,0.042189341,-0.1106357723,-0.1294379532
15.3921861649,0.0368173495,-0.0043596854,-0.0057156216,0.0432479456,-0.1095377505,-0.1251904815
15.4025564194,0.0361299887,-0.0015588033,-0.0144571196,0.0389256626,-0.1030845791,-0.1060735881
15.4123039246,0.033413209,0.0053311954,-0.0174608361,0.0366726294,-0.0902534723,-0.0880160257
15.422457695,0.0296284333,0.0056245695,-0.0117937457,0.0248146392,-0.0774917379,-0.0678331181
15.432466507,0.0267493501,0.0119428411,-0.0092378985,0.0086782789,-0.0637208,-0.0497715622
15.4428129196,0.0170014277,0.0126215592,-0.0098782908,-0.0224221162,-0.047971528,-0.0338294804
15.4526033401,0.0091737872,0.008669652,-0.0087922942,-0.0460523441,-0.0321784504,-0.0210740045
15.4627246857,0.0042547351,0.0067924033,-0.008879913,-0.0674612075,-0.0248625483,-0.0093842596
15.472694397,0.0022436744,0.0089531317,-0.0081145894,-0.0728879273,-0.0152978059,0.0001780867
15.4830904007,-0.0027250284,0.0091994181,-0.0083574187,-0.0601137578,-0.0119604655,0.0065463707
15.4928598404,-0.0067383284,0.0084761754,-0.0075808894,-0.0505282357,-0.0097199474,0.0118540507
15.5029449463,-0.0058634514,0.0029172075,-0.0096929204,-0.0452328883,-0.0054016989,0.0161021259
15.5129909515,-0.0089388127,-0.0045336117,-0.0059512984,-0.0536836311,-0.0139504457,0.0182236005
15.5233650208,-0.0081237787,-0.0051957001,-0.0089994799,-0.0525608957,-0.0192256346,0.0214063432
15.5331277847,-0.0005031461,0.0039362083,-0.0100510251,-0.0567409992,-0.0277094021,0.0277739614
15.5431928635,0.0041624075,0.0062470804,-0.01787032,-0.0577431917,-0.0340566486,0.0320178419
15.55327034,0.0068502789,0.0047294269,-0.0237254035,-0.0630687177,-0.035171181,0.0309568383
15.5635643005,0.0104929572,-0.0016566741,-0.0246919524,-0.0534651428,-0.0350799635,0.0320158452
15.5733661652,0.0131414896,0.001706518,-0.0198238026,-0.052407071,-0.033988867,0.0352015197
15.5834465027,0.0148257976,0.0089421049,-0.0179097783,-0.0525049195,-0.0244604778,0.03202077
15.5935115814,0.0146081215,0.0045177112,-0.0219203364,-0.0611372888,-0.0149790924,0.0330894962
15.6038427353,0.0134350425,0.0059448252,-0.0241357218,-0.0729938969,-0.0034386832,0.0288514774
15.6136789322,0.0093697673,0.0054358016,-0.0235458743,-0.0741782039,0.0082230326,0.0288576018
15.6237230301,0.0043627983,0.0078437105,-0.0211092364,-0.0710380971,0.0146089606,0.0277993269
15.6338214874,0.002318359,0.0072995792,-0.0177004468,-0.057294324,0.0274483263,0.0256786514
15.6441030502,0.0003395444,0.0076134573,-0.0210960042,-0.0349856876,0.0371380374,0.0171831027
15.6539316177,-0.0015720362,0.004940785,-0.0186493527,-0.0201422907,0.0468106382,0.0161223654
15.6639900208,-0.0015108818,0.0080539957,-0.010373963,-0.0202536918,0.0573797263,0.0097562782
15.6740951538,-0.0033373469,0.0072140465,-0.0041157138,-0.0213453211,0.0594508685,0.0033867962
15.6843452454,-0.0051192874,0.0111655369,0.0021152364,-0.0171359275,0.0647170022,-0.0082914317
15.6942548752,-0.0097443098,0.0140695944,0.0014617312,-0.0278620757,0.0699080303,-0.0114715118
15.7042541504,-0.0172948465,0.0121195689,0.0036800969,-0.0278559476,0.0688130781,-0.0167817213
15.714425087,-0.0199362859,0.0081477538,0.0089273322,-0.0160349756,0.0603929572,-0.0220979229
15.7246322632,-0.0206071958,0.0118699446,0.012319671,0.0010546064,0.0583723523,-0.0295365993
15.734500885,-0.0251978263,0.0145048872,0.0119761098,0.02786172,0.0458871871,-0.0274260454
15.7445039749,-0.0268625841,0.0151246563,0.013770448,0.0460823216,0.038616892,-0.0274325684
15.7546386719,-0.0256311521,0.0196001902,0.0127655137,0.0567844994,0.0355132408,-0.0295604337
15.7648849487,-0.0282796249,0.0152393356,0.0040352214,0.0610987432,0.0313196294,-0.0274392925
15.7747182846,-0.0270378217,0.0128393546,0.0002401936,0.0643736348,0.0239067227,-0.0295674242
15.7847957611,-0.0179636702,0.0172121301,-0.0034827127,0.0697168112,0.0228792056,-0.0316936262
15.7948913574,-0.0078998441,0.0166885033,-0.0062300097,0.0707610399,0.0249897614,-0.0348782353
15.8051652908,-0.001747393,0.0161786452,-0.0089985263,0.0728438422,0.0303270034,-0.0327522308
15.8149957657,0.0005289679,0.0195146576,-0.014762057,0.068479456,0.0398387499,-0.0327463746
15.8250608444,0.0077242618,0.0190203562,-0.0196324717,0.0694592297,0.048358202,-0.0295583028
15.8351974487,0.0090385443,0.0195057765,-0.0255311858,0.0726004317,0.0548006557,-0.0221232902
15.8454418182,0.0201338306,0.0171121731,-0.0304384362,0.0799691826,0.0654811263,-0.0210562963
15.8553562164,0.029280819,0.0157158747,-0.0344531685,0.0819702819,0.0793620571,-0.0104318811
15.865319252,0.0325459614,0.017359592,-0.0357021242,0.0754219964,0.0942371488,0.0012562008
15.8754682541,0.0318332091,0.0171963349,-0.0263753068,0.068886593,0.1080504209,0.0129445493
15.8857765198,0.0340387598,0.022027947,-0.0181878936,0.0623646751,0.1208443865,0.0310030449
15.8955821991,0.0244763866,0.0201741233,-0.0111369025,0.0536731854,0.1367541105,0.0416311882
15.9055995941,0.0129422909,0.014533855,-0.0100363623,0.0461665839,0.1409948021,0.0511918031
15.9157333374,0.008186317,0.0167944208,-0.0040909182,0.0419145823,0.1399726719,0.062872164
15.9259433746,-0.0005334252,0.015251793,-0.0010444057,0.0420272052,0.1294244975,0.0724235252
15.9358444214,-0.0064071054,0.00988058,0.0040494073,0.0378875881,0.1166690141,0.0745417997
15.9458847046,-0.0045176977,0.0054887305,0.0063867439,0.0412971005,0.095450215,0.0702821463
15.9559993744,-0.0036338205,7.32911e-05,0.0118086208,0.0414760634,0.0773854554,0.0660258755
15.9662265778,-0.0047531361,0.0004738939,0.0232117046,0.0469891839,0.059367843,0.0617677458
15.9761333466,-0.0019763941,0.0036971343,0.0328411907,0.0461297818,0.0380692109,0.0511393361
15.9861392975,-0.0001996988,-0.0028634297,0.0397431701,0.045308724,0.0136208609,0.0458196737
15.9962425232,0.0005872017,-0.0046401848,0.0379844755,0.040128611,-0.0023961887,0.0373185985
16.0065040588,0.0043027764,-0.0045171012,0.0373251289,0.0360581316,-0.0226194356,0.0330615342
16.0164146423,0.0167916194,-0.0034385549,0.031949386,0.0340698138,-0.0375336707,0.0266837962
16.0264091492,0.0253427401,-0.005325221,0.0247006286,0.0331726223,-0.0545330904,0.0245521367
16.0365085602,0.0338186398,-0.0032867419,0.0243884195,0.029043125,-0.0683564991,0.0256080776
16.0467243195,0.0383500829,-0.0021906125,0.0260789264,0.0184897371,-0.0801138878,0.0266667511
16.0568275452,0.039880909,-6.32035e-05,0.0297574867,0.0154087255,-0.0917713344,0.0330325067
16.0666465759,0.0393659249,0.0079875365,0.0276167262,0.008031344,-0.100234732,0.0468336716
16.0767745972,0.0387770906,0.0113357678,0.0264522899,-0.0100603076,-0.1045471877,0.0606394969
16.0871162415,0.0302589312,0.0090155974,0.024233209,-0.0260270797,-0.1077733412,0.075507395
16.0968723297,0.0275166407,0.0078283921,0.023004638,-0.0270228349,-0.1140517443,0.0903697014
16.1069393158,0.0237149969,0.0047856937,0.0257481206,-0.0216847919,-0.1139490828,0.098862119
16.117017746,0.0188914314,0.0115219727,0.0245685447,-0.0205681287,-0.1180937588,0.1126631573
16.127368927,0.0120548373,0.0125277415,0.0253825057,-0.028014034,-0.1202535182,0.1169113591
16.1371326447,-0.0007174248,0.003893472,0.0261772741,-0.0364509299,-0.1298217177,0.1254031211
16.1472301483,-0.0066914791,0.0040933262,0.0279605258,-0.0491869114,-0.1362660378,0.1307131946
16.1573638916,-0.0126862163,-0.0014855491,0.027788626,-0.0630292296,-0.1395909935,0.1275296509
16.1675987244,-0.018664144,-0.0061310758,0.0257154573,-0.0554573536,-0.1501626074,0.1232743859
16.1774482727,-0.0226925239,-0.0088702068,0.0276664365,-0.0404978432,-0.15217489,0.1200841814
16.1874904633,-0.0276954398,-0.0126760826,0.0267743934,-0.0382421724,-0.1649642587,0.1083972305
16.1975536346,-0.032634519,-0.0215027556,0.0240747798,-0.0264158733,-0.1745146215,0.0924624726
16.2078227997,-0.0316493139,-0.0227110609,0.0224963296,-0.0156241851,-0.1872575134,0.0765265822
16.2176418304,-0.0286716446,-0.0201724991,0.0200723279,-0.0133913895,-0.1979527622,0.0605936907
16.2278156281,-0.0275864229,-0.0226288661,0.0187160838,-0.0175385717,-0.2108264863,0.0446618646
16.2378864288,-0.0293973312,-0.0252036378,0.0144953597,-0.0195833463,-0.2204772532,0.0319159739
16.248167038,-0.0292120203,-0.0230143592,0.0103405584,-0.0259311758,-0.2269884944,0.0181102157
16.2579841614,-0.0289836153,-0.024777554,0.0052475799,-0.029074505,-0.2334586382,0.0064279931
16.2680301666,-0.0277232155,-0.0237260386,0.0001823771,-0.0236588344,-0.2419551164,-0.0020723511
16.2780952454,-0.0245045051,-0.0139714703,-0.0019197596,-0.0173093267,-0.2365941703,-0.0020712859
16.2883968353,-0.0173533186,-0.0052089323,-0.0069130789,-0.0215884671,-0.2355775833,-0.0031312904
16.2982749939,-0.0092038745,-0.0081050023,-0.0070271622,-0.0163407084,-0.2270775735,-0.0084373727
16.3083534241,0.0019289618,-0.013010107,-0.0179036986,-0.0131670982,-0.2238396257,-0.0041886317
16.3184070587,0.0062178737,-0.0062195291,-0.0220515858,-0.0153972302,-0.2143092453,-0.0041833054
16.3287124634,0.0105339056,-0.006205522,-0.0291870963,-0.0165927745,-0.2015791982,-0.0031152447
16.3385505676,0.0139091378,-0.0032646286,-0.0345213562,-0.0188846923,-0.1856550872,0.0011404866
16.3486118317,0.0163262263,-0.0070521464,-0.0361311585,-0.0276578385,-0.1623656154,0.0043385434
16.3586139679,0.0207283273,-0.0049439897,-0.0340505987,-0.0321149006,-0.1432632953,0.0107200099
16.3689289093,0.0193066373,-0.0028144943,-0.0292030703,-0.0343648493,-0.1316114366,0.0107269343
16.3787498474,0.017903842,-0.0006676542,-0.0264316928,-0.034544345,-0.1135535985,0.0139213949
16.388841629,0.0165593401,0.002463199,-0.0325875431,-0.0411335677,-0.0944849029,0.0181809217
16.3989086151,0.0074174767,0.0056448947,-0.0369839817,-0.0412811041,-0.079610087,0.021373786
16.4092102051,0.0090597039,0.0039670537,-0.0394438654,-0.0328740664,-0.0668240488,0.0181924403
16.4190578461,0.0107291704,0.0003468168,-0.0380841643,-0.0265868753,-0.0550763085,0.0213821083
16.429107666,0.0134175187,0.0025150848,-0.0338592678,-0.0160464291,-0.0422926731,0.0150150899
16.4391822815,0.0210692659,0.0045777331,-0.0384496599,-0.0055370629,-0.0263121072,0.0107732071
16.4494590759,0.0209697857,0.0085440651,-0.0450550467,0.0039596632,-0.0156249758,0.0097142011
16.4593143463,0.0238347426,0.0095729604,-0.047857061,-0.0057739252,-0.0029975972,0.0065375823
16.469373703,0.0267396942,0.0135692731,-0.0518587977,-0.0251532141,0.0138535555,0.0129203806
16.4794597626,0.0227882043,0.0176687613,-0.0501989275,-0.036952883,0.0201516636,0.0182355177
16.4897079468,0.0246882215,0.016992189,-0.0447161347,-0.0370646268,0.0318634473,0.0246129893
16.499578476,0.0295424834,0.0163522735,-0.0451446921,-0.0350326374,0.0425475203,0.0331122018
16.5096416473,0.0255737677,0.0177424029,-0.047676459,-0.0319849141,0.0585950576,0.0490457602
16.5196781158,0.0186125413,0.021173127,-0.047307983,-0.0181916021,0.0672804266,0.0607263856
16.5300102234,0.008691824,0.0217427984,-0.0440461785,-0.0075903861,0.0748417377,0.0670987293
16.5398159027,-0.0002820128,0.0107021108,-0.0330267102,-0.0023804447,0.0876480862,0.0713509992
16.5499458313,-0.0082451338,0.0006271375,-0.0220252406,0.0039619263,0.0940758884,0.0724154711
16.5599536896,-0.020102106,-0.0007020163,-0.0140459668,0.0028122403,0.1025892124,0.0777290091
16.570306778,-0.035842441,-0.0020363855,-0.007095946,-0.0015134793,0.107815668,0.0713616535
16.5801124573,-0.0505600199,-0.0101836547,-0.0022136103,-0.0133280614,0.1151193902,0.0681829005
16.5902233124,-0.0623107776,-0.0183722004,0.0006897318,-0.0197241493,0.1139185056,0.0554432049
16.6002178192,-0.0690819249,-0.0286295041,0.0075344909,-0.0186133422,0.108498171,0.0363278352
16.6105861664,-0.0649969205,-0.0293713436,0.0095983613,0.0006539607,0.1010737494,0.0108350581
16.6203784943,-0.0558938012,-0.0304181799,0.0099042524,0.0167631563,0.089348644,-0.0189052597
16.6303825378,-0.0476650819,-0.0327016935,0.0113146175,0.0222626626,0.0711366832,-0.052893389
16.6405162811,-0.0304947123,-0.0294873938,0.013921367,0.0373670496,0.0530154705,-0.0858220458
16.6507530212,-0.0122564668,-0.0294526741,0.0157842506,0.0429111905,0.0306156911,-0.1113186777
16.6606903076,0.0011610752,-0.0218672678,0.0129006971,0.0504865535,0.0188575685,-0.1346860528
16.6706848145,0.0127132898,-0.0232328102,0.0023519862,0.0569590442,0.0113885989,-0.1495556682
16.680765152,0.0193838254,-0.0110418722,-0.0003954304,0.0633953735,0.0082822889,-0.1463734657
16.6910514832,0.027957119,0.0041414867,-0.0031113755,0.056987755,0.0093777794,-0.1325682998
16.7009315491,0.0286183134,0.0058951448,-0.002978934,0.0430501029,0.016808264,-0.1134486794
16.7109546661,0.0291887894,0.0078878775,-0.0059247147,0.0269810669,0.0242475383,-0.0900810361
16.7210578918,0.0346078053,0.0130102411,-0.013889445,0.015073807,0.0423413217,-0.0656476021
16.7313117981,0.0330747738,0.016414322,-0.0250001084,0.0064193057,0.0551658422,-0.0401566848
16.7412242889,0.0363506451,0.0229766741,-0.0284389388,-0.0033345213,0.0711285621,-0.0199720562
16.7512226105,0.0366433635,0.02002839,-0.0262448918,-0.0163355134,0.0912586674,-0.0072169122
16.7613658905,0.0330196992,0.018155016,-0.0232764613,-0.0197121352,0.1093439236,0.004472767
16.7713737488,0.0313321725,0.0134743825,-0.0185008179,-0.0273801759,0.1294931471,0.0129791703
16.7812671661,0.03360603,0.0175996199,-0.0197625291,-0.0286028348,0.1454542577,0.0214818437
16.7913131714,0.0320310369,0.0129721537,-0.0299096238,-0.0266597904,0.1645778716,0.0225527007
16.8017444611,0.0295042768,0.0083778277,-0.0411629826,-0.0289628915,0.1815560758,0.0257471614
16.8118991852,0.0260451213,0.0018553806,-0.0467534214,-0.0302180387,0.2006434798,0.0257583484
16.8216876984,0.019689776,0.002129413,-0.0465941578,-0.020709224,0.2102833241,0.0268225465
16.8317832947,0.014337278,0.0024425758,-0.0406868607,-0.0251586474,0.2282830328,0.0268327333
16.8418292999,0.0041243201,0.0027581227,-0.0320261866,-0.0273791887,0.2367385626,0.0247139223
16.8520965576,-0.0060677761,0.0030858291,-0.0165645014,-0.0284246393,0.2346071005,0.0247132555
16.8621673584,-0.0133204097,0.0043720971,-0.0098284613,-0.0262701437,0.2324898988,0.0225880537
16.8721656799,-0.0205440149,-0.0002343284,-0.009842528,-0.0197962932,0.2251058072,0.0204582587
16.8820590973,-0.032677792,-0.0019976126,-0.0107159745,-0.0111655211,0.2156036496,0.0162041243
16.8924255371,-0.0379737243,-0.0018549191,-0.008502854,-0.001394649,0.1986630261,0.0087605892
16.902223587,-0.0403672084,-0.0056608547,-0.0031912457,0.0008445373,0.1880508512,0.0055693234
16.9122867584,-0.041768752,-0.0066516032,0.0012814867,0.0095566958,0.1699908972,-0.0093065621
16.9223709106,-0.0372665152,-0.0116896257,-0.0008859766,0.0160729177,0.1583273113,-0.0167466346
16.9326477051,-0.0337025747,-0.0080649182,-0.0029883517,0.0236479081,0.1466191262,-0.0326828584
16.942527771,-0.0320797786,-0.0084837601,-6.56975e-05,0.0408423394,0.1339392811,-0.0475587435
16.9525299072,-0.025496386,-0.0119962618,0.0020885335,0.0611772239,0.127652362,-0.0624311641
16.962644577,-0.0189022049,-0.0059352149,0.0082292426,0.0665719956,0.1212706268,-0.071991913
16.9728603363,-0.0132221812,-0.0057979454,0.0076130498,0.0644465238,0.1201418415,-0.0794238672
16.9828300476,-0.0124160284,-0.0154355392,0.0089439023,0.0580831654,0.1158003584,-0.0857952163
16.9928131104,-0.0057198638,-0.006570362,0.006335007,0.0474212803,0.1146821603,-0.0804854631
17.002866745,-0.0020297403,0.0053230892,0.0056068767,0.0314500369,0.111407809,-0.0730504543
17.0132751465,-0.0013023848,0.0037073863,0.003899442,0.0218917914,0.1071427613,-0.0634945035
17.023021698,0.0012840396,0.0022207273,0.0080058444,0.0165923685,0.1039685383,-0.0550003462
17.0331344604,0.0087159639,0.0007766855,0.0102696288,0.0262648612,0.0977488533,-0.0454498529
17.043132782,0.0160985366,0.0023167504,0.01355456,0.0305909012,0.092536509,-0.0369591601
17.0534629822,0.0283235684,0.0087482706,0.0159094203,0.0326979384,0.0957649276,-0.0327099562
17.0634002686,0.0326850191,0.0045599709,0.0172663797,0.0188811943,0.0903733596,-0.0274001453
17.0733070374,0.0350548401,0.0033793224,0.0214770902,0.000783151,0.0859778151,-0.0263359454
17.0834312439,0.0364322439,0.0041816006,0.0256215204,-0.0130762048,0.0848302543,-0.0210240036
17.0937252045,0.0338603631,0.0099656954,0.0267883409,-0.0247670822,0.0805602148,-0.0093437135
17.1035652161,0.0331604853,0.0119430199,0.0280009378,-0.0288960487,0.0667437315,-0.0072259675
17.1136283875,0.0314329043,0.0100766197,0.0293158162,-0.0298551302,0.0561665259,-0.0008608125
17.1237545013,0.0296238437,0.0140914097,0.0268007386,-0.0307789836,0.0424264781,0.0086887507
17.1340198517,0.0287015215,0.015257515,0.0273663867,-0.0242131725,0.02659465,0.0129267713
17.1440467834,0.0237804428,0.014510192,0.0280235875,-0.0230560265,0.0181782618,0.022478465
17.1540756226,0.0276058689,0.0138136521,0.030763017,-0.0197143741,0.0044338875,0.0256562158
17.1640815735,0.018635489,0.0092902556,0.0354999155,-0.0217271894,-0.0072003976,0.0341453068
17.1743011475,0.0056802398,0.0087017193,0.0344369262,-0.035491392,-0.017903842,0.038390588
17.1841030121,-0.0092706913,0.0081788078,0.0353287309,-0.0418185294,-0.0253729448,0.0405120589
17.1941661835,-0.0242437348,0.004732288,0.0333701223,-0.0374198928,-0.0380827449,0.0383821987
17.2043113708,-0.0363387689,0.0061281095,0.0354653448,-0.0255334061,-0.0528481118,0.0362482071
17.2145080566,-0.0406191573,0.0025521887,0.0358238071,-0.0083350865,-0.065472424,0.029866606
17.2243766785,-0.0419394001,-0.0021214711,0.0305487979,0.0046025496,-0.0792367086,0.0171148591
17.2344398499,-0.0344465002,-0.0050260057,0.0284157861,0.0186464638,-0.0972557887,0.0011746415
17.2445487976,-0.0229940638,-0.0071149697,0.0274134744,0.0187753607,-0.1111734733,-0.0179447234
17.25481987,-0.0115027064,-0.0044591059,0.024551617,0.0146406703,-0.1251017302,-0.0328148194
17.2647132874,6.96546e-05,0.0038920415,0.0119907726,0.007251197,-0.1337173283,-0.0423734374
17.2746944427,0.0106454259,0.0083129779,0.0004675257,0.0115889804,-0.1411336362,-0.0466265678
17.2848320007,0.0163306966,0.0078623667,-0.0110190045,0.0180141218,-0.1431858689,-0.044505626
17.2950592041,0.0229374543,0.0094136372,-0.0156577956,0.0158792809,-0.1420474946,-0.0296383984
17.3049736023,0.0324201956,0.0169436708,-0.0154618155,0.0158435944,-0.137713477,-0.0158328377
17.3149642944,0.0310314074,0.0207464471,-0.0124262702,0.0114672473,-0.125940755,0.0054096668
17.3251056671,0.0276626125,0.0188750401,-0.0124758612,0.0091391113,-0.1056895554,0.022409156
17.3353061676,0.0291545168,0.0210572258,-0.0155806672,0.0026063239,-0.0918274,0.0415297188
17.3452377319,0.0266677514,0.018555142,-0.0139731299,-0.0124969957,-0.074891828,0.0553454012
17.3552341461,0.0212540999,0.0094097629,-0.0145368706,-0.0308338441,-0.05480114,0.0691634119
17.3653717041,0.0187839642,0.0081249848,-0.0172397029,-0.040564768,-0.0421391428,0.0712958053
17.375585556,0.0114435321,0.0039767991,-0.0161783826,-0.0417110734,-0.0347340219,0.0691749305
17.3855075836,0.0070618158,-0.001155697,-0.011251701,-0.0385959744,-0.0262318812,0.0670547858
17.3955020905,0.0037325984,-0.0005278813,-0.0092978608,-0.0364991315,-0.0220137648,0.0606885664
17.4056034088,-0.0005470151,-0.0077200164,-0.0063858163,-0.0344106816,-0.0177926552,0.0543193519
17.4158630371,-0.0018539662,-0.011096023,-0.004424585,-0.0343764089,-0.0220977217,0.0447597355
17.4257488251,-0.0040979618,-0.011650227,-0.0043563973,-0.0257903747,-0.027383564,0.0362605266
17.4357662201,-0.0043612951,-0.0103462562,-0.002293719,-0.0247187745,-0.028475726,0.0298878457
17.4459056854,-0.0055395002,-0.0052221944,-0.008997215,-0.0172728412,-0.0263230931,0.0245780349
17.4561195374,-0.0096732015,-0.0098224804,-0.0078989398,-0.0215380006,-0.0263615772,0.0245802999
17.4660568237,-0.0108636254,-0.0115105137,-0.0038843285,-0.0268336982,-0.0306868181,0.019270489
17.4760284424,-0.0159569606,-0.007370614,-0.0028368367,-0.0247566439,-0.025354635,0.0203328226
17.4861698151,-0.0239687786,-0.0090747699,-0.0027707946,-0.021536082,-0.0274763741,0.016083749
17.4964027405,-0.0231396183,-0.0079368874,-0.0085061919,-0.0183315016,-0.0274566673,0.015022479
17.5063037872,-0.0203181133,-0.0039146771,-0.0142309796,-0.0204700194,-0.0275307037,0.0065285941
17.5162906647,-0.0194503888,-0.009653233,-0.0131074321,-0.0172734801,-0.0275508109,-0.0009052209
17.5264377594,-0.0146394605,-0.0106193647,-0.0109770428,-0.0183017254,-0.0318526141,-0.0083397012
17.5366325378,-0.0097686285,-0.0048716296,-0.0146761071,-0.0108087631,-0.0350810289,-0.0253321324
17.546585083,-0.0057859058,-0.0070823063,-0.0202463996,0.0062381309,-0.0328860544,-0.037015155
17.5565643311,0.0021604663,0.0003196371,-0.022841705,0.0210809112,-0.0232488066,-0.043384172
17.5666809082,0.0082314378,0.0007979048,-0.0264759194,0.028439492,-0.0126358438,-0.0529369265
17.5769252777,0.0016399985,-0.0065374007,-0.0243276488,0.0283412747,-0.0031073191,-0.0561178103
17.5868396759,0.0087539321,0.0026651991,-0.0154520404,0.0197190251,0.0053061391,-0.0561114177
17.5968322754,0.0090655452,0.0109371915,-0.0135352742,0.0100005912,0.0169135928,-0.0529172905
17.6068973541,0.0025386577,0.0182832256,-0.0176122319,-0.0018075984,0.0243004039,-0.0433544107
17.6172103882,0.0047840839,0.0218595639,-0.0207656752,-0.0039822031,0.0285676531,-0.036981266
17.6271133423,0.0108990436,0.0157599822,-0.0179968011,0.00461022,0.0233649015,-0.0327388495
17.6371154785,0.0209131613,0.0135364309,-0.0151722562,0.0173772015,0.0277335513,-0.0306152459
17.6471920013,0.0289460793,0.0190656558,-0.0122999083,0.0312946141,0.0236384086,-0.0263736304
17.6575012207,0.0330295339,0.025595881,-0.0074057709,0.0355864577,0.0216098782,-0.0178821404
17.6673755646,0.0361027494,0.0263641253,-0.0054611098,0.0227936991,0.0204647202,-0.0136322677
17.6773834229,0.0274072066,0.0223635212,-0.0036374461,0.0046248678,0.0235802177,0.0001763556
17.6874542236,0.0225609913,0.0292073861,-0.0048329961,-0.0049931379,0.0257152729,0.0150450496
17.6977462769,0.0176042691,0.0372393504,0.0017386543,-0.0071027894,0.0247871615,0.0384055004
17.7075958252,0.0125351911,0.0337725058,0.0102338661,-0.003979167,0.0334000923,0.0532741919
17.7176513672,0.0084293252,0.0274423733,0.006062733,0.0023992909,0.0367358997,0.0681394935
17.7276878357,0.0062404042,0.0250673071,0.0019354689,0.010982126,0.0326080024,0.0745060444
17.7380046844,0.0040008193,0.020769991,-0.0021493568,0.0110227931,0.0283860266,0.0776880533
17.7478542328,0.0036980277,0.0213649347,-0.0042712819,0.0099657839,0.027308777,0.0766259879
17.7579154968,0.0024353629,0.0170626417,-0.0014799965,0.0100258384,0.020880105,0.0670669079
17.7680416107,0.0031638509,0.0087780431,0.00331329,0.0153449699,0.0219115485,0.0553862788
17.7783184052,0.0049103862,0.0032900048,0.0072079767,0.0239422396,0.0155573785,0.0458251312
17.7882080078,0.0047325855,0.0064775418,0.013043033,0.0271516144,0.0144897178,0.0405147895
17.7982463837,0.0006683832,0.002787478,0.0101729501,0.0272158496,0.0080880104,0.0352036469
17.8082485199,-0.0053356523,0.0010151339,0.0014945137,0.0251353886,0.0027712758,0.0362633169
17.8185634613,-0.0103810662,0.0050724815,-0.008147968,0.0262893625,-0.0056937812,0.0383825973
17.8283729553,-0.0144927138,0.0062329243,-0.0098985564,0.0316154212,-0.004572324,0.0405054018
17.8384590149,-0.0176652893,0.0035467518,-0.0077468287,0.0316434354,-0.0077468124,0.0415640101
17.8487892151,-0.022801064,-0.0020286667,-0.0036312472,0.0327222832,-0.0087846462,0.0436868146
17.8588676453,-0.0230491385,-0.0037332701,-0.0024200811,0.0391057469,-0.0065931976,0.0458102189
17.8687286377,-0.0203469023,-0.0005601572,-0.0012521875,0.0326491781,-0.001351031,0.044752676
17.8787593842,-0.0175894126,-0.0071572294,-0.0049895179,0.0282911807,0.0070443181,0.0362635851
17.8888492584,-0.0147625441,-0.012861155,-0.0127157103,0.0250418596,0.011191126,0.0256484933
17.8990802765,-0.009892487,-0.0137651786,-0.0195330512,0.0217399672,0.0206569321,0.0171595328
17.9089412689,-0.0039962167,-0.0108016953,-0.0235155951,0.0152919199,0.024810398,0.01185425
17.9190063477,-2.54148e-05,-0.0107941255,-0.0207420718,0.0130479662,0.0353531204,0.0044276929
17.9290752411,0.003005839,-0.0107868239,-0.0171139371,0.0087160682,0.0416887812,0.0054937559
17.939371109,0.0041516786,-0.0098330006,-0.0184378754,0.0138982078,0.0565625355,0.0012518731
17.9492225647,0.0033668047,-0.0108541474,-0.0198210608,0.0212839525,0.0651296526,0.0033778748
17.9592761993,0.0026016599,-0.0079949722,-0.0241892468,0.0275959894,0.0747541264,0.0065677427
17.9693584442,0.0057647591,-0.0080253109,-0.0256430041,0.0264441743,0.0832397565,0.0076340721
17.9796237946,0.0040545231,-0.0129091367,-0.0281545054,0.0167755671,0.0895149633,0.0065778624
17.9894790649,0.0062811738,-0.0119259283,-0.026884092,0.0060387664,0.0957669988,0.0033983146
17.9995479584,0.0104799634,-0.0079850182,-0.0188933741,-0.0046988064,0.1020264253,0.0012801026
18.0096092224,0.0088501936,-0.0099036321,-0.0187879931,-0.0025869207,0.1041532233,-0.0008429694
18.0198822021,0.0033288365,-0.0109033212,-0.017675532,0.0091010286,0.1095597744,-0.000842237
18.0297412872,0.0017446643,-0.0080270693,-0.0155919921,0.0175938495,0.1138575822,-0.0040276437
18.0398445129,0.0011732941,-0.0139820203,-0.0183452498,0.0218452662,0.1149368286,-0.007215315
18.0498485565,-0.0042991871,-0.0160700902,-0.0152146947,0.029355647,0.1107303649,-0.011466518
18.0602054596,-0.0048791999,-0.0103721842,-0.0130753648,0.0154557042,0.1138332188,-0.0050901119
18.0702056885,-0.008409583,-0.0065366258,-0.0139621627,0.0005057836,0.1147706509,-0.0040240488
18.0801143646,-0.0207339153,-0.0133225545,-0.0168837439,-0.0176734887,0.1188901588,0.0012922867
18.0901260376,-0.0193864331,-0.0083802864,-0.0140245091,-0.0219329484,0.117771104,-0.0018925876
18.1004543304,-0.016053997,-0.0131619796,-0.0121404063,-0.02408747,0.1198954284,0.0012942174
18.1102485657,-0.0156552419,-0.0053182174,-0.012228502,-0.010259008,0.1242398471,-0.001892521
18.1203784943,-0.0132542485,-0.0130925402,-0.015182985,-0.0060470318,0.1295619756,-0.0050769295
18.1303386688,-0.0127570862,-0.0209449157,-0.020146979,-0.0007891525,0.136994049,-0.0114453463
18.1406974792,-0.0151620144,-0.0210293755,-0.0212674271,-0.0008272352,0.1412222236,-0.0135648232
18.1505146027,-0.0087401504,-0.0191940293,-0.0155857932,-0.0051527414,0.1464414895,-0.0209937114
18.1606407166,-0.0071450109,-0.0173957869,-0.0148451459,-0.0041141091,0.148554042,-0.0241803154
18.1706447601,-0.0045265788,-0.0176096782,-0.0141005646,0.0022300733,0.1538457423,-0.0347972736
18.1810112,0.0020763045,-0.0237536952,-0.0133754145,0.006382687,0.1655109227,-0.0411616974
18.1907958984,0.0048690801,-0.0280494913,-0.0156453978,0.0116597405,0.1707932949,-0.0517783873
18.2008476257,0.006723023,-0.0402258262,-0.0120195281,0.0212405957,0.1718360037,-0.0677089542
18.2109489441,0.0105840927,-0.036966823,-0.006423844,0.0202107523,0.1675134152,-0.0783288404
18.2212181091,0.0125642782,-0.0309102461,-0.0066633355,0.0255237296,0.169597134,-0.0910689384
18.231086731,0.0106909638,-0.0336724147,-0.005948199,0.0169606023,0.1715822667,-0.1006219611
18.2411079407,0.008903957,-0.0287394151,-0.0052902829,0.0201534927,0.1715421081,-0.1112419143
18.2512168884,0.0081013804,-0.0287243947,-0.0016719234,0.018037878,0.1693668514,-0.1165514588
18.2614707947,0.0121831065,-0.0209002122,0.004881965,0.011654947,0.1671823263,-0.1176130623
18.2713985443,0.0113906628,-0.0179370269,0.0016646254,0.0010177484,0.1639338136,-0.1133647859
18.2814331055,0.0076166755,-0.0119635686,-0.0025761258,-0.0053469399,0.1607495993,-0.104869701
18.2914848328,0.0028227335,-0.0088207945,-0.0048773419,-0.0085435314,0.1607839465,-0.0953126848
18.3017559052,0.0038118726,-0.0075063338,-0.0042090546,1.03554e-05,0.1598806679,-0.0825737864
18.3116397858,0.0037821298,-0.0070861806,-0.0025402438,1.6747e-05,0.1599637568,-0.0698321611
18.321641922,0.0075862175,-0.0026813375,0.0030350552,-0.0042271335,0.1578602046,-0.0613380708
18.3317775726,0.0143156415,-0.0011404383,0.0017728674,-0.0138275623,0.1578247845,-0.0539030582
18.342010498,0.0141779548,-0.000503205,-0.0024948251,-0.0245302767,0.1609214991,-0.0528369956
18.3518943787,0.0150230294,-0.0026948082,-0.0078157317,-0.0458600633,0.1597017795,-0.0485849902
18.3619098663,0.0148669248,-0.0028862583,-0.0083379876,-0.0490771905,0.1618009359,-0.0475195274
18.372045517,0.0157102123,-0.0040232767,-0.0049996506,-0.0512439348,0.1649583876,-0.0485792011
18.3822898865,0.0126677519,-0.0012989866,-0.0055924784,-0.0502283648,0.1691651046,-0.0560118146
18.3921928406,0.0096602207,-0.0025233852,-0.001335634,-0.0459934101,0.1723646373,-0.0591966882
18.4021911621,0.0096394783,-0.0008833038,0.0048860181,-0.0374692976,0.1734583378,-0.0655687675
18.4122581482,0.0076890355,-0.0022443759,0.0072746146,-0.033192791,0.1723999977,-0.0708793774
18.4225769043,0.003801561,0.0002424491,0.0057555307,-0.0363652818,0.1691616476,-0.0751277208
18.4324607849,0.0028761989,0.0017176641,0.0052697528,-0.032046169,0.1638592929,-0.0804404616
18.4424114227,0.0019514924,0.0050930749,0.0038655866,-0.027745083,0.1606991291,-0.0825661272
18.4525947571,-0.0058209533,0.0074405442,0.0063762534,-0.0181435905,0.1607483923,-0.0878775343
18.4628067017,-0.0106341476,0.0039101015,0.0118886102,-0.0064108726,0.1608316153,-0.0910673365
18.4727020264,-0.0105669135,0.0129518285,0.0204108823,0.0117617399,0.157800138,-0.0921352655
18.4827194214,-0.0104759568,0.014135398,0.0251295436,0.0128821041,0.1524617672,-0.0985078812
18.492855072,-0.0083936686,0.0113622919,0.0240545142,0.0118863489,0.1449838728,-0.1048821583
18.5030918121,-0.0102091068,0.0163403526,0.0200753082,0.0098208273,0.1386046112,-0.1038214788
18.5130004883,-0.0052505964,0.0272161737,0.0219839681,-0.011384327,0.1246112958,-0.1059466824
18.5229911804,-0.0042386884,0.0274038091,0.0239369739,-0.0123206945,0.1107832268,-0.1102025434
18.5330715179,-0.0052255625,0.0305094495,0.0240565408,-0.005753872,0.0949795023,-0.1017177179
18.5433444977,-0.0033734078,0.0414412394,0.021380173,0.0018396806,0.0834354311,-0.0921686217
18.5532207489,-0.0035873884,0.0407288447,0.0227559675,0.0126542449,0.0697979182,-0.0826219916
18.5632534027,-0.0029460425,0.0371796265,0.0282075275,0.0223699622,0.0593695752,-0.0677653402
18.5733718872,-0.0043454403,0.0395295396,0.0298449863,0.030978363,0.0531750619,-0.0529054366
18.5835876465,-0.006859743,0.0449016467,0.029590236,0.0289630704,0.0426557735,-0.0359199978
18.5934963226,-0.0065379376,0.0435913578,0.0294138063,0.0215943698,0.0331107378,-0.0253049042
18.6035232544,-0.0121754045,0.0355849639,0.0283087362,0.0195613913,0.0236407388,-0.0104446635
18.613658905,-0.012066328,0.0393587723,0.0263012517,0.0132907135,0.010908165,-0.0019550389
18.6238594055,-0.007141077,0.0334710851,0.0253807176,0.0101990765,0.0003045895,0.0033496451
18.6337394714,-0.0071549648,0.0256273523,0.0206166375,0.0177749712,-0.0102471206,0.0022806523
18.6437911987,-0.0013408298,0.0226346031,0.0198898185,0.0232159942,-0.0208030269,0.0033351975
18.6539344788,0.0093294149,0.0284000412,0.0202019084,0.0157903023,-0.025091514,0.0065203379
18.6641921997,0.0180372372,0.0302883759,0.0166070331,0.0211577974,-0.0282492228,0.0033325343
18.6740322113,0.0257329121,0.0234132186,0.0130733121,0.023338927,-0.032419201,0.0118242893
18.6840553284,0.0353651419,0.0263061896,0.0085806716,0.0264998861,-0.028133776,0.0139496252
18.6941833496,0.0390870944,0.0263353363,0.0089423526,0.0222888961,-0.033420682,0.0224424452
18.7044200897,0.0427317992,0.0235329643,0.0093134511,0.0201689675,-0.0344376117,0.0319982655
18.7142753601,0.0404711142,0.0217680112,0.0106346477,0.0159158986,-0.0354735814,0.041555021
18.7243232727,0.0322187319,0.025048174,0.0167946685,0.0074729319,-0.0439112745,0.0606650673
18.7344589233,0.0297360197,0.0284716263,0.0171284545,-0.0052708257,-0.0492173545,0.0776544288
18.7446651459,0.0193165317,0.0213415995,0.0174558032,-0.012659342,-0.0566409156,0.0882711262
18.7545986176,0.0127019053,0.0182312503,0.0197952855,-0.014649787,-0.0703833625,0.0988827571
18.7646045685,0.0108786589,0.0093709007,0.0222463477,-0.0209242478,-0.0831501633,0.1020629704
18.7746772766,0.006096459,-0.00046476,0.022829758,-0.0261230059,-0.0970105827,0.0988719687
18.7849655151,0.0110513335,0.0003493202,0.0254890788,-0.0131799346,-0.1107341126,0.0924918428
18.7948760986,0.0130750304,-0.0018245804,0.0263007749,-0.0195124,-0.118272461,0.0839952901
18.8048591614,0.0141541725,-0.0069533219,0.0242239106,-0.0364885591,-0.1291139126,0.0712517947
18.8149604797,0.0113324886,-0.0121258721,0.0211579669,-0.0460027047,-0.1388230026,0.0595695749
18.8252220154,0.0075660115,-0.0154114589,0.0220124591,-0.0459410772,-0.1452237815,0.0542574972
18.8350791931,0.0047687655,-0.0090103969,0.0229158271,-0.0437125452,-0.1547749341,0.0510667674
18.8451251984,0.0029285317,-0.0065226783,0.0219405759,-0.0404465497,-0.1610990167,0.0531862453
18.8552627563,-0.006761157,-0.0050050248,0.0180864204,-0.0371689983,-0.1684772968,0.0563671254
18.865480423,-0.0145569677,-0.0063624014,0.0162482131,-0.0339346938,-0.1715900153,0.0627347454
18.8754024506,-0.0184830651,-0.0056944718,0.017353164,-0.0413364172,-0.1779658794,0.0712278262
18.8853912354,-0.018559061,-0.0059493412,0.0224176515,-0.0423402973,-0.1843623221,0.068039827
18.8955307007,-0.0205986127,-0.0042883386,0.0217448343,-0.0326306783,-0.1949023157,0.0659084991
18.9057579041,-0.0157939419,-0.0017335045,0.0182353128,-0.0293983482,-0.198085472,0.0616592914
18.9156665802,-0.0129195685,-0.0031252729,0.0138178933,-0.0250472762,-0.2065708339,0.0563449524
18.9256381989,-0.0100563401,-0.0035917985,0.011444198,-0.0207202733,-0.2129403055,0.0499690771
18.9358024597,-0.0032631988,-0.0002326595,0.0091323722,-0.0206675455,-0.2182522416,0.0489046127
18.9460201263,0.0015541678,0.0021952761,0.0097398628,-0.026002042,-0.2183063775,0.0478447415
18.9559516907,0.0053891307,0.0017211807,0.0122525562,-0.041987136,-0.2205612659,0.0489094742
18.9659328461,0.0053239232,0.0042368541,0.0098080505,-0.0537215844,-0.2206296623,0.0542218797
18.9761390686,0.0042551523,0.0116805211,0.0043598283,-0.0622980297,-0.2164186686,0.0605969541
18.9862957001,0.0002375013,0.0143235698,-0.0020858182,-0.0548381656,-0.2152570486,0.0659039021
18.9962024689,0.0020498401,0.0179732218,-0.0016269815,-0.0430949554,-0.215092212,0.075457193
19.0061950684,0.0048034554,0.0226079598,-0.0011083019,-0.031354785,-0.2149618566,0.0797013417
19.0163173676,0.0035950309,0.0194916502,0.000459181,-0.0270500518,-0.2180521935,0.0881930962
19.0265617371,0.0052954322,0.0183489695,8.22413e-05,-0.0259787142,-0.218023017,0.0913791656
19.0364494324,0.0040654307,0.0142838135,0.0007070171,-0.0238561779,-0.2169572264,0.0892555639
19.0464801788,0.0067475205,0.01509545,0.001352297,-0.0216993876,-0.2190396786,0.0924392417
19.0566082001,0.0074659949,0.018799521,0.0029938091,-0.0195251852,-0.2232996672,0.0871275663
19.0667896271,0.0003885394,0.0146887079,0.0017282831,-0.0173826683,-0.2243483067,0.0860640332
19.0768585205,-0.0027829045,0.0086039677,0.00345801,-0.0088243354,-0.2263957262,0.0860608369
19.0867347717,-0.0069424147,0.0063824425,0.00523399,-0.0066778017,-0.2274244428,0.0881835818
19.0968399048,-0.0101287598,0.0041577886,0.0099660028,-0.0098291198,-0.2327989638,0.0818108991
19.1071166992,-0.0113324756,-0.0039316048,0.0127940048,-0.0023204423,-0.2369977087,0.0786206946
19.11693573,-0.013501131,-0.000405364,0.009810077,-0.0054595117,-0.2434124649,0.0754328892
19.1269989014,-0.0147060985,-0.0046651592,0.0088333953,-0.0096546551,-0.2509047985,0.0711833537
19.1371192932,-0.0188063607,-0.0157968625,0.007889377,-0.013898137,-0.2542151213,0.057379391
19.1474208832,-0.0248186216,-0.0182328448,0.0040041078,-0.0202897247,-0.2553749084,0.0510109738
19.1572322845,-0.0278585777,-0.0158562884,0.0030274261,-0.0255438741,-0.2639580369,0.0435754284
19.1673564911,-0.0279597268,-0.0213119313,0.0070259441,-0.0137936603,-0.2660737038,0.0287054684
19.1774101257,-0.0230924711,-0.0230441913,0.0081956256,0.0011738371,-0.2691816092,0.0202057231
19.187664032,-0.015218758,-0.0239148065,0.00746678,0.0032776278,-0.2671301663,0.0064020269
19.1973724365,-0.0112034911,-0.0307452306,0.0038428174,-0.0009429501,-0.2725417316,-0.0042175939
19.20753479,-0.0071069235,-0.0269336328,-0.0027754437,-0.0127089024,-0.2705982924,-0.0158935562
19.2175254822,-0.0029742355,-0.0270542726,-0.0104199778,-0.0255176406,-0.2707516849,-0.0222611744
19.2288513184,0.0041248566,-0.025230132,-0.0142067801,-0.0351643302,-0.266612947,-0.0254414566
19.2387619019,0.005372799,-0.0185176954,-0.0190786254,-0.041588407,-0.2645468414,-0.025438793
19.2484455109,0.0036948686,-0.016646646,-0.0191111695,-0.0331045613,-0.2591388226,-0.0211917832
19.2585449219,0.0088649159,-0.01671087,-0.0220734011,-0.028992109,-0.2431380153,-0.0137522435
19.2688350677,0.0101406937,-0.0137879476,-0.0280832183,-0.0301378258,-0.2345905453,-0.0031292266
19.2785053253,0.0104259616,-0.0195283517,-0.0322338492,-0.0356300622,-0.2186805606,0.0032509086
19.2880592346,0.0146330958,-0.0222755894,-0.0345864445,-0.0432222858,-0.2059943825,0.0064459695
19.2980117798,0.0188665763,-0.0123196468,-0.0400140435,-0.0529398918,-0.1943587661,0.0138868419
19.3082828522,0.0230839029,-0.0080877468,-0.0416945368,-0.0658964366,-0.1795661002,0.021328114
19.3181667328,0.0244180337,-0.0086510703,-0.0464966446,-0.0820913836,-0.160559386,0.0287743118
19.3282222748,0.0247564688,-0.0090896115,-0.0466171652,-0.0864835232,-0.1478447914,0.0319681093
19.3382530212,0.0241600052,-0.0124033019,-0.0459329039,-0.0920103788,-0.1287864149,0.033040829
19.3483695984,0.0246025696,-0.0137646422,-0.0493014008,-0.0869256109,-0.1032134145,0.0426084995
19.3582038879,0.0211459771,-0.0082527027,-0.051891461,-0.089236699,-0.0851396024,0.0511125103
19.3682804108,0.0206501856,-0.0094799027,-0.0497461706,-0.0873362646,-0.0617719665,0.0521854907
19.3787670135,0.0182622448,-0.0146249756,-0.0497141033,-0.0779775158,-0.0372777432,0.0532568172
19.3888702393,0.0149928695,-0.0081721768,-0.0517931134,-0.0728578046,-0.0160384979,0.0490186624
19.3987102509,0.0108349686,-0.0085433945,-0.0540552288,-0.0699248686,0.0104868533,0.0447839722
19.4089012146,0.0048341518,-0.0109346136,-0.0516394526,-0.0702177584,0.0390504561,0.0320571214
19.4189834595,-0.0049838657,-0.0114059672,-0.0485030562,-0.0725783855,0.0612782612,0.0267598294
19.429315567,-0.018587552,-0.0158577487,-0.0416702181,-0.0781311616,0.0823464617,0.0108461771
19.4390735626,-0.0330367908,-0.0155601129,-0.0359747559,-0.0772531182,0.1002889723,-0.0050720689
19.4491443634,-0.0424545631,-0.0135196969,-0.0294107329,-0.0603191406,0.1130108982,-0.0294913929
19.4592437744,-0.0468338355,-0.0165770873,-0.0257265698,-0.0433089957,0.1183265671,-0.0507290363
19.4695281982,-0.047155641,-0.0111255273,-0.0210284125,-0.0252458677,0.1246995777,-0.0740908906
19.4793834686,-0.0483265743,-0.0069048037,-0.0162855517,-0.0092719607,0.1268090755,-0.0974534675
19.4894351959,-0.0483952984,-0.000962429,-0.0134160649,0.0088899471,0.1236533523,-0.1176342294
19.4995002747,-0.0454245433,0.0056995819,-0.0163003337,0.0227311943,0.125764966,-0.137810871
19.509809494,-0.0384615287,0.0112431124,-0.0151822697,0.0430340394,0.1226824299,-0.1494968981
19.5195808411,-0.0275539383,0.0156427994,-0.0100093018,0.0559189469,0.1142300889,-0.1611841768
19.5297336578,-0.020542942,0.0199778751,-0.0057158601,0.0741091892,0.1090636998,-0.1643777043
19.5397872925,-0.0115671987,0.0251902714,-0.0042230021,0.088035129,0.1038798541,-0.1643838286
19.5500736237,-0.0035817856,0.0313306525,-0.0064964425,0.1062456891,0.0977059156,-0.1590815336
19.5598621368,0.0014345413,0.0374724045,-0.0047825705,0.1169521287,0.0946576595,-0.1527149826
19.5699977875,0.0102799302,0.0446609631,-0.0010402334,0.1169798002,0.0926258639,-0.1389128268
19.5800151825,0.0102504855,0.0520220771,0.0016511547,0.1009840518,0.0926314518,-0.1166109741
19.5903816223,0.0140251881,0.0547594205,0.0052569974,0.0806875452,0.0957615376,-0.0974914134
19.6001224518,0.0255167857,0.0518928543,0.0068471301,0.0615133159,0.0936379358,-0.07200443
19.6101894379,0.0398238078,0.057040669,0.009340154,0.0593475811,0.0980229601,-0.0475807115
19.6203250885,0.0579381958,0.0604358688,0.0098849405,0.0593374595,0.100290373,-0.0252818
19.6305522919,0.0710501447,0.0552562848,0.0113893617,0.0604189448,0.1004439741,-0.0029830856
19.6404323578,0.072295703,0.0503099933,0.011853205,0.0519074835,0.0995022804,0.0267489757
19.6504535675,0.0636052266,0.0524268523,0.0200233329,0.0380761921,0.0963654742,0.0522328988
19.6606292725,0.053773798,0.0528704301,0.0262144674,0.0253164582,0.0932506397,0.0798413604
19.6708374023,0.0398837104,0.0516037121,0.0304155219,0.016869016,0.085914433,0.1053238139
19.6807632446,0.0248694196,0.0398413911,0.037642464,0.0191518776,0.0722715929,0.1254906058
19.690788269,0.0175545588,0.0311297551,0.0450355858,0.0267837532,0.0564850345,0.1350360364
19.700843811,0.0169881359,0.0204978064,0.0477622598,0.0270298272,0.0320958085,0.1371473819
19.7110824585,0.0114788776,0.0069138478,0.0487487167,0.0294464864,0.003419423,0.1296993345
19.7210292816,0.0137550598,0.0029492748,0.0480242819,0.0328987427,-0.0220790114,0.1201295257
19.731010437,0.0189772025,-0.0011079537,0.0436065048,0.0235028174,-0.0434879661,0.1041953638
19.7411499023,0.0202908888,-0.0091533884,0.0383099169,0.0183530636,-0.0627087951,0.0925072804
19.7513656616,0.0157159343,-0.0123818144,0.0321239084,0.0099316156,-0.0744751766,0.0893181488
19.7612915039,0.0189956799,-0.0137047395,0.0250013936,0.0067776334,-0.0798843205,0.077636458
19.771276474,0.0154561764,-0.0248172805,0.0188865531,0.0068148123,-0.0841690823,0.0712627172
19.7813987732,0.0119359856,-0.0262592658,0.0127879251,0.0132154534,-0.0841408521,0.0670139119
19.7916507721,0.0084379679,-0.0248120651,0.0056838859,0.0110224467,-0.0788809732,0.0627686977
19.8015708923,0.0059489375,-0.0243782625,0.0024484263,0.0152360993,-0.0735594481,0.0595848896
19.8115577698,0.0074073439,-0.0249439105,-0.0017620457,0.0119948722,-0.0693870708,0.0532191359
19.8216209412,0.0020933514,-0.0255347714,-0.009053601,0.0075639049,-0.053543929,0.0479191765
19.8321228027,-0.0070799226,-0.0339580998,-0.0145110022,0.0031546168,-0.0398229212,0.0426182896
19.8422489166,-0.0083885426,-0.0316499695,-0.014232887,0.000923953,-0.0302994587,0.0415618122
19.8519592285,-0.0096134776,-0.0322786495,-0.0170253646,-0.0077998443,-0.0123634022,0.0373245217
19.8619747162,-0.0156499371,-0.0368261561,-0.0268261563,-0.0239489861,0.0012413566,0.0299028251
19.8723564148,-0.018664442,-0.0413994417,-0.0368007571,-0.0262660161,0.0192105696,0.0224805288
19.8822612762,-0.0206523761,-0.0323701724,-0.0391241461,-0.0295638107,0.0287247133,0.0214243196
19.8921661377,-0.0186612234,-0.0272715017,-0.0376663357,-0.0339990631,0.0445195884,0.0086915474
19.9020423889,-0.0214789733,-0.0319488868,-0.0343347937,-0.0351743177,0.0550995283,0.0055117323
19.9122676849,-0.0242389068,-0.0240291581,-0.0330999047,-0.0406306535,0.0666683018,-0.0029752292
19.9222373962,-0.0239883885,-0.0190764591,-0.0329347998,-0.0481884405,0.0750564635,-0.0082781157
19.9323539734,-0.0246613249,-0.015097104,-0.0318834931,-0.050410606,0.0834983438,-0.0125207305
19.9424324036,-0.0243308172,-0.0111540779,-0.030864371,-0.0451095849,0.086693339,-0.0178294759
19.9527416229,-0.0220286474,-0.0092388615,-0.0268614423,-0.0301649086,0.0857151002,-0.0252670851
19.96251297,-0.0206564292,-0.0083916411,-0.0237344634,-0.0194339678,0.0793868974,-0.0337673649
19.9725875854,-0.0231982097,-0.0037692713,-0.018578304,0.0051455684,0.0763956308,-0.0369586274
19.9828624725,-0.0218081698,0.0007710827,-0.0142521989,0.0116117243,0.0700786114,-0.0380252227
19.993013382,-0.0224126205,0.0082509294,-0.0060135256,0.0009675492,0.0668041259,-0.0380258895
20.0027809143,-0.0259232149,0.0088975802,-0.0065406691,-0.0063974233,0.0561080687,-0.0412147604
20.0128917694,-0.0216622576,0.0134796277,-0.0021264686,-0.0095621385,0.0529309809,-0.0359058119
20.0229663849,-0.0174260363,0.0229503885,0.0013433563,-0.0052190553,0.0455412418,-0.0359106064
20.0332241058,-0.0112380618,0.0226702467,0.0029560197,-0.0019535674,0.0392031185,-0.0359145403
20.0431079865,-0.0050819749,0.0204401985,0.0017523634,0.0088151917,0.0297680721,-0.0327365845
20.0531692505,0.0029948121,0.0298498347,0.0016033518,0.0238080435,0.0246007405,-0.0316814408
20.0632286072,0.0100888377,0.0294977799,-0.0033041371,0.0302246623,0.0236372091,-0.025312759
20.0735569,0.0122367507,0.0321284309,-0.001381172,0.0312854797,0.0247415565,-0.0200028811
20.083562851,0.0153013235,0.0338551179,0.0044484008,0.0260281339,0.0173163973,-0.0125726629
20.0933952332,0.0153766638,0.0346921161,0.0141786207,0.0260216892,0.0184470415,-0.0019545062
20.1034908295,0.0115209585,0.040445514,0.0151138175,0.0239337701,0.0142328553,0.005476512
20.1137733459,0.0134672886,0.0375524834,0.0161129106,0.020772865,0.011082869,0.0150332656
20.1236743927,0.0134067303,0.0307875052,0.0152397025,0.033655107,0.0037953947,0.0192735512
20.133687973,0.0191578045,0.0298752561,0.0135265458,0.0486708358,-0.0034162458,0.0320059247
20.1437931061,0.0277927294,0.0308929458,0.0129151214,0.0604827553,-0.0107545853,0.0298756622
20.1540164948,0.0334471241,0.0251233056,0.0172791351,0.0648511648,-0.0202464238,0.0330560766
20.1639041901,0.034182705,0.0281181112,0.0168181527,0.059603937,-0.028739512,0.0394239612
20.1739673615,0.0309376493,0.0273234621,0.014375316,0.0340497606,-0.0341983922,0.0500451103
20.1840801239,0.0256741419,0.0189168528,0.0138140786,0.0169799645,-0.0342921354,0.0585437901
20.1943244934,0.0184142366,0.0164582506,0.0102356542,0.0084816571,-0.037466757,0.0712860823
20.204246521,0.0120385056,0.0141175762,0.0164310802,0.0202435069,-0.0394585356,0.0755292997
20.2142047882,0.0105162626,0.0059215794,0.0257035363,0.0437784754,-0.0445175432,0.0818921924
20.2243022919,0.0089499718,0.0025772823,0.0292693246,0.0523724928,-0.0496995226,0.0893200114
20.2345867157,0.0005177623,-0.0017160701,0.0279897321,0.048205182,-0.0603662804,0.0861290097
20.2444248199,-0.0108683938,-0.0147901997,0.0267550815,0.0376271047,-0.0700431392,0.0808178708
20.254486084,-0.0193222389,-0.0142479166,0.0245872606,0.0185804181,-0.0861693174,0.0744456574
20.2646312714,-0.0248565301,-0.0195371732,0.0253822673,-0.0015608035,-0.1001948565,0.0659493729
20.274772644,-0.0313500389,-0.0248827562,0.0261859763,-0.0068303207,-0.1077508405,0.0532046184
20.2847576141,-0.0338812098,-0.0254317746,0.0231451858,-0.0141771836,-0.1206104457,0.0436438695
20.2947597504,-0.0315173492,-0.0319239125,0.0231746305,-0.0076558208,-0.1334042102,0.0255851746
20.3049793243,-0.0300511941,-0.0395839438,0.0194247831,0.0073180692,-0.1376285106,0.0085904794
20.3154087067,-0.0246001706,-0.0396262929,0.0157545675,0.0116606727,-0.1461891085,-0.0084046153
20.324968338,-0.0191143975,-0.03591948,0.009265529,0.0202770643,-0.1546787322,-0.0200908333
20.3350715637,-0.0116163129,-0.033301644,0.0018670427,0.0170698203,-0.1547828615,-0.0317698605
20.3450965881,-0.0118755931,-0.0297651514,-0.0056334864,0.0042190021,-0.1506853253,-0.0370735452
20.3554039001,-0.0101540321,-0.0310762152,-0.0073903929,-0.0075942213,-0.143396318,-0.0423750356
20.3652954102,-0.0083829397,-0.0323965773,-0.0111888777,-0.006625629,-0.1338725835,-0.0476795174
20.3753032684,-0.0085368985,-0.0279131457,-0.0150569808,-0.0003002491,-0.1263815165,-0.0466167815
20.3856658936,-0.0076846117,-0.0205128118,-0.0180033576,0.0080887079,-0.1114390492,-0.0444878489
20.3957443237,-0.0077571506,-0.0199856088,-0.0268691909,0.0122004952,-0.0955091566,-0.0476646721
20.4054985046,-0.0097360248,-0.0165033266,-0.0358576924,0.0014455859,-0.0870935693,-0.0444723405
20.4155654907,-0.0068141455,-0.0149234161,-0.0420626551,-0.012536143,-0.076625146,-0.0476492904
20.4256706238,0.001048184,-0.0103944167,-0.0435136706,-0.0243912041,-0.0650497153,-0.0465787016
20.43592453,0.0108749634,-0.0028975236,-0.04118146,-0.0319128223,-0.0598247275,-0.0486968458
20.4458446503,0.0158472434,-0.0002971517,-0.042834416,-0.0224162564,-0.0491446517,-0.0508175194
20.4558105469,0.0277037993,0.0042267214,-0.0474280268,-0.0171955042,-0.0373922549,-0.0455041118
20.4659576416,0.0376417413,0.0106776431,-0.0540225655,-0.003471435,-0.0224101115,-0.0444383137
20.4761829376,0.0387552157,0.0064805518,-0.0548553616,-0.0036053928,-0.0085333101,-0.0316904299
20.4860687256,0.0428062454,0.0101372972,-0.0558101088,0.0036567813,0.0128212469,-0.0210636184
20.49609375,0.0390049592,0.0149044171,-0.0550260693,-0.0029617865,0.035171628,-0.0019389933
20.5062389374,0.0303006545,0.0198381022,-0.0544992834,-0.0170491096,0.0574492365,0.0161262937
20.516456604,0.0176555291,0.022078611,-0.0493631512,-0.0354257748,0.081782937,0.0299474336
20.5263786316,0.0059782034,0.019633092,-0.044535771,-0.0591300353,0.1050099581,0.0437684394
20.5363731384,-0.003720128,0.0173306242,-0.039948836,-0.0710390806,0.1219333559,0.0512111112
20.5464820862,-0.012444579,0.0180255547,-0.0315915495,-0.0679942891,0.137917906,0.0575891137
20.5567302704,-0.0162407979,0.0177347437,-0.0232930314,-0.0531506315,0.1475690752,0.0533436388
20.5665817261,-0.017013751,0.0016827357,-0.0187512767,-0.0264942497,0.1487177014,0.0310396627
20.5766296387,-0.0176642761,-0.0107014403,-0.01413895,-0.0040854272,0.1477000266,0.0076739532
20.5867824554,-0.0211248025,-0.0078421459,-0.01236297,0.0204494763,0.1477967054,-0.0103828115
20.5970458984,-0.025485836,-0.0051596393,-0.008566035,0.0268271342,0.1487978548,-0.0284364484
20.606842041,-0.0317022428,-0.0064975251,0.0010756123,0.0204153098,0.1486242265,-0.0464854911
